1205.8961113745681,9.09776983414209e-163
1205.996111374568,1.4736563001018825e-162
1206.096111374568,2.3862805347420407e-162
1206.1961113745679,3.8628765215193664e-162
1206.2961113745678,6.251211416718582e-162
1206.3961113745677,1.011303666761071e-161
1206.4961113745676,1.6355469312922462e-161
1206.5961113745675,2.6442862877804647e-161
1206.6961113745674,4.273837142990826e-161
1206.7961113745673,6.905442272663791e-161
1206.8961113745672,1.1153959488099087e-160
1206.9961113745671,1.8010702816861873e-160
1207.096111374567,2.907343133367098e-160
1207.196111374567,4.6916537870801805e-160
1207.2961113745669,7.568671486935665e-160
1207.3961113745668,1.2206113050211833e-159
1207.4961113745667,1.967882457809459e-159
1207.5961113745666,3.171647799805444e-159
1207.6961113745665,5.110163414540568e-159
1207.7961113745664,8.230925220359762e-159
1207.8961113745663,1.3253377170930567e-158
1207.9961113745662,2.1333813429085716e-158
1208.0961113745661,3.433005203732077e-158
1208.196111374566,5.522611138621482e-158
1208.296111374566,8.881340097760804e-158
1208.3961113745659,1.4278302259393953e-157
1208.4961113745658,2.29476742053308e-157
1208.5961113745657,3.686929330518966e-157
1208.6961113745656,5.921817034822666e-157
1208.7961113745655,9.508438248561855e-157
1208.8961113745654,1.5262561591833288e-156
1208.9961113745653,2.449117956573573e-156
1209.0961113745652,3.928764611624993e-156
1209.1961113745651,6.300374277349713e-156
1209.296111374565,1.0100450020990632e-155
1209.396111374565,1.6187475796042792e-155
1209.4961113745649,2.5934720615887746e-155
1209.5961113745648,4.153823600206474e-155
1209.6961113745647,6.6508715280587185e-155
1209.7961113745646,1.0645672510625652e-154
1209.8961113745645,1.7034589755189042e-154
1209.9961113745644,2.7249233447826434e-154
1210.0961113745643,4.35753550133815e-154
1210.1961113745642,6.966130599811289e-154
1210.2961113745641,1.113284914642334e-153
1210.396111374564,1.7786277754074577e-153
1210.496111374564,2.840716210773086e-153
1210.5961113745639,4.535599126054569e-153
1210.6961113745638,7.239448951147652e-153
1210.7961113745637,1.1551553421881345e-152
1210.8961113745636,1.842634955144878e-152
1210.9961113745635,2.9383413985279753e-152
1211.0961113745634,4.6841331979184375e-152
1211.1961113745633,7.464835678077296e-152
1211.2961113745632,1.1892558649419498e-151
1211.3961113745631,1.8940628475343575e-151
1211.496111374563,3.0156261640252672e-151
1211.596111374563,4.799816714134561e-151
1211.6961113745629,7.637229449492558e-151
1211.7961113745628,1.214817549366742e-150
1211.8961113745627,1.9317472805218507e-150
1211.9961113745626,3.070814592282231e-150
1212.0961113745625,4.880012288311769e-150
1212.1961113745624,7.752687335294327e-150
1212.2961113745623,1.2312540066652544e-149
1212.3961113745622,1.9548213697127337e-149
1212.4961113745621,3.1026338974707795e-149
1212.596111374562,4.922866083082312e-149
1212.696111374562,7.808534696118265e-149
1212.7961113745619,1.2381837519716035e-148
1212.8961113745618,1.962748665754218e-148
1212.9961113745617,3.110343216475287e-148
1213.0961113745616,4.927379046292498e-148
1213.1961113745615,7.803468179308157e-148
1213.2961113745614,1.2354449228465e-147
1213.3961113745613,1.9553438868525954e-147
1213.4961113745612,3.0937622840253876e-147
1213.5961113745611,4.8934456285214526e-147
1213.696111374561,7.737606282928068e-147
1213.796111374561,1.2231015641254876e-146
1213.8961113745609,1.9327801175681796e-146
1213.9961113745608,3.0532784396148526e-146
1214.0961113745607,4.821857886716648e-146
1214.1961113745606,7.612484748619335e-146
1214.2961113745605,1.20144113836063e-145
1214.3961113745604,1.8955820833259047e-145
1214.4961113745603,2.989831585889839e-145
1214.5961113745602,4.7142747511583436e-145
1214.6961113745601,7.430997033424772e-145
1214.79611137456,1.1709633969912e-144
1214.89611137456,1.844605865558408e-144
1214.9961113745599,2.904877914145657e-144
1215.0961113745598,4.5731581209163284e-144
1215.1961113745597,7.197283082601845e-144
1215.2961113745596,1.1323612138563896e-143
1215.3961113745595,1.7810061524726681e-143
1215.4961113745594,2.8003343518041933e-143
1215.5961113745593,4.401679225199771e-143
1215.6961113745592,6.916572373706813e-143
1215.7961113745591,1.0864944074438278e-142
1215.896111374559,1.706192774720601e-142
1215.996111374559,2.678506690882965e-142
1216.0961113745589,4.2036002231443314e-142
1216.1961113745588,6.594989539535407e-142
1216.2961113745587,1.034357932557332e-141
1216.3961113745586,1.621778809718889e-141
1216.4961113745585,2.5420051584996673e-141
1216.5961113745584,3.983137211130968e-141
1216.6961113745583,6.23933265105666e-141
1216.7961113745582,9.770460830232275e-141
1216.8961113745581,1.529522919006771e-140
1216.996111374558,2.3936517402215876e-140
1217.096111374558,3.7448115913663026e-140
1217.1961113745579,5.856835345038001e-140
1217.2961113745578,9.157144994489183e-140
1217.3961113745577,1.431268788473934e-139
1217.4961113745576,2.236383835006347e-139
1217.5961113745575,3.49329708823476e-139
1217.6961113745574,5.454924362729842e-139
1217.7961113745573,8.51541813453458e-139
1217.8961113745572,1.3288845641616923e-138
1217.9961113745571,2.0731587994535287e-138
1218.096111374557,3.233269575821718e-138
1218.196111374557,5.0409837303906915e-138
1218.2961113745569,7.856926847328822e-138
1218.3961113745568,1.2242050234018046e-137
1218.4961113745567,1.9068636441005972e-137
1218.5961113745566,2.9692663313331286e-137
1218.6961113745565,4.622135818230626e-137
1218.7961113745564,7.192838106570143e-137
1218.8961113745563,1.1189789119576606e-136
1218.9961113745562,1.7402336104061057e-136
1219.0961113745561,2.7055604158768648e-136
1219.196111374556,4.2050479663977016e-136
1219.296111374556,6.533542277332846e-136
1219.3961113745559,1.0148234428280897e-135
1219.4961113745558,1.5757826346171568e-135
1219.5961113745557,2.4460546906521834e-135
1219.6961113745556,3.795771404888076e-135
1219.7961113745555,5.888409032394437e-135
1219.8961113745554,9.131874292038307e-135
1219.9961113745553,1.4157478554119217e-134
1220.0961113745552,2.1941986028981433e-134
1220.1961113745551,3.399616980021678e-134
1220.296111374555,5.265602595903186e-134
1220.396111374555,8.153239543304173e-134
1220.4961113745549,1.2620494125344386e-133
1220.5961113745548,1.9529294277494327e-133
1220.6961113745547,3.0210699011944523e-133
1220.7961113745546,4.6719591008467506e-133
1220.8961113745545,7.222729065542021e-133
1220.9961113745544,1.1162658792244657e-132
1221.0961113745543,1.724638232185592e-132
1221.1961113745542,2.6637434982716687e-132
1221.2961113745541,4.112925375012318e-132
1221.396111374554,6.348531671773686e-132
1221.496111374554,9.796248316624586e-132
1221.5961113745539,1.5111595271471922e-131
1221.6961113745538,2.3303699725475475e-131
1221.7961113745537,3.592555379720655e-131
1221.8961113745536,5.536637644692262e-131
1221.9961113745535,8.530073330999791e-131
1222.0961113745534,1.3137824676652372e-130
1222.1961113745533,2.0228244435268367e-130
1222.2961113745532,3.113557981817667e-130
1222.3961113745531,4.790929236857233e-130
1222.496111374553,7.369645346996139e-130
1222.596111374553,1.1332806008095753e-129
1222.6961113745529,1.7421773154079445e-129
1222.7961113745528,2.6773878498977127e-129
1222.8961113745527,4.113336654431126e-129
1222.9961113745526,6.317441904473824e-129
1223.0961113745525,9.699565760283167e-129
1223.1961113745524,1.4887691488625693e-128
1223.2961113745523,2.284370078699597e-128
1223.3961113745522,3.504044390293782e-128
1223.4961113745521,5.373246560468911e-128
1223.596111374552,8.236979273630592e-128
1223.696111374552,1.2623018269858474e-127
1223.7961113745519,1.933848652429704e-127
1223.8961113745518,2.9617322019302416e-127
1223.9961113745517,4.534538840932038e-127
1224.0961113745516,6.940399964988517e-127
1224.1961113745515,1.0619398184451675e-126
1224.2961113745514,1.624349000850166e-126
1224.3961113745513,2.4838354413046064e-126
1224.4961113745512,3.7969102138583774e-126
1224.5961113745511,5.802322570101671e-126
1224.696111374551,8.864157096760792e-126
1224.796111374551,1.353745585515107e-125
1224.8961113745509,2.0668106764802312e-125
1224.9961113745508,3.1544843196918016e-125
1225.0961113745507,4.813046786594222e-125
1225.1961113745506,7.341348275059148e-125
1225.2961113745505,1.1194265563850662e-124
1225.3961113745504,1.7063944004163776e-124
1225.4961113745503,2.6003227931519067e-124
1225.5961113745502,3.961312844089796e-124
1225.6961113745501,6.032746205587375e-124
1225.79611137455,9.184489077196484e-124
1225.89611137455,1.3978448881843965e-123
1225.9961113745499,2.126801691224926e-123
1226.0961113745498,3.2348864823842446e-123
1226.1961113745497,4.918754274064505e-123
1226.2961113745496,7.47679103216104e-123
1226.3961113745495,1.1361597304043142e-122
1226.4961113745494,1.7259474774354872e-122
1226.5961113745493,2.621077078551021e-122
1226.6961113745492,3.979202523242233e-122
1226.7961113745491,6.039157108064913e-122
1226.896111374549,9.162640479908034e-122
1226.996111374549,1.3897254100840211e-121
1227.0961113745489,2.10717878036246e-121
1227.1961113745488,3.1940212697468496e-121
1227.2961113745487,4.839920826364007e-121
1227.3961113745486,7.331667222542288e-121
1227.4961113745485,1.1102768012091022e-120
1227.5961113745484,1.6808301136130902e-120
1227.6961113745483,2.5437850392310246e-120
1227.7961113745482,3.848584541215345e-120
1227.8961113745481,5.820840339649393e-120
1227.996111374548,8.801047744558603e-120
1228.096111374548,1.3302923713788365e-119
1228.1961113745479,2.0101286706425918e-119
1228.2961113745478,3.0364396173451203e-119
1228.3961113745477,4.585318147280723e-119
1228.4961113745476,6.922107392021983e-119
1228.5961113745475,1.0446510023064925e-118
1228.6961113745474,1.5760433235242028e-118
1228.7961113745473,2.3769996160431753e-118
1228.8961113745472,3.583885328789211e-118
1228.9961113745471,5.401857618903966e-118
1229.096111374547,8.139471264943554e-118
1229.196111374547,1.2260644197115126e-117
1229.2961113745469,1.846266622056534e-117
1229.3961113745468,2.779326581169508e-117
1229.4961113745467,4.182623540678861e-117
1229.5961113745466,6.2924823729847395e-117
1229.6961113745465,9.463663107025994e-117
1229.7961113745464,1.4228547544029119e-116
1229.8961113745463,2.1385819693938108e-116
1229.9961113745462,3.2133295379897357e-116
1230.0961113745461,4.826681761082639e-116
1230.196111374546,7.24779828939685e-116
1230.296111374546,1.0879966666259973e-115
1230.3961113745459,1.632725084742606e-115
1230.4961113745458,2.449416276100882e-115
1230.5961113745457,3.67346720737421e-115
1230.6961113745456,5.507490656226539e-115
1230.7961113745455,8.254588051656927e-115
1230.8961113745454,1.2368045485708187e-114
1230.9961113745453,1.8525535766213085e-114
1231.0961113745452,2.7739875886210123e-114
1231.1961113745451,4.152429657524822e-114
1231.296111374545,6.213897548548529e-114
1231.396111374545,9.295867540228216e-114
1231.4961113745449,1.3902080488146702e-113
1231.5961113745448,2.0784218733145666e-113
1231.6961113745447,3.106358987684854e-113
1231.7961113745446,4.6412356230294205e-113
1231.8961113745445,6.932336315670392e-113
1231.9961113745444,1.0351175327615345e-112
1232.0961113745443,1.5451254262600494e-112
1232.1961113745442,2.30569494572323e-112
1232.2961113745441,3.439568711257031e-112
1232.396111374544,5.129442496214077e-112
1232.496111374544,7.647163489946043e-112
1232.5961113745439,1.139710681488212e-111
1232.6961113745438,1.698059468231275e-111
1232.7961113745437,2.5291536061583946e-111
1232.8961113745436,3.765837288440388e-111
1232.9961113745435,5.605468674452098e-111
1233.0961113745434,8.341157892546917e-111
1233.1961113745433,1.2408085809348463e-110
1233.2961113745432,1.8452162391624952e-110
1233.3961113745431,2.743176689396598e-110
1233.496111374543,4.076846210319504e-110
1233.596111374543,6.057018639473276e-110
1233.6961113745429,8.996167335538483e-110
1233.7961113745428,1.3357345936318256e-109
1233.8961113745427,1.9826536605441756e-109
1233.9961113745426,2.9419654790222816e-109
1234.0961113745425,4.364076173212886e-109
1234.1961113745424,6.471591653134703e-109
1234.2961113745423,9.593872085463486e-109
1234.3961113745422,1.4218074157868507e-108
1234.4961113745421,2.106452450657798e-108
1234.596111374542,3.1197987449956585e-108
1234.696111374542,4.619186865894868e-108
1234.7961113745419,6.837046255400161e-108
1234.8961113745418,1.0116622350989593e-107
1234.9961113745417,1.4964650979230545e-107
1235.0961113745416,2.2128994455317207e-107
1235.1961113745415,3.271303222617001e-107
1235.2961113745414,4.834415311778145e-107
1235.3961113745413,7.142185830908202e-107
1235.4961113745412,1.0548297467845789e-106
1235.5961113745411,1.557390873106158e-106
1235.696111374541,2.2986715229644923e-106
1235.796111374541,3.3917219323857047e-106
1235.8961113745409,5.002966532615498e-106
1235.9961113745408,7.377326242076631e-106
1236.0961113745407,1.0875128940068391e-105
1236.1961113745406,1.6026322360089756e-105
1236.2961113745405,2.3610075022739163e-105
1236.3961113745404,3.4771617522429205e-105
1236.4961113745403,5.1193692375221275e-105
1236.5961113745402,7.534805545773731e-105
1236.6961113745401,1.1086428919245632e-104
1236.79611137454,1.6307047593822597e-104
1236.89611137454,2.3978556455800088e-104
1236.9961113745399,3.524802305008217e-104
1237.0961113745398,5.179770608674058e-104
1237.1961113745397,7.609398421434428e-104
1237.2961113745396,1.1175170418039319e-103
1237.3961113745395,1.6406729551054105e-103
1237.4961113745394,2.407985777717225e-103
1237.5961113745393,3.53305053638494e-103
1237.6961113745392,5.182148039607073e-103
1237.7961113745391,7.598604054416219e-103
1237.896111374539,1.1138375334548304e-102
1237.996111374539,1.6322020371365087e-102
1238.0961113745389,2.39105747995184e-102
1238.1961113745388,3.5016291677101638e-102
1238.2961113745387,5.126421596492609e-102
1238.3961113745386,7.502785352967183e-102
1238.4961113745385,1.097728040261781e-101
1238.5961113745384,1.605576591454194e-101
1238.6961113745383,2.3476390848318165e-101
1238.7961113745382,3.4315921732692554e-101
1238.8961113745381,5.0144584806202364e-101
1238.996111374538,7.325148689137704e-101
1239.096111374538,1.0697268170009042e-100
1239.1961113745378,1.561684700793664e-100
1239.2961113745378,2.279175993861142e-100
1239.3961113745377,3.325266077190288e-100
1239.4961113745376,4.849969144610331e-100
1239.5961113745375,7.071565741066825e-100
1239.6961113745374,1.0307568377258041e-99
1239.7961113745373,1.5019687593700287e-99
1239.8961113745372,2.187910781425259e-99
1239.9961113745371,3.186121630300763e-99
1240.096111374537,4.638303123823434e-99
1240.196111374537,6.750251243832176e-99
1240.2961113745368,9.820752845257771e-99
1240.3961113745368,1.428346777077866e-98
1240.4961113745367,2.076761244779974e-98
1240.5961113745366,3.018585738888035e-98
1240.6961113745365,4.3861602520558793e-98
1240.7961113745364,6.371321315141955e-98
1240.8961113745363,9.252062424234472e-98
1240.9961113745362,1.3431101609796298e-97
1241.0961113745361,1.9491656479765747e-97
1241.196111374536,2.827807856071921e-97
1241.296111374536,4.1012389979085565e-97
1241.3961113745358,5.946265462891648e-97
1241.4961113745358,8.618616232636398e-97
1241.5961113745357,1.2488055667130953e-96
1241.6961113745356,1.8089065975163343e-96
1241.7961113745355,2.619398010212008e-96
1241.8961113745354,3.7918476305803295e-96
1241.9961113745353,5.4873706450525384e-96
1242.0961113745352,7.938560291680605e-96
1242.1961113745351,1.1481092954195441e-95
1242.296111374535,1.6599260956833548e-95
1242.396111374535,2.3991549931445052e-95
1242.4961113745348,3.4665054924035223e-95
1242.5961113745348,5.0071374506596774e-95
1242.6961113745347,7.230214268134721e-95
1242.7961113745346,1.043702818105651e-94
1242.8961113745345,1.5061442847229105e-94
1242.9961113745344,2.1728029085433522e-94
1243.0961113745343,3.1335607846174504e-94
1243.1961113745342,4.517726618523251e-94
1243.2961113745341,6.511271493239569e-94
1243.396111374534,9.381573705630709e-94
1243.496111374534,1.3512932880127736e-93
1243.5961113745338,1.9457524144997675e-93
1243.6961113745338,2.8008481911935594e-93
1243.7961113745337,4.030469102928952e-93
1243.8961113745336,5.7980993945221565e-93
1243.9961113745335,8.338342876772956e-93
1244.0961113745334,1.198775550822598e-92
1244.1961113745333,1.7228998689209383e-92
1244.2961113745332,2.475404823265342e-92
1244.3961113745331,3.555465439206615e-92
1244.496111374533,5.105176058218492e-92
1244.596111374533,7.32806005878949e-92
1244.6961113745328,1.0515534437147422e-91
1244.7961113745328,1.5084735992309495e-91
1244.8961113745327,2.1632569676289764e-91
1244.9961113745326,3.101291168927637e-91
1245.0961113745325,4.444685205507901e-91
1245.1961113745324,6.368006621883047e-91
1245.2961113745323,9.120739227636068e-91
1245.3961113745322,1.3059321248442096e-90
1245.4961113745321,1.8692836416733977e-90
1245.596111374532,2.6748155502293553e-90
1245.696111374532,3.8262778794297015e-90
1245.7961113745318,5.4717117224220264e-90
1245.8961113745318,7.8222905575214725e-90
1245.9961113745317,1.117914817807736e-89
1246.0961113745316,1.5971566551890226e-89
1246.1961113745315,2.2811316593016702e-89
1246.2961113745314,3.256995978634418e-89
1246.3961113745313,4.648877756499298e-89
1246.4961113745312,6.633505053234924e-89
1246.5961113745311,9.46241597285592e-89
1246.696111374531,1.3493513297142064e-88
1246.796111374531,1.923588094857905e-88
1246.8961113745308,2.7413415806597685e-88
1246.9961113745308,3.905514551184056e-88
1247.0961113745307,5.562338322227101e-88
1247.1961113745306,7.919551275748957e-88
1247.2961113745305,1.127217657085198e-87
1247.3961113745304,1.6039064168540446e-87
1247.4961113745303,2.2814675733714358e-87
1247.5961113745302,3.2442447452316527e-87
1247.6961113745301,4.6118688974133465e-87
1247.79611137453,6.553968201329343e-87
1247.89611137453,9.310987436005166e-87
1247.9961113745298,1.3223645102671345e-86
1248.0961113745298,1.8774598718577604e-86
1248.1961113745297,2.6647359149844608e-86
1248.2961113745296,3.780956850797222e-86
1248.3961113745295,5.363067964433377e-86
1248.4961113745294,7.604819560358222e-86
1248.5961113745293,1.0780243263309985e-85
1248.6961113745292,1.5276794687972495e-85
1248.7961113745291,2.1642127767270652e-85
1248.896111374529,3.065008653779552e-85
1248.996111374529,4.339378043915766e-85
1249.0961113745288,6.14168167667724e-85
1249.1961113745288,8.68982745013833e-85
1249.2961113745287,1.2291334460741602e-84
1249.3961113745286,1.738004728798171e-84
1249.4961113745285,2.4567836025667006e-84
1249.5961113745284,3.471737573109063e-84
1249.6961113745283,4.9044567408959385e-84
1249.7961113745282,6.926262718156909e-84
1249.8961113745281,9.778473131590547e-84
1249.996111374528,1.380089229951602e-83
1250.096111374528,1.9471854710592954e-83
1250.1961113745278,2.746448804259849e-83
1250.2961113745278,3.872574033819636e-83
1250.3961113745277,5.4587346556355024e-83
1250.4961113745276,7.692159358338641e-83
1250.5961113745275,1.083598999807611e-82
1250.6961113745274,1.5259944420160737e-82
1250.7961113745273,2.1483317255155017e-82
1250.8961113745272,3.0235264056652386e-82
1250.9961113745271,4.2539288670476265e-82
1251.096111374527,5.983161351942511e-82
1251.196111374527,8.412696862386742e-82
1251.2961113745268,1.1825072145895851e-81
1251.3961113745268,1.6616379093897215e-81
1251.4961113745267,2.334172877501149e-81
1251.5961113745266,3.277884741623051e-81
1251.6961113745265,4.601700747618347e-81
1251.7961113745264,6.458134722734209e-81
1251.8961113745263,9.060660590595659e-81
1251.9961113745262,1.270798394762375e-80
1252.0961113745261,1.781793977703044e-80
1252.196111374526,2.4974819012277088e-80
1252.296111374526,3.499542292269103e-80
1252.3961113745258,4.902122693403897e-80
1252.4961113745258,6.86469333878842e-80
1252.5961113745257,9.609972372481501e-80
1252.6961113745256,1.3448912589633731e-79
1252.7961113745255,1.881552048449931e-79
1252.8961113745254,2.6315361224152062e-79
1252.9961113745253,3.6793107466929913e-79
1253.0961113745252,5.142657908488209e-79
1253.1961113745251,7.185762127400633e-79
1253.296111374525,1.0037419400399384e-78
1253.396111374525,1.4016363087315585e-78
1253.4961113745248,1.956647719877577e-78
1253.5961113745248,2.730574165132588e-78
1253.6961113745247,3.8094242880730325e-78
1253.7961113745246,5.312864622229202e-78
1253.8961113745245,7.407338420738378e-78
1253.9961113745244,1.0324277226543451e-77
1254.0961113745243,1.4385374160719324e-77
1254.1961113745242,2.0037646042200847e-77
1254.2961113745241,2.79020602937966e-77
1254.396111374524,3.8840953142561925e-77
1254.496111374524,5.405147110191978e-77
1254.5961113745238,7.51950395330121e-77
1254.6961113745238,1.0457669182484928e-76
1254.7961113745237,1.4539338249723194e-76
1254.8961113745236,2.0207771158282353e-76
1254.9961113745235,2.807735697719325e-76
1255.0961113745234,3.8999412617611534e-76
1255.1961113745233,5.415317721561693e-76
1255.2961113745232,7.517161002404552e-76
1255.3961113745231,1.0431524820123929e-75
1255.496111374523,1.4471240899143227e-75
1255.596111374523,2.0069094798117798e-75
1255.6961113745228,2.782363255993857e-75
1255.7961113745228,3.8562386945964757e-75
1255.8961113745227,5.342911993341269e-75
1255.9961113745226,7.400416571905718e-75
1256.0961113745225,1.0247038008061207e-74
1256.1961113745224,1.418419068096496e-74
1256.2961113745223,1.962794392479324e-74
1256.3961113745222,2.7152454210186647e-74
1256.4961113745221,3.7549780716562265e-74
1256.596111374522,5.191223822157426e-74
1256.696111374522,7.174574288659174e-74
1256.7961113745218,9.912576530309371e-74
1256.8961113745218,1.3691183888906136e-73
1256.9961113745217,1.8904251550710242e-73
1257.0961113745216,2.6094080956730182e-73
1257.1961113745215,3.60071341744896e-73
1257.2961113745214,4.967056983756556e-73
1257.3961113745213,6.849734866526711e-73
1257.4961113745212,9.443052722303583e-73
1257.5961113745211,1.3014128815462232e-72
1257.696111374521,1.793006324974061e-72
1257.796111374521,2.469520159504181e-72
1257.8961113745208,3.4002227109712036e-72
1257.9961113745208,4.680219110141461e-72
1258.0961113745207,6.440047062742786e-72
1258.1961113745206,8.858821080665264e-72
1258.2961113745205,1.2182231650130199e-71
1258.3961113745204,1.6747184713062077e-71
1258.4961113745203,2.3015520502615315e-71
1258.5961113745202,3.162014269265763e-71
1258.6961113745201,4.3428105444243925e-71
1258.79611137452,5.962686493585223e-71
1258.89611137452,8.184216347696037e-71
1258.9961113745198,1.1229909615262874e-70
1259.0961113745198,1.5404210834677748e-70
1259.1961113745197,2.1123539013279896e-70
1259.2961113745196,2.8957291765481675e-70
1259.3961113745195,3.968379857273196e-70
1259.4961113745194,5.4366648968331863e-70
1259.5961113745193,7.445878188891935e-70
1259.6961113745192,1.019443879941406e-69
1259.7961113745191,1.3953229988615415e-69
1259.896111374519,1.909194682740172e-69
1259.996111374519,2.6114980950971783e-69
1260.0961113745188,3.5710279090366106e-69
1260.1961113745188,4.881584475789667e-69
1260.2961113745187,6.671022535142972e-69
1260.3961113745186,9.113559641467352e-69
1260.4961113745185,1.2446513260833344e-68
1260.5961113745184,1.6993052768656658e-68
1260.6961113745183,2.3193118112954795e-68
1260.7961113745182,3.16454231380107e-68
1260.8961113745181,4.316449937432743e-68
1260.996111374518,5.885814130004688e-68
1261.096111374518,8.023251611105228e-68
1261.1961113745178,1.0933477473747897e-67
1261.2961113745177,1.489464822807862e-67
1261.3961113745177,2.028458938585074e-67
1261.4961113745176,2.7616346599010237e-67
1261.5961113745175,3.758635941121096e-67
1261.6961113745174,5.113971856528305e-67
1261.7961113745173,6.955853696009768e-67
1261.8961113745172,9.458158284053705e-67
1261.996111374517,1.2856618303124207e-66
1262.096111374517,1.7470726174701274e-66
1262.196111374517,2.3733358374862334e-66
1262.2961113745168,3.2230828639705674e-66
1262.3961113745167,4.375702418489988e-66
1262.4961113745167,5.938655333589673e-66
1262.5961113745166,8.057354947192856e-66
1262.6961113745165,1.0928508766017248e-65
1262.7961113745164,1.4818128201851575e-65
1262.8961113745163,2.0085831935781147e-65
1262.9961113745162,2.7217631817564855e-65
1263.096111374516,3.6870147849048333e-65
1263.196111374516,4.993021741045631e-65
1263.296111374516,6.759523291555805e-65
1263.3961113745158,9.148138148224255e-65
1263.4961113745157,1.2376943079486038e-64
1263.5961113745157,1.6740102263693344e-64
1263.6961113745156,2.2634288833543238e-64
1263.7961113745155,3.059423753047209e-64
1263.8961113745154,4.1340568878841705e-64
1263.9961113745153,5.584410007889158e-64
1264.0961113745152,7.54122986314806e-64
1264.196111374515,1.0180546557575896e-63
1264.296111374515,1.3739282198797754e-63
1264.396111374515,1.8536213674152701e-63
1264.4961113745148,2.500011716988911e-63
1264.5961113745147,3.3707542821574703e-63
1264.6961113745147,4.54334984533823e-63
1264.7961113745146,6.121943227852436e-63
1264.8961113745145,8.246438983943404e-63
1264.9961113745144,1.1104720596589422e-62
1265.0961113745143,1.4949024563335755e-62
1265.1961113745142,2.0117875164427407e-62
1265.296111374514,2.706545896904741e-62
1265.396111374514,3.6400949917463472e-62
1265.496111374514,4.894113894081933e-62
1265.5961113745138,6.578084688065781e-62
1265.6961113745137,8.838709956733426e-62
1265.7961113745137,1.1872504388504438e-61
1265.8961113745136,1.594262492011154e-61
1265.9961113745135,2.1401359002507393e-61
1266.0961113745134,2.8720163611783534e-61
1266.1961113745133,3.8529777476754086e-61
1266.2961113745132,5.167376737300388e-61
1266.396111374513,6.927998491840387e-61
1266.496111374513,9.285589427606086e-61
1266.596111374513,1.2441570453767167e-60
1266.6961113745128,1.666498638729578e-60
1266.7961113745127,2.2315095872922218e-60
1266.8961113745127,2.9871469278165864e-60
1266.9961113745126,3.997407711887104e-60
1267.0961113745125,5.347666818436222e-60
1267.1961113745124,7.151782035265321e-60
1267.2961113745123,9.56154850845356e-60
1267.3961113745122,1.2779275388487267e-59
1267.496111374512,1.707451039623253e-59
1267.596111374512,2.2806273243372572e-59
1267.696111374512,3.0452603021370103e-59
1267.7961113745118,4.064981305268617e-59
1267.8961113745117,5.42446258399124e-59
1267.9961113745117,7.236339216737932e-59
1268.0961113745116,9.650396334902337e-59
1268.1961113745115,1.286575913391641e-58
1268.2961113745114,1.7147061950120656e-58
1268.3961113745113,2.2845888405506068e-58
1268.4961113745112,3.042919189730626e-58
1268.596111374511,4.051695702287696e-58
1268.696111374511,5.3932090702923945e-58
1268.796111374511,7.176649322307735e-58
1268.8961113745108,9.546852848141234e-58
1268.9961113745107,1.2695878728405673e-57
1269.0961113745107,1.687832464174011e-57
1269.1961113745106,2.2431583900032726e-57
1269.2961113745105,2.9802629134458607e-57
1269.3961113745104,3.95834141576212e-57
1269.4961113745103,5.255765212632908e-57
1269.5961113745102,6.976260601196381e-57
1269.69611137451,9.257068314488296e-57
1269.79611137451,1.2279714670005423e-56
1269.89611137451,1.628422582716171e-56
1269.9961113745098,2.1587879787510617e-56
1270.0961113745097,2.860993685936789e-56
1270.1961113745097,3.7904244207000224e-56
1270.2961113745096,5.020220783062414e-56
1270.3961113745095,6.646941046740251e-56
1270.4961113745094,8.798018489670104e-56
1270.5961113745093,1.1641580551858136e-55
1270.6961113745092,1.5399373709010435e-55
1270.796111374509,2.0363770937210486e-55
1270.896111374509,2.692014418893564e-55
1270.996111374509,3.557628487071443e-55
1271.0961113745088,4.700108029055282e-55
1271.1961113745087,6.207534184425467e-55
1271.2961113745087,8.195858154200065e-55
1271.3961113745086,1.0817671293960272e-54
1271.4961113745085,1.4273719631384102e-54
1271.5961113745084,1.8828016788217083e-54
1271.6961113745083,2.4827673503925938e-54
1271.7961113745082,3.2728907450725954e-54
1271.896111374508,4.31311486517503e-54
1271.996111374508,5.68217459758505e-54
1272.096111374508,7.483455113223439e-54
1272.1961113745078,9.852666338143228e-54
1272.2961113745077,1.2967893253711955e-53
1272.3961113745077,1.706275331577715e-53
1272.4961113745076,2.2443616071314625e-53
1272.5961113745075,2.951213192064221e-53
1272.6961113745074,3.879469751195398e-53
1272.7961113745073,5.0980981239178845e-53
1272.8961113745072,6.697427855751798e-53
1272.996111374507,8.795730858143463e-53
1273.096111374507,1.1547815947820257e-52
1273.196111374507,1.5156251687817996e-52
1273.2961113745068,1.9886016604271437e-52
1273.3961113745067,2.6083617356363926e-52
1273.4961113745067,3.4202029491746376e-52
1273.5961113745066,4.483322368942215e-52
1273.6961113745065,5.8750570968178875e-52
1273.7961113745064,7.69641096369112e-52
1273.8961113745063,1.0079255197475151e-51
1273.9961113745062,1.3195707088848658e-51
1274.096111374506,1.7270341527471984e-51
1274.196111374506,2.2596086001266886e-51
1274.296111374506,2.955490350834857e-51
1274.3961113745058,3.86446969875895e-51
1274.4961113745057,5.051429552634958e-51
1274.5961113745057,6.600893545135128e-51
1274.6961113745056,8.622936554401425e-51
1274.7961113745055,1.1260863297175625e-50
1274.8961113745054,1.4701180699671335e-50
1274.9961113745053,1.918654510460045e-50
1275.0961113745052,2.503256634811046e-50
1275.196111374505,3.264961065260631e-50
1275.296111374505,4.2571080304786217e-50
1275.396111374505,5.549008236934242e-50
1275.4961113745048,7.23069597771134e-50
1275.5961113745047,9.419088281308802e-50
1275.6961113745047,1.226596347110933e-49
1275.7961113745046,1.5968293277699149e-49
1275.8961113745045,2.0781618479298824e-49
1275.9961113745044,2.7037359053637362e-49
1276.0961113745043,3.5165209019256364e-49
1276.1961113745042,4.5722100260222356e-49
1276.296111374504,5.942965018167073e-49
1276.396111374504,7.72225626892438e-49
1276.496111374504,1.003111662559192e-48
1276.5961113745038,1.3026219237498316e-48
1276.6961113745037,1.6910308110101576e-48
1276.7961113745037,2.1945662287460922e-48
1276.8961113745036,2.8471470393625614e-48
1276.9961113745035,3.692624401783169e-48
1277.0961113745034,4.7876722003813447e-48
1277.1961113745033,6.20551334537931e-48
1277.2961113745032,8.040722126613907e-48
1277.396111374503,1.0415411370661873e-47
1277.496111374503,1.348720116590032e-47
1277.596111374503,1.7459478859497463e-47
1277.6961113745028,2.259460490583929e-47
1277.7961113745027,2.9230904927535435e-47
1277.8961113745027,3.7804526510276095e-47
1277.9961113745026,4.887754445923789e-47
1278.0961113745025,6.317408924469439e-47
1278.1961113745024,8.1626774111195e-47
1278.2961113745023,1.0543633741294438e-46
1278.3961113745022,1.3614823723300858e-46
1278.496111374502,1.7575098510950947e-46
1278.596111374502,2.2680234835500242e-46
1278.696111374502,2.9259126717742098e-46
1278.7961113745018,3.773455270871961e-46
1278.8961113745017,4.864980308349729e-46
1278.9961113745017,6.270280954895119e-46
1279.0961113745016,8.078987734061646e-46
1279.1961113745015,1.040617033496317e-45
1279.2961113745014,1.3399510886064164e-45
1279.3961113745013,1.7248486578379757e-45
1279.4961113745012,2.2196120714650605e-45
1279.596111374501,2.8554015757109344e-45
1279.696111374501,3.6721578840432555e-45
1279.796111374501,4.721060106151974e-45
1279.8961113745008,6.067667133265897e-45
1279.9961113745007,7.795931233326211e-45
1280.0961113745007,1.0013324378968554e-44
1280.1961113745006,1.2857383699934203e-44
1280.2961113745005,1.6504066231902533e-44
1280.3961113745004,2.11784096617353e-44
1280.4961113745003,2.7168131176776494e-44
1280.5961113745002,3.484096858613978e-44
1280.6961113745,4.466678644461156e-44
1280.7961113745,5.724574745222899e-44
1280.8961113745,7.334420172529213e-44
1280.9961113744998,9.394039363991126e-44
1281.0961113744997,1.202826531500345e-43
1281.1961113744997,1.5396345780142433e-43
1281.2961113744996,1.9701366359967505e-43
1281.3961113744995,2.5202235864402504e-43
1281.4961113744994,3.222892577174831e-43
1281.5961113744993,4.120184105801274e-43
1281.6961113744992,5.265643447988793e-43
1281.796111374499,6.727447359274842e-43
1281.896111374499,8.592374582626282e-43
1281.996111374499,1.0970846258514747e-42
1282.0961113744988,1.4003322477630544e-42
1282.1961113744987,1.786841724034612e-42
1282.2961113744987,2.279319015330498e-42
1282.3961113744986,2.9066194546111594e-42
1282.4961113744985,3.7054014935533615e-42
1282.5961113744984,4.722222021879103e-42
1282.6961113744983,6.016190311192049e-42
1282.7961113744982,7.662328433984136e-42
1282.896111374498,9.755824850657642e-42
1282.996111374498,1.2417416827083756e-41
1283.096111374498,1.5800199062730354e-41
1283.1961113744978,2.009823366775086e-41
1283.2961113744977,2.555743456362577e-41
1283.3961113744977,3.2489322691541287e-41
1283.4961113744976,4.1288403618503534e-41
1283.5961113744975,5.245411441960173e-41
1283.6961113744974,6.661853235672288e-41
1283.7961113744973,8.458134675114297e-41
1283.8961113744972,1.0735398371083906e-40
1283.996111374497,1.3621526126625212e-40
1284.096111374497,1.7278156535453954e-40
1284.196111374497,2.1909530674117998e-40
1284.2961113744968,2.7773638515788264e-40
1284.3961113744967,3.519625994586067e-40
1284.4961113744966,4.458864637535787e-40
1284.5961113744966,5.6469779720824324e-40
1284.6961113744965,7.1494384694017924e-40
1284.7961113744964,9.048817010312185e-40
1284.8961113744963,1.144921504317518e-39
1284.9961113744962,1.4481836934889434e-39
1285.096111374496,1.8311993575878452e-39
1285.196111374496,2.314790201694808e-39
1285.296111374496,2.9251738153769228e-39
1285.3961113744958,3.69535148488169e-39
1285.4961113744957,4.666850214663718e-39
1285.5961113744956,5.891908657211158e-39
1285.6961113744956,7.436219184593732e-39
1285.7961113744955,9.382366484869399e-39
1285.8961113744954,1.1834138219126435e-38
1285.9961113744953,1.4921927158182337e-38
1286.0961113744952,1.8809498982136295e-38
1286.196111374495,2.370246824649096e-38
1286.296111374495,2.9858910223102847e-38
1286.396111374495,3.760264255026747e-38
1286.4961113744948,4.73398430166135e-38
1286.5961113744947,5.957983474813363e-38
1286.6961113744946,7.496107550396806e-38
1286.7961113744946,9.428364357013745e-38
1286.8961113744945,1.1854983110516662e-37
1286.9961113744944,1.4901485191815221e-37
1287.0961113744943,1.8725016337923109e-37
1287.1961113744942,2.3522251482602684e-37
1287.296111374494,2.953925963843835e-37
1287.396111374494,3.708381084388259e-37
1287.496111374494,4.6540724750557676e-37
1287.5961113744938,5.839100640085686e-37
1287.6961113744937,7.3235695956330845e-37
1287.7961113744936,9.182558401439848e-37
1287.8961113744936,1.1509822312473614e-36
1287.9961113744935,1.4422401208675226e-36
1288.0961113744934,1.8066355852305078e-36
1288.1961113744933,2.2623905679023905e-36
1288.2961113744932,2.8322307685816653e-36
1288.396111374493,3.544489754357943e-36
1288.496111374493,4.434481504775619e-36
1288.596111374493,5.546206100961602e-36
1288.6961113744928,6.934468733799347e-36
1288.7961113744927,8.667511334063562e-36
1288.8961113744926,1.083027977846201e-35
1288.9961113744926,1.3528478859549747e-35
1289.0961113744925,1.689360333042243e-35
1289.1961113744924,2.1089177955529094e-35
1289.2961113744923,2.6318494597580157e-35
1289.3961113744922,3.2834202385379493e-35
1289.496111374492,4.0950190938529137e-35
1289.596111374492,5.105631016259431e-35
1289.696111374492,6.363659781026402e-35
1289.7961113744918,7.929184340845202e-35
1289.8961113744917,9.87675111327474e-35
1289.9961113744916,1.2298828318946976e-34
1290.0961113744916,1.5310077958224552e-34
1290.1961113744915,1.905263724880801e-34
1290.2961113744914,2.370264594249678e-34
1290.3961113744913,2.947831080691393e-34
1290.4961113744912,3.6649866041074255e-34
1290.596111374491,4.555187136525604e-34
1290.696111374491,5.659839150676995e-34
1290.796111374491,7.03017261075243e-34
1290.8961113744908,8.729551298962312e-34
1290.9961113744907,1.0836321669944467e-33
1291.0961113744906,1.3447324622431575e-33
1291.1961113744906,1.668222304235705e-33
1291.2961113744905,2.068883288819745e-33
1291.3961113744904,2.5649688405966218e-33
1291.4961113744903,3.1790124547811666e-33
1291.5961113744902,3.938822398717959e-33
1291.69611137449,4.878705491617835e-33
1291.79611137449,6.04097223021124e-33
1291.89611137449,7.47778734062102e-33
1291.9961113744898,9.253444293119249e-33
1292.0961113744897,1.1447160002336075e-32
1292.1961113744896,1.415650756522842e-32
1292.2961113744896,1.7501631333302773e-32
1292.3961113744895,2.1630420935105467e-32
1292.4961113744894,2.672486035201404e-32
1292.5961113744893,3.3008816378397073e-32
1292.6961113744892,4.0757589681503714e-32
1292.796111374489,5.030962354766512e-32
1292.896111374489,6.208085309447195e-32
1292.996111374489,7.658228469096812e-32
1293.0961113744888,9.444152575013351e-32
1293.1961113744887,1.1642914403240955e-31
1293.2961113744886,1.434909293117497e-31
1293.3961113744886,1.7678736621865796e-31
1293.4961113744885,2.177419144070358e-31
1293.5961113744884,2.6810004195980774e-31
1293.6961113744883,3.3000138357676033e-31
1293.7961113744882,4.060679128570137e-31
1293.896111374488,4.995116476344244e-31
1293.996111374488,6.142661727642214e-31
1294.096111374488,7.551471949692351e-31
1294.1961113744878,9.280484744247122e-31
1294.2961113744877,1.1401808501725905e-30
1294.3961113744876,1.4003637426238221e-30
1294.4961113744876,1.7193805385264815e-30
1294.5961113744875,2.110411717075293e-30
1294.6961113744874,2.5895625512514416e-30
1294.7961113744873,3.176505825930014e-30
1294.8961113744872,3.895264386554128e-30
1294.996111374487,4.7751636296334435e-30
1295.096111374487,5.8519904626013265e-30
1295.196111374487,7.169403029343645e-30
1295.2961113744868,8.780644900947632e-30
1295.3961113744867,1.075062880894697e-29
1295.4961113744866,1.3158468760565146e-29
1295.5961113744866,1.6100556016309888e-29
1295.6961113744865,1.9694294525130242e-29
1295.7961113744864,2.4082635718279903e-29
1295.8961113744863,2.943958192343749e-29
1295.9961113744862,3.597686311466459e-29
1296.096111374486,4.3952034511768416e-29
1296.196111374486,5.367829418848057e-29
1296.296111374486,6.553638215068069e-29
1296.3961113744858,7.998899747717975e-29
1296.4961113744857,9.759826068762823e-29
1296.5961113744856,1.1904685765161931e-28
1296.6961113744856,1.4516363284620861e-28
1296.7961113744855,1.7695455812638906e-28
1296.8961113744854,2.1564019381882614e-28
1296.9961113744853,2.6270098838941677e-28
1297.0961113744852,3.1993203897140754e-28
1297.196111374485,3.895092670237773e-28
1297.296111374485,4.7406936252426025e-28
1297.396111374485,5.7680632980872065e-28
1297.4961113744848,7.015880445196143e-28
1297.5961113744847,8.530969233573601e-28
1297.6961113744846,1.0369996394576834e-27
1297.7961113744846,1.2601518137791581e-27
1297.8961113744845,1.5308448098012712e-27
1297.9961113744844,1.8591031944593975e-27
1298.0961113744843,2.257043149604911e-27
1298.1961113744842,2.73930418154925e-27
1298.296111374484,3.323568948507274e-27
1298.396111374484,4.031188987064873e-27
1298.496111374484,4.8879376647038775e-27
1298.5961113744838,5.9249159298914046e-27
1298.6961113744837,7.179641510186775e-27
1298.7961113744836,8.697358284235206e-27
1298.8961113744836,1.0532609818451178e-26
1298.9961113744835,1.2751129743595484e-26
1299.0961113744834,1.543211202415242e-26
1299.1961113744833,1.8670936570369277e-26
1299.2961113744832,2.2582440446922888e-26
1299.396111374483,2.7304842604806275e-26
1299.496111374483,3.300445115288896e-26
1299.596111374483,3.9881307344873025e-26
1299.6961113744828,4.8175950461131275e-26
1299.7961113744827,5.81775235337744e-26
1299.8961113744826,7.023348249059478e-26
1299.9961113744826,8.476122207699366e-26
1300.0961113744825,1.022619923946687e-25
1300.1961113744824,1.2333755189858551e-25
1300.2961113744823,1.4871008838579081e-25
1300.3961113744822,1.7924604145903263e-25
1300.496111374482,2.159845811978547e-25
1300.596111374482,2.6017164192460747e-25
1300.696111374482,3.133005812812276e-25
1300.7961113744818,3.7716073838766945e-25
1300.8961113744817,4.5389540661381e-25
1300.9961113744816,5.460710235368117e-25
1301.0961113744816,6.567597213391162e-25
1301.1961113744815,7.89637785115834e-25
1301.2961113744814,9.491030459875413e-25
1301.3961113744813,1.14041480435672e-24
1301.4961113744812,1.369860552400456e-24
1301.596111374481,1.644954563196409e-24
1301.696111374481,1.974674359434535e-24
1301.796111374481,2.3697421942518255e-24
1301.8961113744808,2.8429600019188558e-24
1301.9961113744807,3.409607844125361e-24
1302.0961113744806,4.0879177323223034e-24
1302.1961113744806,4.899636899639641e-24
1302.2961113744805,5.870697188159078e-24
1302.3961113744804,7.032010280382589e-24
1302.4961113744803,8.420412121880856e-24
1302.5961113744802,1.0079784154440873e-23
1302.69611137448,1.2062384022126115e-23
1302.79611137448,1.4430424363516557e-23
1302.89611137448,1.725794532299319e-23
1302.9961113744798,2.0633034691384186e-23
1303.0961113744797,2.4660459343626403e-23
1303.1961113744796,2.946478313895249e-23
1303.2961113744796,3.51940599933142e-23
1303.3961113744795,4.2024206782997246e-23
1303.4961113744794,5.016417951328635e-23
1303.5961113744793,5.986209827959516e-23
1303.6961113744792,7.141249253835413e-23
1303.796111374479,8.516486876772489e-23
1303.896111374479,1.0153383852614499e-22
1303.996111374479,1.210110871370168e-22
1304.0961113744788,1.4417951282552805e-22
1304.1961113744787,1.71729924377524e-22
1304.2961113744786,2.0448075376435764e-22
1304.3961113744786,2.4340132041568e-22
1304.4961113744785,2.8963927795053617e-22
1304.5961113744784,3.4455298456206375e-22
1304.6961113744783,4.0974966765569987e-22
1304.7961113744782,4.871304049894893e-22
1304.896111374478,5.7894312222027605e-22
1304.996111374478,6.878450148087781e-22
1305.096111374478,8.169760457957172e-22
1305.1961113744778,9.700454559921435e-22
1305.2961113744777,1.1514335565755682e-21
1305.3961113744776,1.3663114640395719e-21
1305.4961113744776,1.6207818933246232e-21
1305.5961113744775,1.9220446577234537e-21
1305.6961113744774,2.2785911465541016e-21
1305.7961113744773,2.7004327784578717e-21
1305.8961113744772,3.1993692767432737e-21
1305.996111374477,3.7893036034958694e-21
1306.096111374477,4.4866115444755784e-21
1306.196111374477,5.310575284154885e-21
1306.2961113744768,6.283891880980954e-21
1306.3961113744767,7.433269383479573e-21
1306.4961113744766,8.790125460380743e-21
1306.5961113744765,1.0391405901510603e-20
1306.6961113744765,1.228054323751699e-20
1306.7961113744764,1.450857909134794e-20
1306.8961113744763,1.7135477788980205e-20
1306.9961113744762,2.0231663309392844e-20
1307.096111374476,2.3879816946337295e-20
1307.196111374476,2.817697920518276e-20
1307.296111374476,3.32370066037019e-20
1307.3961113744758,3.9193442344073096e-20
1307.4961113744757,4.620286945726681e-20
1307.5961113744756,5.444882620131584e-20
1307.6961113744755,6.41463764654523e-20
1307.7961113744755,7.5547442974071e-20
1307.8961113744754,8.894702852265886e-20
1307.9961113744753,1.0469047068681488e-19
1308.0961113744752,1.231818988573329e-19
1308.196111374475,1.448940895670518e-19
1308.296111374475,1.7037994746284516e-19
1308.396111374475,2.0028587559987572e-19
1308.4961113744748,2.3536734075658344e-19
1308.5961113744747,2.7650698806440584e-19
1308.6961113744746,3.24735715424509e-19
1308.7961113744745,3.8125718310528917e-19
1308.8961113744745,4.474763089131225e-19
1308.9961113744744,5.250323859386348e-19
1309.0961113744743,6.1583755986354085e-19
1309.1961113744742,7.221215181931843e-19
1309.296111374474,8.464833768811238e-19
1309.396111374474,9.919519033019802e-19
1309.496111374474,1.162055391467463e-18
1309.5961113744738,1.3609027092784402e-18
1309.6961113744737,1.5932772724869454e-18
1309.7961113744736,1.8647459705177424e-18
1309.8961113744735,2.181785380654369e-18
1309.9961113744735,2.5519279653784557e-18
1310.0961113744734,2.9839313597915693e-18
1310.1961113744733,3.4879743299726294e-18
1310.2961113744732,4.0758835278979315e-18
1310.396111374473,4.761395794543738e-18
1310.496111374473,5.560461481856774e-18
1310.596111374473,6.491595089956593e-18
1310.6961113744728,7.576280463695908e-18
1310.7961113744727,8.839438880211866e-18
1310.8961113744726,1.0309969606512061e-17
1310.9961113744725,1.202137393645129e-17
1311.0961113744725,1.4012475355904107e-17
1311.1961113744724,1.6328250363422052e-17
1311.2961113744723,1.9020786625269384e-17
1311.3961113744722,2.2150387607282813e-17
1311.496111374472,2.5786845645699978e-17
1311.596111374472,3.0010908645299715e-17
1311.696111374472,3.4915969283143817e-17
1311.7961113744718,4.0610009815052e-17
1311.8961113744717,4.721784040377203e-17
1311.9961113744716,5.4883674396790176e-17
1312.0961113744715,6.37740902735181e-17
1312.1961113744715,7.408143716488688e-17
1312.2961113744714,8.60277490464241e-17
1312.3961113744713,9.986924205877085e-17
1312.4961113744712,1.159014800760298e-16
1312.596111374471,1.3446530580246752e-16
1312.696111374471,1.5595364853600263e-16
1312.796111374471,1.80819335523956e-16
1312.8961113744708,2.0958405181476725e-16
1312.9961113744707,2.4284861397531923e-16
1313.0961113744706,2.813047463331649e-16
1313.1961113744705,3.257485748960121e-16
1313.2961113744705,3.7709608422713273e-16
1313.3961113744704,4.364008168004697e-16
1313.4961113744703,5.048741332722845e-16
1313.5961113744702,5.839083963070646e-16
1313.69611137447,6.751034907845787e-16
1313.79611137447,7.802971501824714e-16
1313.89611137447,9.01599623566882e-16
1313.9961113744698,1.0414332909376512e-15
1314.0961113744697,1.202577917799302e-15
1314.1961113744696,1.3882223340416378e-15
1314.2961113744695,1.6020234289550249e-15
1314.3961113744695,1.8481734750963274e-15
1314.4961113744694,2.1314769305868256e-15
1314.5961113744693,2.4574380243185554e-15
1314.6961113744692,2.8323606037783614e-15
1314.796111374469,3.26346192336906e-15
1314.896111374469,3.759002275132592e-15
1314.996111374469,4.3284326169398945e-15
1315.0961113744688,4.982562639191795e-15
1315.1961113744687,5.733752034006081e-15
1315.2961113744686,6.596128095390009e-15
1315.3961113744685,7.585833190216637e-15
1315.4961113744685,8.721306103774462e-15
1315.5961113744684,1.002360178677966e-14
1315.6961113744683,1.1516754620357515e-14
1315.7961113744682,1.3228190979817235e-14
1315.896111374468,1.5189197626247285e-14
1315.996111374468,1.7435453297323162e-14
1316.096111374468,2.0007631816743284e-14
1316.1961113744678,2.2952086108237686e-14
1316.2961113744677,2.632162369950268e-14
1316.3961113744676,3.017638564973878e-14
1316.4961113744675,3.4584842349634414e-14
1316.5961113744675,3.9624921344645034e-14
1316.6961113744674,4.538528424359227e-14
1316.7961113744673,5.196677191982556e-14
1316.8961113744672,5.948403961922749e-14
1316.996111374467,6.806740628911533e-14
1317.096111374467,7.786494546904836e-14
1317.196111374467,8.90448484770731e-14
1317.2961113744668,1.0179809442571059e-13
1317.3961113744667,1.1634146585852716e-13
1317.4961113744666,1.3292095356327953e-13
1317.5961113744665,1.5181559945009113e-13
1317.6961113744665,1.7334183234820557e-13
1317.7961113744664,1.978583582450458e-13
1317.8961113744663,2.2577167394705372e-13
1317.9961113744662,2.5754228147246856e-13
1318.096111374466,2.9369168979087065e-13
1318.196111374466,3.3481030091285983e-13
1318.296111374466,3.8156628892744584e-13
1318.3961113744658,4.347155935195454e-13
1318.4961113744657,4.951131639248248e-13
1318.5961113744656,5.637256053594045e-13
1318.6961113744655,6.416453978807101e-13
1318.7961113744655,7.301068775954592e-13
1318.8961113744654,8.305041923552506e-13
1318.9961113744653,9.444114688166563e-13
1319.0961113744652,1.0736054552646404e-12
1319.196111374465,1.2200909352067817e-12
1319.296111374465,1.3861292407744385e-12
1319.396111374465,1.5742702327827179e-12
1319.4961113744648,1.787388156309011e-12
1319.5961113744647,2.0287218272960754e-12
1319.6961113744646,2.3019196574624977e-12
1319.7961113744645,2.6110900822514744e-12
1319.8961113744645,2.9608580202655732e-12
1319.9961113744644,3.3564280632751152e-12
1320.0961113744643,3.803655174173297e-12
1320.1961113744642,4.309123756974754e-12
1320.296111374464,4.880236058986846e-12
1320.396111374464,5.5253109715824405e-12
1320.496111374464,6.253694413618796e-12
1320.5961113744638,7.075882611632241e-12
1320.6961113744637,8.003659734757978e-12
1320.7961113744636,9.05025150126322e-12
1320.8961113744635,1.023049654915908e-11
1320.9961113744635,1.156103755723751e-11
1321.0961113744634,1.306053431688178e-11
1321.1961113744633,1.4749901191120687e-11
1321.2961113744632,1.665257165781033e-11
1321.396111374463,1.87947929209273e-11
1321.496111374463,2.120595389033327e-11
1321.596111374463,2.391895017888269e-11
1321.6961113744628,2.6970590149485944e-11
1321.7961113744627,3.0402046467108276e-11
1321.8961113744626,3.4259358075366336e-11
1321.9961113744625,3.859398802842003e-11
1322.0961113744625,4.3463443170626915e-11
1322.1961113744624,4.893196227372259e-11
1322.2961113744623,5.5071279919305816e-11
1322.3961113744622,6.196147415882113e-11
1322.496111374462,6.969190680019564e-11
1322.596111374462,7.836226606648412e-11
1322.696111374462,8.80837223546253e-11
1322.7961113744618,9.898020889954295e-11
1322.8961113744617,1.1118984032899474e-10
1322.9961113744616,1.2486648338699965e-10
1323.0961113744615,1.401814955185273e-10
1323.1961113744615,1.5732564855625935e-10
1323.2961113744614,1.7651125644356203e-10
1323.3961113744613,1.979745277790629e-10
1323.4961113744612,2.21978165991382e-10
1323.596111374461,2.488142421625092e-10
1323.696111374461,2.7880736793139935e-10
1323.796111374461,3.1231819854293945e-10
1323.8961113744608,3.4974729898062007e-10
1323.9961113744607,3.9153940925424294e-10
1324.0961113744606,4.381881483290445e-10
1324.1961113744605,4.902411999032613e-10
1324.2961113744605,5.483060272931549e-10
1324.3961113744604,6.13056169095261e-10
1324.4961113744603,6.852381720949295e-10
1324.5961113744602,7.656792231098763e-10
1324.69611137446,8.552955471316859e-10
1324.79611137446,9.551016452942268e-10
1324.89611137446,1.066220452894673e-09
1324.9961113744598,1.1898945049636138e-09
1325.0961113744597,1.3274982047701006e-09
1325.1961113744596,1.4805512992054306e-09
1325.2961113744595,1.6507336742672337e-09
1325.3961113744595,1.8399015939198826e-09
1325.4961113744594,2.0501055164978632e-09
1325.5961113744593,2.2836096346099007e-09
1325.6961113744592,2.5429132972617775e-09
1325.796111374459,2.830774486718192e-09
1325.896111374459,3.150235537546803e-09
1325.996111374459,3.5046513014142616e-09
1326.0961113744588,3.897719978623386e-09
1326.1961113744587,4.333516856187473e-09
1326.2961113744586,4.816531212532834e-09
1326.3961113744585,5.351706670811958e-09
1326.4961113744585,5.944485306409422e-09
1326.5961113744584,6.600855839656068e-09
1326.6961113744583,7.327406272157242e-09
1326.7961113744582,8.131381354630542e-09
1326.896111374458,9.020745305878132e-09
1326.996111374458,1.0004250236644378e-08
1327.096111374458,1.1091510768792405e-08
1327.1961113744578,1.2293085379648204e-08
1327.2961113744577,1.362056504368415e-08
1327.3961113744576,1.508666978914599e-08
1327.4961113744575,1.6705353835964976e-08
1327.5961113744575,1.8491920033553684e-08
1327.6961113744574,2.0463144373095586e-08
1327.7961113744573,2.263741140892596e-08
1327.8961113744572,2.5034861487834025e-08
1327.996111374457,2.7677550753841287e-08
1328.096111374457,3.058962496951305e-08
1328.196111374457,3.379750827343226e-08
1328.2961113744568,3.7330108077397767e-08
1328.3961113744567,4.1219037396542784e-08
1328.4961113744566,4.5498856001217117e-08
1328.5961113744565,5.020733188150014e-08
1328.6961113744564,5.538572462397415e-08
1328.7961113744564,6.107909241626434e-08
1328.8961113744563,6.733662451824836e-08
1328.9961113744562,7.421200117015738e-08
1329.096111374456,8.176378304747753e-08
1329.196111374456,9.005583252104403e-08
1329.296111374456,9.915776913848216e-08
1329.3961113744558,1.0914546191065986e-07
1329.4961113744557,1.2010156116457656e-07
1329.5961113744556,1.3211607291263926e-07
1329.6961113744555,1.4528697888810073e-07
1329.7961113744554,1.5972090560811317e-07
1329.8961113744554,1.755338460499185e-07
1329.9961113744553,1.9285193776279319e-07
1330.0961113744552,2.118123014890148e-07
1330.196111374455,2.3256394463200072e-07
1330.296111374455,2.5526873418945813e-07
1330.396111374455,2.8010244406455127e-07
1330.4961113744548,3.0725588197937454e-07
1330.5961113744547,3.3693610154308247e-07
1330.6961113744546,3.693677053725431e-07
1330.7961113744545,4.047942455270336e-07
1330.8961113744544,4.4347972790096064e-07
1330.9961113744544,4.857102276205968e-07
1331.0961113744543,5.317956229129695e-07
1331.1961113744542,5.820714553582106e-07
1331.296111374454,6.369009249013006e-07
1331.396111374454,6.966770284861795e-07
1331.496111374454,7.618248516851458e-07
1331.5961113744538,8.32804023230044e-07
1331.6961113744537,9.10111342909698e-07
1331.7961113744536,9.942835938808387e-07
1331.8961113744535,1.0859005510482237e-06
1331.9961113744534,1.1855881978042082e-06
1332.0961113744534,1.294022164079294e-06
1332.1961113744533,1.4119313993436998e-06
1332.2961113744532,1.5401020949163063e-06
1332.396111374453,1.6793818706816998e-06
1332.496111374453,1.830684242089071e-06
1332.596111374453,1.9949933841086245e-06
1332.6961113744528,2.1733692096521487e-06
1332.7961113744527,2.366952780824912e-06
1332.8961113744526,2.5769720722658455e-06
1332.9961113744525,2.804748106752433e-06
1333.0961113744524,3.0517014841955746e-06
1333.1961113744524,3.3193593261278177e-06
1333.2961113744523,3.6093626587955435e-06
1333.3961113744522,3.923474259001415e-06
1333.496111374452,4.263586987907436e-06
1333.596111374452,4.6317326391000816e-06
1333.696111374452,5.030091328337139e-06
1333.7961113744518,5.4610014535395794e-06
1333.8961113744517,5.92697025475979e-06
1333.9961113744516,6.430685005049259e-06
1334.0961113744515,6.975024864361783e-06
1334.1961113744514,7.563073429861885e-06
1334.2961113744514,8.198132017259063e-06
1334.3961113744513,8.883733709056672e-06
1334.4961113744512,9.623658206884598e-06
1334.596111374451,1.0421947526377833e-05
1334.696111374451,1.1282922574363043e-05
1334.796111374451,1.2211200649420543e-05
1334.8961113744508,1.3211713908197101e-05
1334.9961113744507,1.4289728841149156e-05
1335.0961113744506,1.545086680269558e-05
1335.1961113744505,1.6701125642048328e-05
1335.2961113744504,1.804690248226274e-05
1335.3961113744504,1.9495017696302884e-05
1335.4961113744503,2.1052740130147695e-05
1335.5961113744502,2.2727813624159577e-05
1335.69611137445,2.452848488509997e-05
1335.79611137445,2.6463532762293602e-05
1335.89611137445,2.8542298982511412e-05
1335.9961113744498,3.077472039915304e-05
1336.0961113744497,3.317136281225709e-05
1336.1961113744496,3.574345641673993e-05
1336.2961113744495,3.850293293705986e-05
1336.3961113744494,4.146246450720498e-05
1336.4961113744494,4.4635504355511716e-05
1336.5961113744493,4.803632935431703e-05
1336.6961113744492,5.1680084494831e-05
1336.796111374449,5.558282934786568e-05
1336.896111374449,5.9761586571175874e-05
1336.996111374449,6.423439252413e-05
1337.0961113744488,6.902035005023552e-05
1337.1961113744487,7.413968348767954e-05
1337.2961113744486,7.961379596749238e-05
1337.3961113744485,8.546532905819779e-05
1337.4961113744484,9.171822481485989e-05
1337.5961113744484,9.839779028926014e-05
1337.6961113744483,0.00010553076455652962
1337.7961113744482,0.00011314538831190728
1337.896111374448,0.00012127147608937457
1337.996111374448,0.00012994049115173107
1338.096111374448,0.0001391856230991931
1338.1961113744478,0.0001490418682408262
1338.2961113744477,0.00015954611277002077
1338.3961113744476,0.00017073721878180893
1338.4961113744475,0.0001826561131660485
1338.5961113744474,0.00019534587940639735
1338.6961113744474,0.0002088518523105015
1338.7961113744473,0.0002232217156919704
1338.8961113744472,0.0002385056030194482
1338.996111374447,0.0002547562010424277
1339.096111374447,0.00027202885639738216
1339.196111374447,0.0002903816851912773
1339.2961113744468,0.0003098756855525861
1339.3961113744467,0.0003305748531325425
1339.4961113744466,0.0003525462995315133
1339.5961113744465,0.0003758603736170654
1339.6961113744464,0.0004005907856915228
1339.7961113744464,0.00042681473445754125
1339.8961113744463,0.0004546130367204905
1339.9961113744462,0.00048407025975620983
1340.096111374446,0.0005152748562619817
1340.196111374446,0.0005483193017973589
1340.296111374446,0.0005833002346098023
1340.3961113744458,0.0006203185977278901
1340.4961113744457,0.0006594797831922046
1340.5961113744456,0.000700893778280873
1340.6961113744455,0.0007446753135731118
1340.7961113744454,0.000790944012680082
1340.8961113744454,0.000839824543457829
1340.9961113744453,0.0008914467705021593
1341.0961113744452,0.0009459459087099077
1341.196111374445,0.001003462677675342
1341.296111374445,0.001064143456674245
1341.396111374445,0.001128140439971794
1341.4961113744448,0.0011956117921734862
1341.5961113744447,0.0012667218033212677
1341.6961113744446,0.0013416410434196353
1341.7961113744445,0.0014205465160588553
1341.8961113744444,0.0015036218107846553
1341.9961113744444,0.001591057253845741
1342.0961113744443,0.0016830500569324461
1342.1961113744442,0.0017798044635016564
1342.296111374444,0.001881531892265
1342.396111374444,0.001988451077399138
1342.496111374444,0.002100788205018974
1342.5961113744438,0.002218777045436695
1342.6961113744437,0.0023426590807118786
1342.7961113744436,0.0024726836269803993
1342.8961113744435,0.002609107951032931
1342.9961113744434,0.002752197380596982
1343.0961113744434,0.0029022254077603095
1343.1961113744433,0.0030594737849578262
1343.2961113744432,0.003224232612929119
1343.396111374443,0.003396800420039264
1343.496111374443,0.0035774842323421925
1343.596111374443,0.00376659963375299
1343.6961113744428,0.003964470815683911
1343.7961113744427,0.0041714306154880375
1343.8961113744426,0.004387820543044955
1343.9961113744425,0.004613990794814384
1344.0961113744424,0.004850300254676584
1344.1961113744424,0.005097116480872585
1344.2961113744423,0.005354815678353043
1344.3961113744422,0.005623782655841752
1344.496111374442,0.005904410766918803
1344.596111374442,0.0061971018344289495
1344.696111374442,0.006502266057523304
1344.7961113744418,0.006820321900646707
1344.8961113744417,0.007151695963789581
1344.9961113744416,0.007496822833331352
1345.0961113744415,0.007856144912813194
1345.1961113744414,0.00823011223299042
1345.2961113744414,0.008619182240530106
1345.3961113744413,0.009023819564736673
1345.4961113744412,0.00944449576170819
1345.596111374441,0.009881689035348196
1345.696111374441,0.010335883934682866
1345.796111374441,0.010807571026960578
1345.8961113744408,0.01129724654604092
1345.9961113744407,0.011805412015612929
1346.0961113744406,0.012332573846817536
1346.1961113744405,0.01287924290988733
1346.2961113744404,0.013445934079457352
1346.3961113744404,0.014033165753244222
1346.4961113744403,0.014641459343836937
1346.5961113744402,0.01527133874339161
1346.69611137444,0.015923329761073943
1346.79611137444,0.01659795953314745
1346.89611137444,0.01729575590566222
1346.9961113744398,0.018017246789758287
1347.0961113744397,0.01876295948965985
1347.1961113744396,0.01953342000350037
1347.2961113744395,0.020329152297185717
1347.3961113744394,0.021150677551571
1347.4961113744394,0.021998513383298144
1347.5961113744393,0.022873173039713847
1347.6961113744392,0.023775164568362924
1347.796111374439,0.024704989961628742
1347.896111374439,0.025663144277170348
1347.996111374439,0.026650114734886272
1348.0961113744388,0.027666379791215705
1348.1961113744387,0.028712408191670036
1348.2961113744386,0.029788658002570717
1348.3961113744385,0.03089557562305349
1348.4961113744384,0.03203359477848285
1348.5961113744384,0.0332031354965057
1348.6961113744383,0.03440460306705721
1348.7961113744382,0.0356383869877167
1348.896111374438,0.03690485989589491
1348.996111374438,0.038204376489417755
1349.096111374438,0.03953727243715321
1349.1961113744378,0.04090386328140949
1349.2961113744377,0.04230444333391204
1349.3961113744376,0.04373928456724423
1349.4961113744375,0.04520863550371267
1349.5961113744374,0.0467127201036707
1349.6961113744374,0.048251736655404685
1349.7961113744373,0.049825856668754755
1349.8961113744372,0.051435223774706225
1349.996111374437,0.053079952633248766
1350.096111374437,0.05476012785185674
1350.196111374437,0.05647580291699754
1350.2961113744368,0.05822699914112259
1350.3961113744367,0.06001370462763958
1350.4961113744366,0.061835873256403016
1350.5961113744365,0.0636934236922937
1350.6961113744364,0.06558623841948563
1350.7961113744364,0.06751416280402085
1350.8961113744363,0.06947700418732936
1350.9961113744362,0.07147453101334061
1351.096111374436,0.07350647199183712
1351.196111374436,0.07557251530069743
1351.296111374436,0.07767230782966597
1351.3961113744358,0.07980545446827
1351.4961113744357,0.0819715174404804
1351.5961113744356,0.08417001568868157
1351.6961113744355,0.08640042430947677
1351.7961113744354,0.08866217404380955
1351.8961113744353,0.09095465082382787
1351.9961113744353,0.09327719537885681
1352.0961113744352,0.09562910290277599
1352.196111374435,0.0980096227850218
1352.296111374435,0.1004179584073511
1352.396111374435,0.10285326700840974
1352.4961113744348,0.1053146596180517
1352.5961113744347,0.10780120106324688
1352.6961113744346,0.11031191004730248
1352.7961113744345,0.11284575930400165
1352.8961113744344,0.11540167582813482
1352.9961113744343,0.11797854118376505
1353.0961113744343,0.12057519189142697
1353.1961113744342,0.12319041989531165
1353.296111374434,0.12582297311133614
1353.396111374434,0.12847155605683708
1353.496111374434,0.13113483056246322
1353.5961113744338,0.13381141656667267
1353.6961113744337,0.1364998929930648
1353.7961113744336,0.13919879871060045
1353.8961113744335,0.14190663357657968
1353.9961113744334,0.144621859562062
1354.0961113744333,0.14734290195922412
1354.1961113744333,0.1500681506699605
1354.2961113744332,0.1527959615748375
1354.396111374433,0.15552465798131823
1354.496111374433,0.15825253214997967
1354.596111374433,0.16097784689724734
1354.6961113744328,0.16369883727297735
1354.7961113744327,0.1664137123110212
1354.8961113744326,0.16912065685071373
1354.9961113744325,0.17181783342703463
1355.0961113744324,0.1745033842270023
1355.1961113744323,0.17717543310967523
1355.2961113744323,0.17983208768695033
1355.3961113744322,0.18247144146217156
1355.496111374432,0.18509157602338722
1355.596111374432,0.18769056328792513
1355.696111374432,0.19026646779479453
1355.7961113744318,0.192817349041264
1355.8961113744317,0.19534126385981876
1355.9961113744316,0.19783626883155664
1356.0961113744315,0.20030042273194928
1356.1961113744314,0.20273178900476907
1356.2961113744313,0.20512843825986704
1356.3961113744313,0.20748845079037861
1356.4961113744312,0.2098099191048379
1356.596111374431,0.21209095046959395
1356.696111374431,0.21432966945684542
1356.796111374431,0.21652422049354575
1356.8961113744308,0.2186727704063754
1356.9961113744307,0.22077351095793596
1357.0961113744306,0.2228246613692892
1357.1961113744305,0.22482447082394513
1357.2961113744304,0.22677122094839688
1357.3961113744303,0.22866322826430444
1357.4961113744303,0.2304988466074474
1357.5961113744302,0.2322764695085982
1357.69611137443,0.2339945325315068
1357.79611137443,0.23565151556324646
1357.89611137443,0.2372459450522353
1357.9961113744298,0.238776396189328
1358.0961113744297,0.2402414950274652
1358.1961113744296,0.24163992053547106
1358.2961113744295,0.2429704065817048
1358.3961113744294,0.2442317438433999
1358.4961113744293,0.24542278163766265
1358.5961113744293,0.24654242967025095
1358.6961113744292,0.247589659698414
1358.796111374429,0.24856350710424455
1358.896111374429,0.24946307237517312
1358.996111374429,0.250287522488425
1359.0961113744288,0.25103609219645684
1359.1961113744287,0.25170808521059657
1359.2961113744286,0.2523028752803236
1359.3961113744285,0.2528199071658484
1359.4961113744284,0.25325869750187624
1359.5961113744283,0.2536188355506741
1359.6961113744283,0.2538999838427994
1359.7961113744282,0.25410187870409
1359.896111374428,0.2542243306677647
1359.996111374428,0.25426722477073166
1360.096111374428,0.2542639763483056
1360.1961113744278,0.2542535099291093
1360.2961113744277,0.2542358811681281
1360.3961113744276,0.25421109155523913
1360.4961113744275,0.2541791431853951
1360.5961113744274,0.2541400387583292
1360.6961113744273,0.2540937815781753
1360.7961113744273,0.2540403755530022
1360.8961113744272,0.2539798251942634
1360.996111374427,0.25391213561616227
1361.096111374427,0.2538373125349318
1361.196111374427,0.25375536226803
1361.2961113744268,0.25366629173325145
1361.3961113744267,0.2535701084477533
1361.4961113744266,0.2534668205269985
1361.5961113744265,0.2533564366836143
1361.6961113744264,0.2532389662261675
1361.7961113744263,0.25311441905785603
1361.8961113744263,0.2529828056751177
1361.9961113744262,0.25284413716615567
1362.096111374426,0.2526984252093815
1362.196111374426,0.2525456820717763
1362.296111374426,0.25238592060716925
1362.3961113744258,0.2522191542544348
1362.4961113744257,0.2520453970356088
1362.5961113744256,0.2518646635539234
1362.6961113744255,0.2516769689917617
1362.7961113744254,0.25148232910853197
1362.8961113744253,0.2512807602384626
1362.9961113744253,0.25107227928831727
1363.0961113744252,0.25085690373503183
1363.196111374425,0.2506346516232725
1363.296111374425,0.25040554156291617
1363.396111374425,0.25016959272645345
1363.4961113744248,0.24992682484631487
1363.5961113744247,0.24967725821212064
1363.6961113744246,0.2494209136678545
1363.7961113744245,0.24915781260896253
1363.8961113744244,0.24888797697937706
1363.9961113744243,0.24861142926846655
1364.0961113744243,0.24832819250791194
1364.1961113744242,0.24803829026850996
1364.296111374424,0.24774174665690435
1364.396111374424,0.24743858631224527
1364.496111374424,0.24712883440277766
1364.5961113744238,0.24681251662235934
1364.6961113744237,0.24648965918690938
1364.7961113744236,0.24616028883078744
1364.8961113744235,0.24582443280310493
1364.9961113744234,0.24548211886396842
1365.0961113744233,0.24513337528065635
1365.1961113744233,0.24477823082372951
1365.2961113744232,0.24441671476307614
1365.396111374423,0.24404885686389255
1365.496111374423,0.24367468738259976
1365.596111374423,0.2432942370626971
1365.6961113744228,0.2429075371305536
1365.7961113744227,0.24251461929113807
1365.8961113744226,0.24211551572368806
1365.9961113744225,0.24171025907731963
1366.0961113744224,0.24129888246657774
1366.1961113744223,0.24088141946692854
1366.2961113744223,0.2404579041101946
1366.3961113744222,0.2400283708799337
1366.496111374422,0.23959285470676178
1366.596111374422,0.2391513909636218
1366.696111374422,0.23870401546099845
1366.7961113744218,0.2382507644420801
1366.8961113744217,0.2377916745778689
1366.9961113744216,0.23732678296224016
1367.0961113744215,0.23685612710695103
1367.1961113744214,0.2363797449366006
1367.2961113744213,0.23589767478354176
1367.3961113744213,0.23540995538274556
1367.4961113744212,0.23491662586661957
1367.596111374421,0.2344177257597809
1367.696111374421,0.23391329497378485
1367.796111374421,0.2334033738018103
1367.8961113744208,0.23288800291330272
1367.9961113744207,0.23236722334857585
1368.0961113744206,0.23184107651337305
1368.1961113744205,0.23130960417338922
1368.2961113744204,0.23077284844875476
1368.3961113744203,0.23023085180848152
1368.4961113744203,0.22968365706487337
1368.5961113744202,0.22913130736790072
1368.69611137442,0.22857384619954127
1368.79611137442,0.2280113173680875
1368.89611137442,0.227443765002422
1368.9961113744198,0.2268712335462615
1369.0961113744197,0.22629376775237142
1369.1961113744196,0.22571141267675057
1369.2961113744195,0.2251242136727888
1369.3961113744194,0.22453221638539705
1369.4961113744193,0.2239354667451121
1369.5961113744193,0.22333401096217625
1369.6961113744192,0.22272789552059327
1369.796111374419,0.22211716717216204
1369.896111374419,0.22150187293048826
1369.996111374419,0.220882060064976
1370.0961113744188,0.22025777609479943
1370.1961113744187,0.21962906878285668
1370.2961113744186,0.21899598612970592
1370.3961113744185,0.21835857636748568
1370.4961113744184,0.21771688795381983
1370.5961113744183,0.2170709695657083
1370.6961113744183,0.2164208700934052
1370.7961113744182,0.2157666386342848
1370.896111374418,0.2151083244866967
1370.996111374418,0.2144459771438112
1371.096111374418,0.2137796462874559
1371.1961113744178,0.2131093817819449
1371.2961113744177,0.2124352336679012
1371.3961113744176,0.2117572521560735
1371.4961113744175,0.21107548762114892
1371.5961113744174,0.21038999059556188
1371.6961113744173,0.20970081176330108
1371.7961113744173,0.2090080019537147
1371.8961113744172,0.20831161213531582
1371.996111374417,0.20761169340958843
1372.096111374417,0.2069082970047952
1372.196111374417,0.20620147426978844
1372.2961113744168,0.20549127666782455
1372.3961113744167,0.204777755770384
1372.4961113744166,0.20406096325099665
1372.5961113744165,0.20334095087907456
1372.6961113744164,0.20261777051375257
1372.7961113744163,0.2018914740977381
1372.8961113744163,0.20116211365117076
1372.9961113744162,0.20042974126549307
1373.096111374416,0.1996944090973334
1373.196111374416,0.19895616936240165
1373.296111374416,0.19821507432939908
1373.3961113744158,0.19747117631394315
1373.4961113744157,0.1967245276725082
1373.5961113744156,0.19597518079638304
1373.6961113744155,0.1952231881056467
1373.7961113744154,0.19446860204316244
1373.8961113744153,0.193711475068592
1373.9961113744152,0.1929518596524304
1374.0961113744152,0.1921898082700622
1374.196111374415,0.19142537339584068
1374.296111374415,0.19065860749718985
1374.3961113744149,0.1898895630287315
1374.4961113744148,0.18911829242643693
1374.5961113744147,0.1883448481018053
1374.6961113744146,0.18756928243606844
1374.7961113744145,0.18679164777442397
1374.8961113744144,0.1860119964202971
1374.9961113744143,0.18523038062963168
1375.0961113744142,0.1844468526052121
1375.1961113744142,0.18366146449101625
1375.296111374414,0.18287426836660034
1375.396111374414,0.18208531624151708
1375.4961113744139,0.18129466004976716
1375.5961113744138,0.18050235164428524
1375.6961113744137,0.17970844279146161
1375.7961113744136,0.17891298516569912
1375.8961113744135,0.1781160303440077
1375.9961113744134,0.17731762980063595
1376.0961113744133,0.17651783490174108
1376.1961113744132,0.17571669690009797
1376.2961113744132,0.17491426692984785
1376.396111374413,0.17411059600128742
1376.496111374413,0.17330573499569923
1376.5961113744129,0.1724997346602238
1376.6961113744128,0.17169264560277392
1376.7961113744127,0.17088451828699272
1376.8961113744126,0.17007540302725502
1376.9961113744125,0.16926534998371326
1377.0961113744124,0.1684544091573886
1377.1961113744123,0.16764263038530758
1377.2961113744122,0.166830063335685
1377.3961113744122,0.16601675750315384
1377.496111374412,0.16520276220404262
1377.596111374412,0.1643881265717004
1377.6961113744119,0.16357289955187101
1377.7961113744118,0.16275712989811575
1377.8961113744117,0.161940866167286
1377.9961113744116,0.16112415671504626
1378.0961113744115,0.16030704969144713
1378.1961113744114,0.15948959303655028
1378.2961113744113,0.15867183447610445
1378.3961113744112,0.1578538215172737
1378.4961113744112,0.15703560144441853
1378.596111374411,0.15621722131492946
1378.696111374411,0.1553987279551144
1378.7961113744109,0.15458016795613985
1378.8961113744108,0.1537615876700262
1378.9961113744107,0.1529430332056977
1379.0961113744106,0.15212455042508746
1379.1961113744105,0.15130618493929804
1379.2961113744104,0.15048798210481737
1379.3961113744103,0.14966998701979092
1379.4961113744102,0.1488522445203506
1379.5961113744102,0.1480347991769996
1379.69611137441,0.14721769529105524
1379.79611137441,0.14640097689114823
1379.8961113744099,0.14558468772977998
1379.9961113744098,0.1447688712799376
1380.0961113744097,0.1439535707317672
1380.1961113744096,0.14313882898930513
1380.2961113744095,0.1423246886672682
1380.3961113744094,0.1415111920879022
1380.4961113744093,0.14069838127788992
1380.5961113744092,0.1398862979653178
1380.6961113744092,0.1390749835767022
1380.796111374409,0.13826447923407523
1380.896111374409,0.13745482575212978
1380.9961113744089,0.1366460636354248
1381.0961113744088,0.13583823307565016
1381.1961113744087,0.13503137394895165
1381.2961113744086,0.134225525813316
1381.3961113744085,0.13342072790601617
1381.4961113744084,0.1326170191411166
1381.5961113744083,0.13181443810703936
1381.6961113744082,0.13101302306419002
1381.7961113744082,0.13021281194264434
1381.896111374408,0.12941384233989514
1381.996111374408,0.1286161515186599
1382.0961113744079,0.12781977640474837
1382.1961113744078,0.12702475358499102
1382.2961113744077,0.12623111930522757
1382.3961113744076,0.12543890946835617
1382.4961113744075,0.12464815963244268
1382.5961113744074,0.12385890500889024
1382.6961113744073,0.1230711804606692
1382.7961113744072,0.12228502050060693
1382.8961113744072,0.12150045928973782
1382.996111374407,0.12071753063571306
1383.096111374407,0.11993626799127034
1383.1961113744069,0.1191567044527632
1383.2961113744068,0.11837887275874982
1383.3961113744067,0.11760280528864128
1383.4961113744066,0.11682853406140907
1383.5961113744065,0.11605609073435158
1383.6961113744064,0.11528550660191957
1383.7961113744063,0.11451681259460021
1383.8961113744062,0.11375003927785983
1383.9961113744062,0.11298521685114464
1384.096111374406,0.11222237514693971
1384.196111374406,0.11146154362988592
1384.2961113744059,0.11070275139595409
1384.3961113744058,0.10994602717167686
1384.4961113744057,0.10919139931343741
1384.5961113744056,0.10843889580681514
1384.6961113744055,0.10768854426598773
1384.7961113744054,0.1069403719331896
1384.8961113744053,0.10619440567822623
1384.9961113744052,0.10545067199804418
1385.0961113744052,0.10470919701635639
1385.196111374405,0.10397000648332252
1385.296111374405,0.103233125775284
1385.3961113744049,0.10249857989455326
1385.4961113744048,0.10176639346925725
1385.5961113744047,0.10103659075323435
1385.6961113744046,0.1003091956259845
1385.7961113744045,0.09958423159267253
1385.8961113744044,0.09886172178418372
1385.9961113744043,0.09814168895723156
1386.0961113744042,0.09742415549451736
1386.1961113744042,0.0967091434049411
1386.296111374404,0.09599667432386318
1386.396111374404,0.09528676951341662
1386.4961113744039,0.0945794498628697
1386.5961113744038,0.09387473588903775
1386.6961113744037,0.09317264773674444
1386.7961113744036,0.09247320517933191
1386.8961113744035,0.09177642761921902
1386.9961113744034,0.09108233408850752
1387.0961113744033,0.09039094324963592
1387.1961113744032,0.08970227339607972
1387.2961113744032,0.08901634245309864
1387.396111374403,0.08833316797852972
1387.496111374403,0.08765276716362559
1387.5961113744029,0.08697515683393828
1387.6961113744028,0.08630035345024713
1387.7961113744027,0.08562837310953095
1387.8961113744026,0.0849592315459836
1387.9961113744025,0.08429294413207258
1388.0961113744024,0.08362952587964029
1388.1961113744023,0.08296899144104687
1388.2961113744022,0.08231135511035505
1388.3961113744022,0.08165663082455545
1388.496111374402,0.08100483216483248
1388.596111374402,0.08035597235787019
1388.6961113744019,0.07971006427719729
1388.7961113744018,0.07906712044457104
1388.8961113744017,0.0784271530313994
1388.9961113744016,0.07779017386020086
1389.0961113744015,0.07715619440610148
1389.1961113744014,0.07652522579836833
1389.2961113744013,0.07589727882197925
1389.3961113744012,0.0752723639192279
1389.4961113744012,0.07465049119136381
1389.596111374401,0.07403167040026688
1389.696111374401,0.0734159109701553
1389.7961113744009,0.07280322198932732
1389.8961113744008,0.07219361221193513
1389.9961113744007,0.07158709005979105
1390.0961113744006,0.07098366362420531
1390.1961113744005,0.07038334066785469
1390.2961113744004,0.06978612862668149
1390.3961113744003,0.0691920346118223
1390.4961113744002,0.06860106541156626
1390.5961113744002,0.06801322749334145
1390.6961113744,0.06742852700572982
1390.7961113744,0.06684696978050941
1390.8961113743999,0.0662685613347234
1390.9961113743998,0.06569330687277562
1391.0961113743997,0.06512121128855179
1391.1961113743996,0.06455227916756583
1391.2961113743995,0.06398651478913088
1391.3961113743994,0.06342392212855423
1391.4961113743993,0.06286450485935575
1391.5961113743992,0.06230826635550913
1391.6961113743992,0.06175520969370538
1391.796111374399,0.06120533765563811
1391.896111374399,0.06065865273030977
1391.9961113743989,0.06011515711635859
1392.0961113743988,0.059574852724405464
1392.1961113743987,0.05903774117942006
1392.2961113743986,0.05850382382310603
1392.3961113743985,0.05797310171630421
1392.4961113743984,0.057445575641413685
1392.5961113743983,0.05692124610482988
1392.6961113743982,0.05640011333939927
1392.7961113743982,0.05588217730688991
1392.896111374398,0.05536743770047764
1392.996111374398,0.05485589394724697
1393.0961113743979,0.05434754521070638
1393.1961113743978,0.0538423903933172
1393.2961113743977,0.05334042813903599
1393.3961113743976,0.052841656835869256
1393.4961113743975,0.05234607461844048
1393.5961113743974,0.05185367937056858
1393.6961113743973,0.05136446872785754
1393.7961113743972,0.050878440080296364
1393.8961113743972,0.050395590574868955
1393.996111374397,0.049915917118173635
1394.096111374397,0.04943941637905124
1394.1961113743969,0.04896608479122186
1394.2961113743968,0.048495918555929135
1394.3961113743967,0.04802891364459204
1394.4961113743966,0.04756506580146341
1394.5961113743965,0.04710437054629477
1394.6961113743964,0.046646823177006906
1394.7961113743963,0.046192418772365684
1394.8961113743962,0.04574115219466273
1394.9961113743962,0.045293018092400245
1395.096111374396,0.04484801090297974
1395.196111374396,0.04440612485539393
1395.2961113743959,0.0439673539729215
1395.3961113743958,0.04353169207582421
1395.4961113743957,0.04309913278404577
1395.5961113743956,0.04266966951991218
1395.6961113743955,0.042243295510832876
1395.7961113743954,0.041820003792002375
1395.8961113743953,0.041399787209101924
1395.9961113743952,0.04098263842100064
1396.0961113743952,0.040568549902455724
1396.196111374395,0.04015751394681131
1396.296111374395,0.0397495226686956
1396.3961113743949,0.03934456800671555
1396.4961113743948,0.03894264172614908
1396.5961113743947,0.03854373542163418
1396.6961113743946,0.03814784051985433
1396.7961113743945,0.03775494828222014
1396.8961113743944,0.03736504980754661
1396.9961113743943,0.03697813603472559
1397.0961113743942,0.03659419774539319
1397.1961113743941,0.03621322556659148
1397.296111374394,0.035835209973424466
1397.396111374394,0.035460141291707596
1397.4961113743939,0.03508800970061052
1397.5961113743938,0.034718805235293006
1397.6961113743937,0.034352517789533146
1397.7961113743936,0.03398913711834794
1397.8961113743935,0.03362865284060554
1397.9961113743934,0.03327105444162926
1398.0961113743933,0.03291633127579239
1398.1961113743932,0.032564472569103935
1398.2961113743931,0.03221546742178495
1398.396111374393,0.03186930481083475
1398.496111374393,0.031525973592587075
1398.5961113743929,0.031185462505255696
1398.6961113743928,0.03084776017146915
1398.7961113743927,0.030512855100794392
1398.8961113743926,0.03018073569224891
1398.9961113743925,0.02985139023680112
1399.0961113743924,0.02952480691985882
1399.1961113743923,0.029200973823745133
1399.2961113743922,0.02887987893016195
1399.3961113743921,0.028561510122640476
1399.496111374392,0.028245855188978628
1399.596111374392,0.02793290182366493
1399.6961113743919,0.027622637630288802
1399.7961113743918,0.027315050123936892
1399.8961113743917,0.027010126733575245
1399.9961113743916,0.026707854804416946
1400.0961113743915,0.02640822160027524
1400.1961113743914,0.026111214305901666
1400.2961113743913,0.025816820029309004
1400.3961113743912,0.025525025804079077
1400.4961113743911,0.02523581859165479
1400.596111374391,0.024949185283616507
1400.696111374391,0.024665112703942404
1400.7961113743909,0.024383587611252724
1400.8961113743908,0.0241045967010375
1400.9961113743907,0.023828126607867976
1401.0961113743906,0.02355416390759107
1401.1961113743905,0.023282695119506973
1401.2961113743904,0.023013706708529764
1401.3961113743903,0.02274718508733065
1401.4961113743902,0.02248311661846381
1401.5961113743901,0.022221487616474796
1401.69611137439,0.021962284349990986
1401.79611137439,0.02170549304379437
1401.8961113743899,0.02145109988087624
1401.9961113743898,0.02119909100447375
1402.0961113743897,0.020949452520088205
1402.1961113743896,0.020702170497484882
1402.2961113743895,0.020457230972674538
1402.3961113743894,0.020214619949876007
1402.4961113743893,0.019974323403460278
1402.5961113743892,0.019736327279875617
1402.6961113743891,0.01950061749955377
1402.796111374389,0.019267179958797072
1402.896111374389,0.019036000531646557
1402.9961113743889,0.018807065071730703
1403.0961113743888,0.01858035941409493
1403.1961113743887,0.01835586937701176
1403.2961113743886,0.0181335807637715
1403.3961113743885,0.017913479364453373
1403.4961113743884,0.017695550957677175
1403.5961113743883,0.0174797813123352
1403.6961113743882,0.01726615618930453
1403.7961113743881,0.0170546613431396
1403.896111374388,0.016845282523744932
1403.996111374388,0.016638005478028163
1404.0961113743879,0.01643281595153306
1404.1961113743878,0.01622969969005284
1404.2961113743877,0.016028642441223404
1404.3961113743876,0.0158296299560968
1404.4961113743875,0.015632647990694606
1404.5961113743874,0.015437682307541455
1404.6961113743873,0.01524471867717851
1404.7961113743872,0.015053742879657023
1404.8961113743871,0.014864740706011856
1404.996111374387,0.014677697959715097
1405.096111374387,0.014492600458109631
1405.1961113743869,0.014309434033822817
1405.2961113743868,0.014128184536160146
1405.3961113743867,0.013948837832479076
1405.4961113743866,0.013771379809542808
1405.5961113743865,0.013595796374854356
1405.6961113743864,0.013422073457970583
1405.7961113743863,0.01325019701179657
1405.8961113743862,0.013080153013860098
1405.9961113743861,0.012911927467566406
1406.096111374386,0.012745506403433244
1406.196111374386,0.012580875880306304
1406.2961113743859,0.01241802198655496
1406.3961113743858,0.012256930841248523
1406.4961113743857,0.01209758859531291
1406.5961113743856,0.011939981432667965
1406.6961113743855,0.011784095571345327
1406.7961113743854,0.011629917264586953
1406.8961113743853,0.011477432801924484
1406.9961113743852,0.011326628510239313
1407.0961113743851,0.011177490754803619
1407.196111374385,0.011030005940302364
1407.296111374385,0.010884160511836261
1407.3961113743849,0.010739940955905943
1407.4961113743848,0.010597333801377336
1407.5961113743847,0.01045632562042824
1407.6961113743846,0.010316903029476413
1407.7961113743845,0.010179052690089046
1407.8961113743844,0.010042761309873836
1407.9961113743843,0.009908015643351713
1408.0961113743842,0.009774802492811355
1408.1961113743841,0.00964310870914552
1408.296111374384,0.009512921192669405
1408.396111374384,0.009384226893921009
1408.4961113743839,0.009257012814443745
1408.5961113743838,0.009131266007551275
1408.6961113743837,0.009006973579074788
1408.7961113743836,0.008884122688092763
1408.8961113743835,0.008762700547643398
1408.9961113743834,0.008642694425419734
1409.0961113743833,0.008524091644447665
1409.1961113743832,0.008406879583746944
1409.2961113743831,0.00829104567897528
1409.396111374383,0.00817657742305565
1409.496111374383,0.008063462366787
1409.5961113743829,0.007951688119438397
1409.6961113743828,0.007841242349326795
1409.7961113743827,0.007732112784378568
1409.8961113743826,0.007624287212674874
1409.9961113743825,0.0075177534829810435
1410.0961113743824,0.0074124995052600885
1410.1961113743823,0.007308513251170538
1410.2961113743822,0.007205782754548585
1410.3961113743821,0.007104296111874867
1410.496111374382,0.007004041482725884
1410.596111374382,0.006905007090210245
1410.6961113743819,0.006807181221389904
1410.7961113743818,0.006710552227686464
1410.8961113743817,0.006615108525272753
1410.9961113743816,0.006520838595449781
1411.0961113743815,0.006427730985009241
1411.1961113743814,0.006335774306581677
1411.2961113743813,0.006244957238970494
1411.3961113743812,0.006155268527471922
1411.4961113743811,0.006066696984181103
1411.596111374381,0.005979231488284467
1411.696111374381,0.0058928609863384915
1411.7961113743809,0.005807574492535029
1411.8961113743808,0.0057233610889533834
1411.9961113743807,0.005640209925799179
1412.0961113743806,0.005558110221630328
1412.1961113743805,0.005477051263570081
1412.2961113743804,0.005397022407507443
1412.3961113743803,0.0053180130782850355
1412.4961113743802,0.005240012769874566
1412.5961113743801,0.005163011045540083
1412.69611137438,0.00508699753798914
1412.79611137438,0.00501196194951202
1412.8961113743799,0.004937894052109211
1412.9961113743798,0.00486478368760723
1413.0961113743797,0.004792620767762982
1413.1961113743796,0.004721395274356798
1413.2961113743795,0.0046510972592743016
1413.3961113743794,0.00458171684457727
1413.4961113743793,0.004513244222563615
1413.5961113743792,0.0044456696558166486
1413.6961113743791,0.0043789834772438125
1413.796111374379,0.004313176090104959
1413.896111374379,0.0042482379680303895
1413.9961113743789,0.004184159655028806
1414.0961113743788,0.004120931765485269
1414.1961113743787,0.004058544984149357
1414.2961113743786,0.003996990066113688
1414.3961113743785,0.003936257836782902
1414.4961113743784,0.0038763391918333195
1414.5961113743783,0.0038172250971633525
1414.6961113743782,0.003758906588834872
1414.7961113743781,0.003701374773005676
1414.896111374378,0.0036446208258531427
1414.996111374378,0.0035886359934893227
1415.0961113743779,0.0035334115918675205
1415.1961113743778,0.0034789390066805393
1415.2961113743777,0.0034252096932507765
1415.3961113743776,0.0033722151764122516
1415.4961113743775,0.0033199470503847447
1415.5961113743774,0.003268396978640194
1415.6961113743773,0.0032175566937614674
1415.7961113743772,0.0031674179972936687
1415.8961113743771,0.003117972759588131
1415.996111374377,0.0030692129196392024
1416.096111374377,0.0030211304849139912
1416.1961113743769,0.0029737175311752074
1416.2961113743768,0.0029269662022972202
1416.3961113743767,0.002880868710075498
1416.4961113743766,0.0028354173340295287
1416.5961113743765,0.002790604421199395
1416.6961113743764,0.0027464223859361096
1416.7961113743763,0.002702863709685845
1416.8961113743762,0.0026599209407682394
1416.9961113743761,0.0026175866941488134
1417.096111374376,0.0025758536512057372
1417.196111374376,0.002534714559490996
1417.2961113743759,0.0024941622324861196
1417.3961113743758,0.0024541895493526075
1417.4961113743757,0.00241478945467715
1417.5961113743756,0.0023759549582117977
1417.6961113743755,0.002337679134609185
1417.7961113743754,0.0022999551231529516
1417.8961113743753,0.0022627761274834637
1417.9961113743752,0.002226135415318961
1418.0961113743751,0.00219002631817226
1418.196111374375,0.002154442231063138
1418.296111374375,0.002119376612226483
1418.3961113743749,0.0020848229828163635
1418.4961113743748,0.0020507749266061234
1418.5961113743747,0.0020172260896846
1418.6961113743746,0.001984170180148602
1418.7961113743745,0.0019516009677917568
1418.8961113743744,0.00191951228378981
1418.9961113743743,0.0018878980203825392
1419.0961113743742,0.0018567521305523482
1419.1961113743741,0.0018260686276996552
1419.296111374374,0.0017958415853152137
1419.396111374374,0.0017660651366494297
1419.4961113743739,0.0017367334743788143
1419.5961113743738,0.001707840850269643
1419.6961113743737,0.00167938157483897
1419.7961113743736,0.0016513500170130372
1419.8961113743735,0.0016237406037832348
1419.9961113743734,0.0015965478198596847
1420.0961113743733,0.0015697662073225415
1420.1961113743732,0.0015433903652711186
1420.2961113743731,0.001517414949470936
1420.396111374373,0.0014918346719987692
1420.496111374373,0.0014666443008858076
1420.5961113743729,0.0014418386597590059
1420.6961113743728,0.001417412627480726
1420.7961113743727,0.0013933611377867459
1420.8961113743726,0.0013696791789227364
1420.9961113743725,0.001346361793279292
1421.0961113743724,0.0013234040770255888
1421.1961113743723,0.0013008011797417702
1421.2961113743722,0.0012785483040501317
1421.3961113743721,0.0012566407052451989
1421.496111374372,0.0012350736909227638
1421.596111374372,0.0012138426206079727
1421.6961113743719,0.0011929429053825435
1421.7961113743718,0.0011723700075111758
1421.8961113743717,0.0011521194400672518
1421.9961113743716,0.0011321867665578843
1422.0961113743715,0.0011125676005483975
1422.1961113743714,0.0010932576052863057
1422.2961113743713,0.001074252493324866
1422.3961113743712,0.0010555480261462786
1422.4961113743711,0.0010371400137845909
1422.596111374371,0.0010190243144483928
1422.696111374371,0.0010011968341433527
1422.7961113743709,0.0009836535262946718
1422.8961113743708,0.000966390391369513
1422.9961113743707,0.0009494034764994752
1423.0961113743706,0.0009326888751031711
1423.1961113743705,0.000916242726508973
1423.2961113743704,0.0009000612155779822
1423.3961113743703,0.0008841405723272856
1423.4961113743702,0.0008684770715535556
1423.5961113743701,0.0008530670324570535
1423.69611137437,0.0008379068182660848
1423.79611137437,0.0008229928358619678
1423.8961113743699,0.0008083215354045713
1423.9961113743698,0.0007938894099584636
1424.0961113743697,0.0007796929951197351
1424.1961113743696,0.0007657288686435434
1424.2961113743695,0.0007519936500724167
1424.3961113743694,0.0007384840003653962
1424.4961113743693,0.0007251966215280175
1424.5961113743692,0.000712128256243232
1424.6961113743691,0.0006992756875032602
1424.796111374369,0.0006866357382424642
1424.896111374369,0.0006742052709712618
1424.9961113743689,0.0006619811874111237
1425.0961113743688,0.0006499604281307037
1425.1961113743687,0.0006381399721831389
1425.2961113743686,0.0006265168367445589
1425.3961113743685,0.0006150880767538426
1425.4961113743684,0.0006038507845536584
1425.5961113743683,0.0005928020895328327
1425.6961113743682,0.0005819391577700711
1425.7961113743681,0.000571259191679074
1425.896111374368,0.0005607594296550802
1425.996111374368,0.0005504371457228686
1426.0961113743679,0.0005402896491862541
1426.1961113743678,0.0005303142842791057
1426.2961113743677,0.00052050842981792
1426.3961113743676,0.0005108694988559717
1426.4961113743675,0.0005013949383390883
1426.5961113743674,0.0004920822287630525
1426.6961113743673,0.00048292888383267646
1426.7961113743672,0.0004739324501225723
1426.8961113743671,0.0004650905067396349
1426.996111374367,0.0004564006649872716
1427.096111374367,0.00044786056803139727
1427.1961113743669,0.0004394678905682205
1427.2961113743668,0.00043122033849383963
1427.3961113743667,0.00042311564857567163
1427.4961113743666,0.0004151515881257409
1427.5961113743665,0.000407325954675832
1427.6961113743664,0.00039963657565454425
1427.7961113743663,0.0003920813080662542
1427.8961113743662,0.00038465803817200615
1427.9961113743661,0.00037736468117235104
1428.096111374366,0.0003701991808921478
1428.196111374366,0.00036315950946734195
1428.2961113743659,0.0003562436670337374
1428.3961113743658,0.00034944968141777463
1428.4961113743657,0.00034277560782933376
1428.5961113743656,0.0003362195285565666
1428.6961113743655,0.00032977955266277756
1428.7961113743654,0.0003234538156853623
1428.8961113743653,0.00031724047933681443
1428.9961113743652,0.00031113773120781236
1429.0961113743651,0.00030514378447239537
1429.196111374365,0.00029925687759523706
1429.296111374365,0.0002934752740410274
1429.3961113743649,0.0002877972619859673
1429.4961113743648,0.0002822211540313898
1429.5961113743647,0.00027674528691950596
1429.6961113743646,0.000271368021251291
1429.7961113743645,0.0002660877412065086
1429.8961113743644,0.0002609028542658855
1429.9961113743643,0.0002558117909354351
1430.0961113743642,0.00025081300447293874
1430.1961113743641,0.0002459049706165862
1430.296111374364,0.00024108618731578062
1430.396111374364,0.0002363551744641075
1430.4961113743639,0.00023171047363447283
1430.5961113743638,0.00022715064781641154
1430.6961113743637,0.0002226742811555672
1430.7961113743636,0.00021827997869534337
1430.8961113743635,0.0002139663661207307
1430.9961113743634,0.00020973208950430156
1431.0961113743633,0.00020557581505438357
1431.1961113743632,0.0002014962288654005
1431.2961113743631,0.0001974920366703844
1431.396111374363,0.00019356196359565962
1431.496111374363,0.00018970475391768936
