1205.8961113745681,1.0602915707230618
1205.996111374568,1.0603146172853333
1206.096111374568,1.0603378030821964
1206.1961113745679,1.0603611287902488
1206.2961113745678,1.0603845950881559
1206.3961113745677,1.0604082026566484
1206.4961113745676,1.0604319521785197
1206.5961113745675,1.0604558443386234
1206.6961113745674,1.0604798798238695
1206.7961113745673,1.0605040593232222
1206.8961113745672,1.0605283835276966
1206.9961113745671,1.0605528531303552
1207.096111374567,1.0605774688263057
1207.196111374567,1.0606022313126957
1207.2961113745669,1.0606271412887118
1207.3961113745668,1.0606521994555742
1207.4961113745667,1.0606774065165334
1207.5961113745666,1.0607027631768673
1207.6961113745665,1.060728270143877
1207.7961113745664,1.0607539281268825
1207.8961113745663,1.0607797378372192
1207.9961113745662,1.0608056999882345
1208.0961113745661,1.060831815295282
1208.196111374566,1.060858084475719
1208.296111374566,1.060884508248901
1208.3961113745659,1.0609110873361776
1208.4961113745658,1.0609378224608887
1208.5961113745657,1.0609647143483592
1208.6961113745656,1.060991763725894
1208.7961113745655,1.0610189713227742
1208.8961113745654,1.0610463378702515
1208.9961113745653,1.0610738641015434
1209.0961113745652,1.0611015507518282
1209.1961113745651,1.0611293985582402
1209.296111374565,1.0611574082598634
1209.396111374565,1.0611855805977275
1209.4961113745649,1.061213916314801
1209.5961113745648,1.0612424161559875
1209.6961113745647,1.061271080868118
1209.7961113745646,1.0612999111999468
1209.8961113745645,1.0613289079021444
1209.9961113745644,1.0613580717272926
1210.0961113745643,1.0613874034298783
1210.1961113745642,1.0614169037662862
1210.2961113745641,1.0614465734947944
1210.396111374564,1.0614764133755665
1210.496111374564,1.0615064241706462
1210.5961113745639,1.0615366066439498
1210.6961113745638,1.0615669615612606
1210.7961113745637,1.0615974896902214
1210.8961113745636,1.0616281918003279
1210.9961113745635,1.0616590686629217
1211.0961113745634,1.0616901210511833
1211.1961113745633,1.0617213497401248
1211.2961113745632,1.0617527555065829
1211.3961113745631,1.0617843391292114
1211.496111374563,1.0618161013884733
1211.596111374563,1.061848043066634
1211.6961113745629,1.0618801649477532
1211.7961113745628,1.0619124678176766
1211.8961113745627,1.0619449524640292
1211.9961113745626,1.0619776196762059
1212.0961113745625,1.0620104702453645
1212.1961113745624,1.062043504964417
1212.2961113745623,1.062076724628021
1212.3961113745622,1.0621101300325717
1212.4961113745621,1.0621437219761936
1212.596111374562,1.0621775012587302
1212.696111374562,1.0622114686817379
1212.7961113745619,1.0622456250484744
1212.8961113745618,1.062279971163892
1212.9961113745617,1.0623145078346263
1213.0961113745616,1.0623492358689888
1213.1961113745615,1.062384156076957
1213.2961113745614,1.062419269270164
1213.3961113745613,1.0624545762618904
1213.4961113745612,1.0624900778670536
1213.5961113745611,1.0625257749021988
1213.696111374561,1.0625616681854881
1213.796111374561,1.062597758536691
1213.8961113745609,1.0626340467771749
1213.9961113745608,1.0626705337298936
1214.0961113745607,1.062707220219378
1214.1961113745606,1.0627441070717247
1214.2961113745605,1.062781195114586
1214.3961113745604,1.0628184851771596
1214.4961113745603,1.0628559780901765
1214.5961113745602,1.062893674685891
1214.6961113745601,1.0629315757980695
1214.79611137456,1.0629696822619792
1214.89611137456,1.0630079949143763
1214.9961113745599,1.0630465145934955
1215.0961113745598,1.0630852421390382
1215.1961113745597,1.0631241783921601
1215.2961113745596,1.0631633241954603
1215.3961113745595,1.0632026803929688
1215.4961113745594,1.0632422478301349
1215.5961113745593,1.0632820273538148
1215.6961113745592,1.0633220198122595
1215.7961113745591,1.0633622260551017
1215.896111374559,1.0634026469333449
1215.996111374559,1.0634432832993488
1216.0961113745589,1.063484136006818
1216.1961113745588,1.0635252059107885
1216.2961113745587,1.0635664938676144
1216.3961113745586,1.063608000734956
1216.4961113745585,1.0636497273717647
1216.5961113745584,1.0636916746382716
1216.6961113745583,1.0637338433959722
1216.7961113745582,1.0637762345076143
1216.8961113745581,1.063818848837183
1216.996111374558,1.0638616872498876
1217.096111374558,1.0639047506121475
1217.1961113745579,1.0639480397915777
1217.2961113745578,1.063991555656975
1217.3961113745577,1.0640352990783035
1217.4961113745576,1.0640792709266798
1217.5961113745575,1.0641234720743584
1217.6961113745574,1.0641679033947178
1217.7961113745573,1.064212565762244
1217.8961113745572,1.0642574600525176
1217.9961113745571,1.0643025871421963
1218.096111374557,1.0643479479090017
1218.196111374557,1.0643935432317027
1218.2961113745569,1.0644393739901001
1218.3961113745568,1.0644854410650115
1218.4961113745567,1.0645317453382548
1218.5961113745566,1.0645782876926333
1218.6961113745565,1.0646250690119181
1218.7961113745564,1.0646720901808338
1218.8961113745563,1.0647193520850406
1218.9961113745562,1.0647668556111187
1219.0961113745561,1.0648146016465518
1219.196111374556,1.06486259107971
1219.296111374556,1.0649108247998331
1219.3961113745559,1.0649593036970137
1219.4961113745558,1.0650080286621804
1219.5961113745557,1.0650570005870803
1219.6961113745556,1.0651062203642614
1219.7961113745555,1.0651556888870557
1219.8961113745554,1.0652054070495613
1219.9961113745553,1.0652553757466248
1220.0961113745552,1.0653055958738231
1220.1961113745551,1.0653560683274457
1220.296111374555,1.0654067940044767
1220.396111374555,1.0654577738025761
1220.4961113745549,1.0655090086200618
1220.5961113745548,1.0655604993558914
1220.6961113745547,1.065612246909642
1220.7961113745546,1.0656642521814939
1220.8961113745545,1.065716516072209
1220.9961113745544,1.065769039483114
1221.0961113745543,1.06582182331608
1221.1961113745542,1.065874868473503
1221.2961113745541,1.065928175858286
1221.396111374554,1.0659817463738166
1221.496111374554,1.0660355809239508
1221.5961113745539,1.0660896804129902
1221.6961113745538,1.0661440457456641
1221.7961113745537,1.0661986778271078
1221.8961113745536,1.066253577562843
1221.9961113745535,1.066308745858758
1222.0961113745534,1.0663641836210864
1222.1961113745533,1.0664198917563865
1222.2961113745532,1.0664758711715214
1222.3961113745531,1.0665321227736368
1222.496111374553,1.066588647470141
1222.596111374553,1.0666454461686827
1222.6961113745529,1.0667025197771314
1222.7961113745528,1.066759869203554
1222.8961113745527,1.0668174953561946
1222.9961113745526,1.066875399143452
1223.0961113745525,1.0669335814738585
1223.1961113745524,1.0669920432560576
1223.2961113745523,1.0670507853987812
1223.3961113745522,1.067109808810829
1223.4961113745521,1.0671691144010451
1223.596111374552,1.0672287030782952
1223.696111374552,1.0672885757514443
1223.7961113745519,1.0673487333293348
1223.8961113745518,1.067409176720762
1223.9961113745517,1.0674699068344522
1224.0961113745516,1.0675309245790396
1224.1961113745515,1.067592230863042
1224.2961113745514,1.067653826594838
1224.3961113745513,1.0677157126826446
1224.4961113745512,1.0677778900344912
1224.5961113745511,1.067840359558197
1224.696111374551,1.0679031221613478
1224.796111374551,1.0679661787512702
1224.8961113745509,1.0680295302350091
1224.9961113745508,1.0680931775193023
1225.0961113745507,1.068157121510556
1225.1961113745506,1.068221363114821
1225.2961113745505,1.0682859032377667
1225.3961113745504,1.0683507427846581
1225.4961113745503,1.0684158826603285
1225.5961113745502,1.0684813237691564
1225.6961113745501,1.068547067015039
1225.79611137455,1.0686131133013672
1225.89611137455,1.0686794635310006
1225.9961113745499,1.068746118606241
1226.0961113745498,1.0688130794288069
1226.1961113745497,1.0688803468998078
1226.2961113745496,1.068947921919718
1226.3961113745495,1.0690158053883505
1226.4961113745494,1.0690839982048312
1226.5961113745493,1.0691525012675713
1226.6961113745492,1.0692213154742416
1226.7961113745491,1.0692904417217464
1226.896111374549,1.0693598809061948
1226.996111374549,1.0694296339228762
1227.0961113745489,1.069499701666231
1227.1961113745488,1.0695700850298255
1227.2961113745487,1.0696407849063228
1227.3961113745486,1.069711802187456
1227.4961113745485,1.0697831377640015
1227.5961113745484,1.0698547925257502
1227.6961113745483,1.06992676736148
1227.7961113745482,1.0699990631589287
1227.8961113745481,1.0700716808047641
1227.996111374548,1.070144621184558
1228.096111374548,1.0702178851827564
1228.1961113745479,1.0702914736826517
1228.2961113745478,1.070365387566354
1228.3961113745477,1.0704396277147628
1228.4961113745476,1.0705141950075372
1228.5961113745475,1.0705890903230684
1228.6961113745474,1.0706643145384498
1228.7961113745473,1.070739868529448
1228.8961113745472,1.0708157531704736
1228.9961113745471,1.0708919693345516
1229.096111374547,1.0709685178932924
1229.196111374547,1.071045399716862
1229.2961113745469,1.071122615673952
1229.3961113745468,1.0712001666317494
1229.4961113745467,1.0712780534559083
1229.5961113745466,1.0713562770105176
1229.6961113745465,1.0714348381580725
1229.7961113745464,1.0715137377594433
1229.8961113745463,1.0715929766738452
1229.9961113745462,1.0716725557588078
1230.0961113745461,1.0717524758701444
1230.196111374546,1.0718327378619215
1230.296111374546,1.0719133425864271
1230.3961113745459,1.071994290894141
1230.4961113745458,1.0720755836337026
1230.5961113745457,1.0721572216518795
1230.6961113745456,1.072239205793538
1230.7961113745455,1.0723215369016088
1230.8961113745454,1.0724042158170581
1230.9961113745453,1.0724872433788548
1231.0961113745452,1.0725706204239385
1231.1961113745451,1.072654347787188
1231.296111374545,1.0727384263013888
1231.396111374545,1.0728228567972022
1231.4961113745449,1.0729076401031323
1231.5961113745448,1.0729927770454932
1231.6961113745447,1.0730782684483775
1231.7961113745446,1.0731641151336235
1231.8961113745445,1.0732503179207824
1231.9961113745444,1.073336877627086
1232.0961113745443,1.0734237950674133
1232.1961113745442,1.0735110710542581
1232.2961113745441,1.0735987063976957
1232.396111374544,1.07368670190535
1232.496111374544,1.07377505838236
1232.5961113745439,1.073863776631347
1232.6961113745438,1.0739528574523802
1232.7961113745437,1.0740423016429448
1232.8961113745436,1.0741321099979064
1232.9961113745435,1.0742222833094792
1233.0961113745434,1.074312822367191
1233.1961113745433,1.0744037279578496
1233.2961113745432,1.0744950008655088
1233.3961113745431,1.074586641871435
1233.496111374543,1.0746786517540718
1233.596111374543,1.0747710312890069
1233.6961113745429,1.074863781248937
1233.7961113745428,1.0749569024036336
1233.8961113745427,1.0750503955199089
1233.9961113745426,1.0751442613615805
1234.0961113745425,1.0752385006894372
1234.1961113745424,1.0753331142612037
1234.2961113745423,1.0754281028315067
1234.3961113745422,1.075523467151839
1234.4961113745421,1.075619207970525
1234.596111374542,1.0757153260326846
1234.696111374542,1.0758118220802002
1234.7961113745419,1.0759086968516791
1234.8961113745418,1.0760059510824194
1234.9961113745417,1.0761035855043741
1235.0961113745416,1.0762016008461162
1235.1961113745415,1.076299997832802
1235.2961113745414,1.076398777186137
1235.3961113745413,1.0764979396243384
1235.4961113745412,1.0765974858621006
1235.5961113745411,1.0766974166105592
1235.696111374541,1.0767977325772544
1235.796111374541,1.0768984344660952
1235.8961113745409,1.0769995229773237
1235.9961113745408,1.077100998807479
1236.0961113745407,1.0772028626493597
1236.1961113745406,1.0773051151919897
1236.2961113745405,1.07740775712058
1236.3961113745404,1.077510789116493
1236.4961113745403,1.0776142118572063
1236.5961113745402,1.0777180260162758
1236.6961113745401,1.0778222322632987
1236.79611137454,1.0779268312638777
1236.89611137454,1.0780318236795838
1236.9961113745399,1.0781372101679194
1237.0961113745398,1.0782429913822817
1237.1961113745397,1.0783491679719255
1237.2961113745396,1.0784557405819264
1237.3961113745395,1.078562709853144
1237.4961113745394,1.078670076422185
1237.5961113745393,1.0787778409213649
1237.6961113745392,1.078886003978672
1237.7961113745391,1.0789945662177303
1237.896111374539,1.079103528257761
1237.996111374539,1.0792128907135468
1238.0961113745389,1.079322654195393
1238.1961113745388,1.0794328193090914
1238.2961113745387,1.079543386655882
1238.3961113745386,1.0796543568324153
1238.4961113745385,1.079765730430716
1238.5961113745384,1.0798775080381446
1238.6961113745383,1.0799896902373594
1238.7961113745382,1.0801022776062796
1238.8961113745381,1.0802152707180477
1238.996111374538,1.0803286701409907
1239.096111374538,1.0804424764385836
1239.1961113745378,1.080556690169411
1239.2961113745378,1.0806713118871294
1239.3961113745377,1.0807863421404293
1239.4961113745376,1.0809017814729973
1239.5961113745375,1.0810176304234786
1239.6961113745374,1.0811338895254383
1239.7961113745373,1.0812505593073243
1239.8961113745372,1.0813676402924284
1239.9961113745371,1.0814851329988497
1240.096111374537,1.081603037939455
1240.196111374537,1.0817213556218417
1240.2961113745368,1.0818400865482996
1240.3961113745368,1.0819592312157726
1240.4961113745367,1.0820787901158213
1240.5961113745366,1.0821987637345836
1240.6961113745365,1.082319152552738
1240.7961113745364,1.0824399570454646
1240.8961113745363,1.0825611776824071
1240.9961113745362,1.0826828149276353
1241.0961113745361,1.0828048692396057
1241.196111374536,1.082927341071125
1241.296111374536,1.0830502308693104
1241.3961113745358,1.083173539075552
1241.4961113745358,1.0832972661254752
1241.5961113745357,1.0834214124489017
1241.6961113745356,1.083545978469812
1241.7961113745355,1.083670964606307
1241.8961113745354,1.0837963712705694
1241.9961113745353,1.0839221988688266
1242.0961113745352,1.0840484478013113
1242.1961113745351,1.0841751184622246
1242.296111374535,1.0843022112396974
1242.396111374535,1.0844297265157516
1242.4961113745348,1.0845576646662631
1242.5961113745348,1.084686026060924
1242.6961113745347,1.0848148110632023
1242.7961113745346,1.0849440200303069
1242.8961113745345,1.0850736533131475
1242.9961113745344,1.0852037112562976
1243.0961113745343,1.0853341941979557
1243.1961113745342,1.0854651024699087
1243.2961113745341,1.0855964363974928
1243.396111374534,1.085728196299556
1243.496111374534,1.0858603824884205
1243.5961113745338,1.085992995269845
1243.6961113745338,1.0861260349429867
1243.7961113745337,1.086259501800363
1243.8961113745336,1.0863933961278152
1243.9961113745335,1.0865277182044697
1244.0961113745334,1.0866624683027013
1244.1961113745333,1.0867976466880949
1244.2961113745332,1.0869332536194085
1244.3961113745331,1.0870692893485354
1244.496111374533,1.0872057541204678
1244.596111374533,1.0873426481732582
1244.6961113745328,1.087479971737983
1244.7961113745328,1.0876177250387051
1244.8961113745327,1.087755908292437
1244.9961113745326,1.0878945217091032
1245.0961113745325,1.0880335654915039
1245.1961113745324,1.0881730398352778
1245.2961113745323,1.0883129449288658
1245.3961113745322,1.0884532809534735
1245.4961113745321,1.088594048083035
1245.596111374532,1.0887352464841764
1245.696111374532,1.0888768763161798
1245.7961113745318,1.0890189377309463
1245.8961113745318,1.0891614308729598
1245.9961113745317,1.0893043558792517
1246.0961113745316,1.0894477128793643
1246.1961113745315,1.0895915019953148
1246.2961113745314,1.0897357233415608
1246.3961113745313,1.0898803770249628
1246.4961113745312,1.0900254631447506
1246.5961113745311,1.0901709817924872
1246.696111374531,1.0903169330520333
1246.796111374531,1.0904633169995135
1246.8961113745308,1.0906101337032805
1246.9961113745308,1.0907573832238813
1247.0961113745307,1.0909050656140222
1247.1961113745306,1.091053180918535
1247.2961113745305,1.0912017291743432
1247.3961113745304,1.0913507104104276
1247.4961113745303,1.0915001246477936
1247.5961113745302,1.0916499718994375
1247.6961113745301,1.091800252170314
1247.79611137453,1.091950965457303
1247.89611137453,1.0921021117491772
1247.9961113745298,1.092253691026571
1248.0961113745298,1.0924057032619476
1248.1961113745297,1.0925581484195683
1248.2961113745296,1.0927110264554614
1248.3961113745295,1.0928643373173912
1248.4961113745294,1.0930180809448287
1248.5961113745293,1.0931722572689206
1248.6961113745292,1.093326866212462
1248.7961113745291,1.093481907689865
1248.896111374529,1.093637381607133
1248.996111374529,1.093793287861831
1249.0961113745288,1.0939496263430601
1249.1961113745288,1.09410639693143
1249.2961113745287,1.0942635994990335
1249.3961113745286,1.0944212339094217
1249.4961113745285,1.094579300017579
1249.5961113745284,1.0947377976699006
1249.6961113745283,1.0948967267041692
1249.7961113745282,1.0950560869495323
1249.8961113745281,1.0952158782264834
1249.996111374528,1.0953761003468407
1250.096111374528,1.0955367531137283
1250.1961113745278,1.09569783632156
1250.2961113745278,1.0958593497560212
1250.3961113745277,1.0960212931940547
1250.4961113745276,1.0961836664038473
1250.5961113745275,1.0963464691448173
1250.6961113745274,1.0965097011676028
1250.7961113745273,1.0966733622140543
1250.8961113745272,1.0968374520172268
1250.9961113745271,1.0970019703013736
1251.096111374527,1.097166916781944
1251.196111374527,1.0973322911655812
1251.2961113745268,1.0974980931501235
1251.3961113745268,1.0976643224246079
1251.4961113745267,1.097830978669275
1251.5961113745266,1.0979980615555782
1251.6961113745265,1.098165570746195
1251.7961113745264,1.0983335058950408
1251.8961113745263,1.0985018666472868
1251.9961113745262,1.0986706526393812
1252.0961113745261,1.0988398634990735
1252.196111374526,1.099009498845442
1252.296111374526,1.0991795582889283
1252.3961113745258,1.0993500414313722
1252.4961113745258,1.0995209478660535
1252.5961113745257,1.0996922771777387
1252.6961113745256,1.0998640289427324
1252.7961113745255,1.100036202728933
1252.8961113745254,1.1002087980958963
1252.9961113745253,1.1003818145949045
1253.0961113745252,1.1005552517690396
1253.1961113745251,1.1007291091532676
1253.296111374525,1.1009033862745268
1253.396111374525,1.1010780826518245
1253.4961113745248,1.1012531977963433
1253.5961113745248,1.1014287312115538
1253.6961113745247,1.1016046823933385
1253.7961113745246,1.101781050830124
1253.8961113745245,1.1019578360030233
1253.9961113745244,1.1021350373859906
1254.0961113745243,1.1023126544459858
1254.1961113745242,1.1024906866431514
1254.2961113745241,1.1026691334310026
1254.396111374524,1.1028479942566305
1254.496111374524,1.1030272685609197
1254.5961113745238,1.1032069557787807
1254.6961113745238,1.1033870553393983
1254.7961113745237,1.1035675666664968
1254.8961113745236,1.1037484891786222
1254.9961113745235,1.103929822289443
1255.0961113745234,1.104111565408072
1255.1961113745233,1.104293717939407
1255.2961113745232,1.104476279284493
1255.3961113745231,1.10465924884091
1255.496111374523,1.1048426260031803
1255.596111374523,1.1050264101632061
1255.6961113745228,1.10521060071073
1255.7961113745228,1.1053951970338252
1255.8961113745227,1.1055801985194147
1255.9961113745226,1.105765604553822
1256.0961113745225,1.1059514145233533
1256.1961113745224,1.106137627814915
1256.2961113745223,1.1063242438166658
1256.3961113745222,1.1065112619187087
1256.4961113745221,1.1066986815138191
1256.596111374522,1.1068865019982181
1256.696111374522,1.1070747227723865
1256.7961113745218,1.1072633432419259
1256.8961113745218,1.107452362818467
1256.9961113745217,1.1076417809206276
1257.0961113745216,1.1078315969750248
1257.1961113745215,1.1080218104173396
1257.2961113745214,1.1082124206934407
1257.3961113745213,1.108403427260568
1257.4961113745212,1.1085948295885788
1257.5961113745211,1.1087866271612599
1257.696111374521,1.108978819477708
1257.796111374521,1.109171406053783
1257.8961113745208,1.1093643864236347
1257.9961113745208,1.1095577601413091
1258.0961113745207,1.1097515267824358
1258.1961113745206,1.1099456859460002
1258.2961113745205,1.1101402372562057
1258.3961113745204,1.1103351803644275
1258.4961113745203,1.1105305149512632
1258.5961113745202,1.1107262407286844
1258.6961113745201,1.1109223574422928
1258.79611137452,1.1111188648736847
1258.89611137452,1.111315762842929
1258.9961113745198,1.1115130512111653
1259.0961113745198,1.1117107298833204
1259.1961113745197,1.1119087988109564
1259.2961113745196,1.1121072579952485
1259.3961113745195,1.112306107490101
1259.4961113745194,1.1125053474054067
1259.5961113745193,1.1127049779104534
1259.6961113745192,1.1129049992374833
1259.7961113745191,1.1131054116854129
1259.896111374519,1.1133062156237172
1259.996111374519,1.113507411496484
1260.0961113745188,1.113708999826646
1260.1961113745188,1.1139109812203942
1260.2961113745187,1.1141133563717822
1260.3961113745186,1.114316126067525
1260.4961113745185,1.1145192911919997
1260.5961113745184,1.1147228527324562
1260.6961113745183,1.1149268117844413
1260.7961113745182,1.1151311695574468
1260.8961113745181,1.1153359273807857
1260.996111374518,1.1155410867097062
1261.096111374518,1.1157466491317471
1261.1961113745178,1.1159526163733462
1261.2961113745177,1.116158990306705
1261.3961113745177,1.1163657729569196
1261.4961113745176,1.1165729665093846
1261.5961113745175,1.1167805733174778
1261.6961113745174,1.1169885959105317
1261.7961113745173,1.1171970370021018
1261.8961113745172,1.1174058994985385
1261.996111374517,1.1176151865078683
1262.096111374517,1.1178249013489954
1262.196111374517,1.1180350475612284
1262.2961113745168,1.118245628914141
1262.3961113745167,1.1184566494177743
1262.4961113745167,1.118668113333189
1262.5961113745166,1.118880025183372
1262.6961113745165,1.1190923897645069
1262.7961113745164,1.1193052121576184
1262.8961113745163,1.1195184977405914
1262.9961113745162,1.1197322522005762
1263.096111374516,1.1199464815467863
1263.196111374516,1.1201611921236942
1263.296111374516,1.120376390624631
1263.3961113745158,1.120592084105799
1263.4961113745157,1.1208082800006998
1263.5961113745157,1.1210249861349848
1263.6961113745156,1.1212422107417346
1263.7961113745155,1.1214599624771693
1263.8961113745154,1.121678250436799
1263.9961113745153,1.121897084172012
1264.0961113745152,1.1221164737071112
1264.196111374515,1.1223364295567988
1264.296111374515,1.1225569627441097
1264.396111374515,1.1227780848188011
1264.4961113745148,1.1229998078761971
1264.5961113745147,1.123222144576488
1264.6961113745147,1.1234451081644878
1264.7961113745146,1.123668712489848
1264.8961113745145,1.1238929720277262
1264.9961113745144,1.1241179018999112
1265.0961113745143,1.124343517896396
1265.1961113745142,1.1245698364974033
1265.296111374514,1.124796874895851
1265.396111374514,1.125024651020261
1265.496111374514,1.1252531835580983
1265.5961113745138,1.125482491979538
1265.6961113745137,1.12571259656165
1265.7961113745137,1.125943518412993
1265.8961113745136,1.1261752794986088
1265.9961113745135,1.1264079026654037
1266.0961113745134,1.126641411667905
1266.1961113745133,1.1268758311943805
1266.2961113745132,1.127111186893303
1266.396111374513,1.127347505400148
1266.496111374513,1.1275848143645024
1266.596111374513,1.1278231424774672
1266.6961113745128,1.1280625194993346
1266.7961113745127,1.1283029762875152
1266.8961113745127,1.1285445448246958
1266.9961113745126,1.128787258247197
1267.0961113745125,1.1290311508735098
1267.1961113745124,1.1292762582329803
1267.2961113745123,1.1295226170946109
1267.3961113745122,1.1297702654959514
1267.496111374512,1.1300192427720426
1267.596111374512,1.130269589584377
1267.696111374512,1.1305213479498455
1267.7961113745118,1.1307745612696238
1267.8961113745117,1.1310292743579646
1267.9961113745117,1.1312855334708505
1268.0961113745116,1.1315433863344624
1268.1961113745115,1.1318028821734218
1268.2961113745114,1.132064071738755
1268.3961113745113,1.1323270073355318
1268.4961113745112,1.1325917428501266
1268.596111374511,1.132858333777049
1268.696111374511,1.1331268372452876
1268.796111374511,1.133397312044112
1268.8961113745108,1.1336698186482723
1268.9961113745107,1.1339444192425339
1269.0961113745107,1.1342211777454896
1269.1961113745106,1.1345001598325803
1269.2961113745105,1.1347814329582595
1269.3961113745104,1.1350650663772341
1269.4961113745103,1.135351131164712
1269.5961113745102,1.1356397002355831
1269.69611137451,1.1359308483624644
1269.79611137451,1.1362246521925314
1269.89611137451,1.1365211902630612
1269.9961113745098,1.1368205430156109
1270.0961113745097,1.1371227928087504
1270.1961113745097,1.137428023929271
1270.2961113745096,1.1377363226017883
1270.3961113745095,1.1380477769966566
1270.4961113745094,1.1383624772361132
1270.5961113745093,1.1386805153985629
1270.6961113745092,1.1390019855209268
1270.796111374509,1.13932698359896
1270.896111374509,1.1396556075854571
1270.996111374509,1.1399879573862588
1271.0961113745088,1.1403241348539683
1271.1961113745087,1.1406642437792955
1271.2961113745087,1.1410083898799372
1271.3961113745086,1.1413566807869069
1271.4961113745085,1.1417092260282293
1271.5961113745084,1.1420661370099099
1271.6961113745083,1.1424275269940942
1271.7961113745082,1.142793511074333
1271.896111374508,1.1431642061478664
1271.996111374508,1.1435397308848454
1272.096111374508,1.1439202056944082
1272.1961113745078,1.1443057526875298
1272.2961113745077,1.1446964956365666
1272.3961113745077,1.1450925599314217
1272.4961113745076,1.1454940725322493
1272.5961113745075,1.145901161918633
1272.6961113745074,1.1463139580351633
1272.7961113745073,1.1467325922333476
1272.8961113745072,1.147157197209791
1272.996111374507,1.1475879069405823
1273.096111374507,1.1480248566118316
1273.196111374507,1.1484681825463023
1273.2961113745068,1.1489180221260895
1273.3961113745067,1.1493745137112963
1273.4961113745067,1.1498377965546696
1273.5961113745066,1.1503080107121528
1273.6961113745065,1.1507852969493295
1273.7961113745064,1.151269796643725
1273.8961113745063,1.1517616516829463
1273.9961113745062,1.1522610043586436
1274.096111374506,1.152767997256282
1274.196111374506,1.153282773140718
1274.296111374506,1.1538054748375812
1274.3961113745058,1.1543362451104724
1274.4961113745057,1.1548752265339854
1274.5961113745057,1.15542256136258
1274.6961113745056,1.1559783913953285
1274.7961113745055,1.1565428578365755
1274.8961113745054,1.1571161011525488
1274.9961113745053,1.1576982609239725
1275.0961113745052,1.1582894756947415
1275.196111374505,1.1588898828167205
1275.296111374505,1.1594996182907416
1275.396111374505,1.16011881660388
1275.4961113745048,1.1607476105631018
1275.5961113745047,1.1613861311253755
1275.6961113745047,1.162034507224359
1275.7961113745046,1.1626928655937743
1275.8961113745045,1.1633613305875934
1275.9961113745044,1.1640400239971684
1276.0961113745043,1.164729064865447
1276.1961113745042,1.1654285692984203
1276.296111374504,1.1661386502739663
1276.396111374504,1.1668594174482498
1276.496111374504,1.167590976959861
1276.5961113745038,1.1683334312318716
1276.6961113745037,1.169086878772008
1276.7961113745037,1.1698514139711347
1276.8961113745036,1.1706271269002677
1276.9961113745035,1.1714141031063292
1277.0961113745034,1.1722124234068736
1277.1961113745033,1.1730221636840195
1277.2961113745032,1.17384339467783
1277.396111374503,1.1746761817793914
1277.496111374503,1.1755205848238501
1277.596111374503,1.1763766578836696
1277.6961113745028,1.1772444490623835
1277.7961113745027,1.1781240002891213
1277.8961113745027,1.1790153471141935
1277.9961113745026,1.179918518506026
1278.0961113745025,1.180833536649743
1278.1961113745024,1.1817604167477016
1278.2961113745023,1.1826991668222822
1278.3961113745022,1.1836497875212522
1278.496111374502,1.1846122719260166
1278.596111374502,1.185586605363077
1278.696111374502,1.1865727652190232
1278.7961113745018,1.1875707207593837
1278.8961113745017,1.188580432951666
1278.9961113745017,1.1896018542929145
1279.0961113745016,1.190634928642124
1279.1961113745015,1.1916795910578357
1279.2961113745014,1.192735767641256
1279.3961113745013,1.1938033753852262
1279.4961113745012,1.1948823220293796
1279.596111374501,1.195972505921816
1279.696111374501,1.1970738158876206
1279.796111374501,1.1981861311045585
1279.8961113745008,1.1993093209862644
1279.9961113745007,1.2004432450732476
1280.0961113745007,1.2015877529320302
1280.1961113745006,1.2027426840627222
1280.2961113745005,1.2039078678153459
1280.3961113745004,1.2050831233151982
1280.4961113745003,1.206268259397549
1280.5961113745002,1.2074630745519523
1280.6961113745,1.2086673568764505
1280.7961113745,1.2098808840419295
1280.8961113745,1.2111034232668882
1280.9961113744998,1.2123347313028627
1281.0961113744997,1.2135745544307404
1281.1961113744997,1.2148226284681873
1281.2961113744996,1.2160786787884006
1281.3961113744995,1.2173424203503815
1281.4961113744994,1.218613557740914
1281.5961113744993,1.2198917852284221
1281.6961113744992,1.2211767868288574
1281.796111374499,1.222468236383762
1281.896111374499,1.22376579765063
1281.996111374499,1.2250691244056784
1282.0961113744988,1.2263778605591176
1282.1961113744987,1.2276916402830005
1282.2961113744987,1.229010088151707
1282.3961113744986,1.2303328192951053
1282.4961113744985,1.23165943956441
1282.5961113744984,1.2329895457107443
1282.6961113744983,1.234322725576389
1282.7961113744982,1.2356585582986845
1282.896111374498,1.2369966145265323
1282.996111374498,1.2383364566494226
1283.096111374498,1.2396776390388933
1283.1961113744978,1.2410197083023111
1283.2961113744977,1.2423622035488364
1283.3961113744977,1.243704656667423
1283.4961113744976,1.2450465926166743
1283.5961113744975,1.246387529726366
1283.6961113744974,1.2477269800104187
1283.7961113744973,1.249064449491086
1283.8961113744972,1.250399438534105
1283.996111374497,1.2517314421945325
1284.096111374497,1.2530599505729745
1284.196111374497,1.2543844491818947
1284.2961113744968,1.2557044193216704
1284.3961113744967,1.2570193384660402
1284.4961113744966,1.2583286806565785
1284.5961113744966,1.2596319169058048
1284.6961113744965,1.2609285156085206
1284.7961113744964,1.2622179429609561
1284.8961113744963,1.2634996633872788
1284.9961113744962,1.264773139973014
1285.096111374496,1.2660378349049008
1285.196111374496,1.267293209916701
1285.296111374496,1.2685387267404529
1285.3961113744958,1.2697738475626643
1285.4961113744957,1.2709980354849064
1285.5961113744956,1.2722107549882777
1285.6961113744956,1.2734114724011798
1285.7961113744955,1.274599656369848
1285.8961113744954,1.2757747783310625
1285.9961113744953,1.2769363129864577
1286.0961113744952,1.2780837387778483
1286.196111374495,1.2792165383629686
1286.296111374495,1.280334199091029
1286.396111374495,1.281436213477482
1286.4961113744948,1.2825220796773842
1286.5961113744947,1.2835913019567478
1286.6961113744946,1.2846433911612571
1286.7961113744946,1.2856778651817402
1286.8961113744945,1.2866942494157756
1286.9961113744944,1.2876920772248202
1287.0961113744943,1.2886708903862423
1287.1961113744942,1.2896302395396535
1287.296111374494,1.2905696846269286
1287.396111374494,1.2914887953253171
1287.496111374494,1.2923871514730483
1287.5961113744938,1.293264343486845
1287.6961113744937,1.294119972770767
1287.7961113744936,1.294953652115814
1287.8961113744936,1.2957650060897303
1287.9961113744935,1.2965536714164636
1288.0961113744934,1.2973192973447445
1288.1961113744933,1.2980615460052634
1288.2961113744932,1.2987800927559392
1288.396111374493,1.2994746265147887
1288.496111374493,1.3001448500799209
1288.596111374493,1.3007904804361978
1288.6961113744928,1.3014112490481233
1288.7961113744927,1.302006902138537
1288.8961113744926,1.302577200952711
1288.9961113744926,1.3031219220074723
1289.0961113744925,1.3036408573249845
1289.1961113744924,1.304133814650854
1289.2961113744923,1.304600617656246
1289.3961113744922,1.3050411061237108
1289.496111374492,1.3054551361164592
1289.596111374492,1.305842580130832
1289.696111374492,1.3062033272317508
1289.7961113744918,1.3065372831709485
1289.8961113744917,1.30684437048781
1289.9961113744916,1.3071245285926778
1290.0961113744916,1.3073777138325025
1290.1961113744915,1.3076038995387456
1290.2961113744914,1.3078030760574668
1290.3961113744913,1.3079752507615545
1290.4961113744912,1.308120448045087
1290.596111374491,1.308238709299834
1290.696111374491,1.3083300928739405
1290.796111374491,1.308394674012856
1290.8961113744908,1.3084325447826006
1290.9961113744907,1.3084438139754866
1291.0961113744906,1.3084286069984394
1291.1961113744906,1.308387065744086
1291.2961113744905,1.3083193484448046
1291.3961113744904,1.308225629509959
1291.4961113744903,1.3081060993465563
1291.5961113744902,1.307960964163601
1291.69611137449,1.3077904457604324
1291.79611137449,1.3075947812993653
1291.89611137449,1.3073742230629666
1291.9961113744898,1.3071290381963288
1292.0961113744897,1.3068595084347212
1292.1961113744896,1.3065659298170167
1292.2961113744896,1.3062486123853176
1292.3961113744895,1.3059078798712171
1292.4961113744894,1.3055440693691542
1292.5961113744893,1.3051575309973362
1292.6961113744892,1.3047486275467215
1292.796111374489,1.3043177341185648
1292.896111374489,1.3038652377510502
1292.996111374489,1.303391537035543
1293.0961113744888,1.3028970417230068
1293.1961113744887,1.3023821723211488
1293.2961113744886,1.301847359682857
1293.3961113744886,1.301293044586511
1293.4961113744885,1.3007196773087533
1293.5961113744884,1.3001277171903156
1293.6961113744883,1.299517632195501
1293.7961113744882,1.2988898984659298
1293.896111374488,1.2982449998691576
1293.996111374488,1.2975834275427838
1294.096111374488,1.2969056794346623
1294.1961113744878,1.2962122598398365
1294.2961113744877,1.2955036789348136
1294.3961113744876,1.2947804523097945
1294.4961113744876,1.2940431004994788
1294.5961113744875,1.29329214851305
1294.6961113744874,1.2925281253639544
1294.7961113744873,1.2917515636000751
1294.8961113744872,1.2909629988348965
1294.996111374487,1.2901629692802525
1295.096111374487,1.289352015281236
1295.196111374487,1.2885306788538509
1295.2961113744868,1.2876995032259617
1295.3961113744867,1.2868590323821016
1295.4961113744866,1.2860098106126774
1295.5961113744866,1.2851523820681017
1295.6961113744865,1.2842872903183729
1295.7961113744864,1.2834150779186007
1295.8961113744863,1.2825362859809744
1295.9961113744862,1.2816514537536414
1296.096111374486,1.2807611182069591
1296.196111374486,1.2798658136275627
1296.296111374486,1.2789660712206716
1296.3961113744858,1.2780624187210496
1296.4961113744857,1.277155380013003
1296.5961113744856,1.2762454747597962
1296.6961113744856,1.2753332180428327
1296.7961113744855,1.274419120010944
1296.8961113744854,1.2735036855400974
1296.9961113744853,1.2725874139038216
1297.0961113744852,1.2716707984546292
1297.196111374485,1.270754326316689
1297.296111374485,1.2698384780899892
1297.396111374485,1.2689237275662069
1297.4961113744848,1.2680105414564808
1297.5961113744847,1.2670993791312628
1297.6961113744846,1.2661906923724056
1297.7961113744846,1.2652849251376226
1297.8961113744845,1.2643825133374338
1297.9961113744844,1.263483884624695
1298.0961113744843,1.2625894581967851
1298.1961113744842,1.2616996446105084
1298.296111374484,1.260814845609746
1298.396111374484,1.2599354539658776
1298.496111374484,1.2590618533309657
1298.5961113744838,1.2581944181036893
1298.6961113744837,1.2573335133079815
1298.7961113744836,1.2564794944843185
1298.8961113744836,1.2556327075935827
1298.9961113744835,1.2547934889334116
1299.0961113744834,1.253962165066923
1299.1961113744833,1.2531390527636903
1299.2961113744832,1.2523244589528324
1299.396111374483,1.2515186806880583
1299.496111374483,1.250722005124501
1299.596111374483,1.249934709507153
1299.6961113744828,1.24915706117071
1299.7961113744827,1.2483893175506091
1299.8961113744826,1.2476317262050414
1299.9961113744826,1.2468845248477036
1300.0961113744825,1.2461479413910432
1300.1961113744824,1.2454221939997439
1300.2961113744823,1.2447074911541798
1300.3961113744822,1.244004031723572
1300.496111374482,1.243312005048557
1300.596111374482,1.242631591032878
1300.696111374482,1.2419629602439026
1300.7961113744818,1.2413062740216594
1300.8961113744817,1.2406616845960838
1300.9961113744816,1.2400293352121554
1301.0961113744816,1.239409360262607
1301.1961113744815,1.2388018854278804
1301.2961113744814,1.2382070278229995
1301.3961113744813,1.2376248961510297
1301.4961113744812,1.2370555908627912
1301.596111374481,1.2364992043224903
1301.696111374481,1.2359558209789314
1301.796111374481,1.235425517541977
1301.8961113744808,1.2349083631639157
1301.9961113744807,1.2344044196254034
1302.0961113744806,1.233913741525646
1302.1961113744806,1.2334363764764877
1302.2961113744805,1.2329723653000761
1302.3961113744804,1.2325217422297774
1302.4961113744803,1.2320845351140144
1302.5961113744802,1.231660765622712
1302.69611137448,1.231250449456027
1302.79611137448,1.230853596555056
1302.89611137448,1.2304702113142105
1302.9961113744798,1.2301002927949602
1303.0961113744797,1.2297438349406458
1303.1961113744796,1.2294008267920737
1303.2961113744796,1.2290712527036072
1303.3961113744795,1.228755092559476
1303.4961113744794,1.228452321990038
1303.5961113744793,1.228162912587726
1303.6961113744792,1.2278868321224228
1303.796111374479,1.2276240447560227
1303.896111374479,1.2273745112559322
1303.996111374479,1.2271381892072806
1304.0961113744788,1.2269150332236158
1304.1961113744787,1.2267049951558704
1304.2961113744786,1.2265080242993873
1304.3961113744786,1.2263240675988087
1304.4961113744785,1.2261530698506353
1304.5961113744784,1.2259949739032767
1304.6961113744783,1.2258497208544157
1304.7961113744782,1.2257172502455236
1304.896111374478,1.2255975002533714
1304.996111374478,1.2254904078783877
1305.096111374478,1.2253959091297242
1305.1961113744778,1.2253139392068997
1305.2961113744777,1.225244432677902
1305.3961113744776,1.2251873236536284
1305.4961113744776,1.2251425459585699
1305.5961113744775,1.2251100332976317
1305.6961113744774,1.2250897194190096
1305.7961113744773,1.2250815382730371
1305.8961113744772,1.2250854241669338
1305.996111374477,1.2251013119153877
1306.096111374477,1.2251291369869157
1306.196111374477,1.2251688356459525
1306.2961113744768,1.2252203450906254
1306.3961113744767,1.2252836035861785
1306.4961113744766,1.2253585505940208
1306.5961113744765,1.2254451268963722
1306.6961113744765,1.2255432747164965
1306.7961113744764,1.2256529378345102
1306.8961113744763,1.2257740616987636
1306.9961113744762,1.2259065935327995
1307.096111374476,1.2260504824378977
1307.196111374476,1.2262056794912162
1307.296111374476,1.2263721378395551
1307.3961113744758,1.2265498127887606
1307.4961113744757,1.2267386618888036
1307.5961113744756,1.2269386450145623
1307.6961113744755,1.2271497244423517
1307.7961113744755,1.227371864922237
1307.8961113744754,1.2276050337461801
1307.9961113744753,1.227849200812069
1308.0961113744752,1.2281043386836799
1308.196111374475,1.228370422646631
1308.296111374475,1.2286474307603885
1308.396111374475,1.2289353439063806
1308.4961113744748,1.2292341458322906
1308.5961113744747,1.229543823192592
1308.6961113744746,1.229864365585395
1308.7961113744745,1.230195765585676
1308.8961113744745,1.230538018774961
1308.9961113744744,1.230891123767539
1309.0961113744743,1.2312550822332762
1309.1961113744742,1.231629898917114
1309.296111374474,1.2320155816553209
1309.396111374474,1.2324121413885827
1309.496111374474,1.2328195921720038
1309.5961113744738,1.2332379511821034
1309.6961113744737,1.233667238720884
1309.7961113744736,1.23410747821705
1309.8961113744735,1.2345586962244597
1309.9961113744735,1.2350209224178859
1310.0961113744734,1.2354941895861684
1310.1961113744733,1.2359785336228328
1310.2961113744732,1.2364739935142566
1310.396111374473,1.2369806113254578
1310.496111374473,1.237498432183586
1310.596111374473,1.2380275042591884
1310.6961113744728,1.238567878745326
1310.7961113744727,1.2391196098346178
1310.8961113744726,1.2396827546942788
1310.9961113744725,1.2402573734392306
1311.0961113744725,1.2408435291033486
1311.1961113744724,1.2414412876089198
1311.2961113744723,1.2420507177343747
1311.3961113744722,1.2426718910803618
1311.496111374472,1.2433048820342283
1311.596111374472,1.24394976773297
1311.696111374472,1.2446066280247121
1311.7961113744718,1.2452755454287807
1311.8961113744717,1.2459566050944226
1311.9961113744716,1.2466498947582307
1312.0961113744715,1.2473555047003289
1312.1961113744715,1.2480735276993704
1312.2961113744714,1.2488040589864007
1312.3961113744713,1.249547196197635
1312.4961113744712,1.2503030393261956
1312.596111374471,1.2510716906728612
1312.696111374471,1.2518532547958663
1312.796111374471,1.2526478384597972
1312.8961113744708,1.253455550583626
1312.9961113744707,1.2542765021879183
1313.0961113744706,1.2551108063412595
1313.1961113744705,1.2559585781059268
1313.2961113744705,1.2568199344828501
1313.3961113744704,1.2576949943558888
1313.4961113744703,1.25858387843546
1313.5961113744702,1.2594867092015443
1313.69611137447,1.2604036108461016
1313.79611137447,1.2613347092149223
1313.89611137447,1.2622801317489367
1313.9961113744698,1.2632400074250132
1314.0961113744697,1.264214466696263
1314.1961113744696,1.2652036414318728
1314.2961113744695,1.2662076648564924
1314.3961113744695,1.2672266714891867
1314.4961113744694,1.2682607970819788
1314.5961113744693,1.2693101785579963
1314.6961113744692,1.2703749539492386
1314.796111374469,1.2714552623339785
1314.896111374469,1.2725512437738153
1314.996111374469,1.273663039250387
1315.0961113744688,1.2747907906017601
1315.1961113744687,1.275934640458503
1315.2961113744686,1.2770947321794568
1315.3961113744685,1.27827120978721
1315.4961113744685,1.279464217903292
1315.5961113744684,1.2806739016830861
1315.6961113744683,1.281900406750476
1315.7961113744682,1.2831438791322305
1315.896111374468,1.284404465192133
1315.996111374468,1.2856823115648641
1316.096111374468,1.2869775650896396
1316.1961113744678,1.2882903727436135
1316.2961113744677,1.2896208815750483
1316.3961113744676,1.290969238636259
1316.4961113744675,1.292335590916334
1316.5961113744675,1.29372008527364
1316.6961113744674,1.2951228683681109
1316.7961113744673,1.2965440865933302
1316.8961113744672,1.2979838860084056
1316.996111374467,1.2994424122696433
1317.096111374467,1.3009198105620254
1317.196111374467,1.302416225530492
1317.2961113744668,1.3039318012110368
1317.3961113744667,1.3054666809616133
1317.4961113744666,1.3070210073928628
1317.5961113744665,1.3085949222986644
1317.6961113744665,1.3101885665865118
1317.7961113744664,1.3118020802077228
1317.8961113744663,1.3134356020874853
1317.9961113744662,1.315089270054745
1318.096111374466,1.3167632207719409
1318.196111374466,1.3184575896645931
1318.296111374466,1.3201725108507496
1318.3961113744658,1.321908117070297
1318.4961113744657,1.3236645396141453
1318.5961113744656,1.3254419082532873
1318.6961113744655,1.3272403511677473
1318.7961113744655,1.3290599948754203
1318.8961113744654,1.3309009641608145
1318.9961113744653,1.3327633820037041
1319.0961113744652,1.334647369507698
1319.196111374465,1.3365530458287405
1319.296111374465,1.3384805281035475
1319.396111374465,1.3404299313779924
1319.4961113744648,1.3424013685354508
1319.5961113744647,1.344394950225115
1319.6961113744646,1.3464107847902913
1319.7961113744645,1.3484489781966906
1319.8961113744645,1.350509633960729
1319.9961113744644,1.3525928530778426
1320.0961113744643,1.3546987339508436
1320.1961113744642,1.3568273723183182
1320.296111374464,1.3589788611830909
1320.396111374464,1.3611532907407653
1320.496111374464,1.3633507483083598
1320.5961113744638,1.3655713182530516
1320.6961113744637,1.3678150819210475
1320.7961113744636,1.3700821175666016
1320.8961113744635,1.3723725002811893
1320.9961113744635,1.3746863019228655
1321.0961113744634,1.3770235910458195
1321.1961113744633,1.3793844328301466
1321.2961113744632,1.381768889011859
1321.396111374463,1.3841770178131518
1321.496111374463,1.3866088738729487
1321.596111374463,1.3890645081777453
1321.6961113744628,1.391543967992774
1321.7961113744627,1.3940472967935094
1321.8961113744626,1.39657453419754
1321.9961113744625,1.3991257158968273
1322.0961113744625,1.401700873590373
1322.1961113744624,1.4043000349173234
1322.2961113744623,1.406923223390529
1322.3961113744622,1.409570458330589
1322.496111374462,1.4122417548004005
1322.596111374462,1.41493712354024
1322.696111374462,1.4176565709034044
1322.7961113744618,1.420400098792432
1322.8961113744617,1.423167704595934
1322.9961113744616,1.4259593811260611
1323.0961113744615,1.4287751165566325
1323.1961113744615,1.4316148943619522
1323.2961113744614,1.4344786932563423
1323.3961113744613,1.4373664871344174
1323.4961113744612,1.4402782450121332
1323.596111374461,1.4432139309686298
1323.696111374461,1.446173504088903
1323.796111374461,1.4491569184073299
1323.8961113744608,1.4521641228520765
1323.9961113744607,1.4551950611904183
1324.0961113744606,1.4582496719749967
1324.1961113744605,1.4613278884910486
1324.2961113744605,1.4644296387046292
1324.3961113744604,1.4675548452118614
1324.4961113744603,1.4707034251892426
1324.5961113744602,1.4738752903450298
1324.69611137446,1.4770703468717432
1324.79611137446,1.4802884953998072
1324.89611137446,1.4835296309523622
1324.9961113744598,1.486793642901279
1325.0961113744597,1.4900804149243958
1325.1961113744596,1.4933898249640176
1325.2961113744595,1.4967217451866976
1325.3961113744595,1.5000760419443349
1325.4961113744594,1.503452575736612
1325.5961113744593,1.5068512011748072
1325.6961113744592,1.5102717669470038
1325.796111374459,1.5137141157847258
1325.896111374459,1.5171780844310312
1325.996111374459,1.5206635036100842
1326.0961113744588,1.5241701979982416
1326.1961113744587,1.5276979861966726
1326.2961113744586,1.5312466807055445
1326.3961113744585,1.5348160878997987
1326.4961113744585,1.5384060080065427
1326.5961113744584,1.5420162350840858
1326.6961113744583,1.5456465570026425
1326.7961113744582,1.54929675542673
1326.896111374458,1.552966605799285
1326.996111374458,1.5566558773275219
1327.096111374458,1.5603643329705599
1327.1961113744578,1.5640917294288412
1327.2961113744577,1.5678378171353622
1327.3961113744576,1.5716023402487447
1327.4961113744575,1.575385036648163
1327.5961113744575,1.579185637930157
1327.6961113744574,1.583003869407345
1327.7961113744573,1.5868394501090628
1327.8961113744572,1.5906920927839454
1327.996111374457,1.5945615039044765
1328.096111374457,1.598447383673518
1328.196111374457,1.6023494260328466
1328.2961113744568,1.606267318673706
1328.3961113744567,1.610200743049405
1328.4961113744566,1.6141493743899649
1328.5961113744565,1.618112881718845
1328.6961113744564,1.6220909278717528
1328.7961113744564,1.6260831695175597
1328.8961113744563,1.6300892571813363
1328.9961113744562,1.6341088352695197
1329.096111374456,1.6381415420972263
1329.196111374456,1.6421870099177263
1329.296111374456,1.6462448649540877
1329.3961113744558,1.6503147274330054
1329.4961113744557,1.654396211620822
1329.5961113744556,1.6584889258617554
1329.6961113744555,1.662592472618341
1329.7961113744554,1.6667064485140954
1329.8961113744554,1.6708304443784125
1329.9961113744553,1.6749640452937011
1330.0961113744552,1.6791068306447663
1330.196111374455,1.6832583741704465
1330.296111374455,1.6874182440175092
1330.396111374455,1.6915860027968102
1330.4961113744548,1.695761207641723
1330.5961113744547,1.6999434102688422
1330.6961113744546,1.7041321570409615
1330.7961113744545,1.708326989032333
1330.8961113744544,1.7125274420962078
1330.9961113744544,1.716733046934661
1331.0961113744543,1.7209433291707006
1331.1961113744542,1.7251578094226638
1331.296111374454,1.7293760033808956
1331.396111374454,1.7335974218867172
1331.496111374454,1.7378215710136753
1331.5961113744538,1.7420479521510792
1331.6961113744537,1.7462760620898146
1331.7961113744536,1.7505053931104388
1331.8961113744535,1.7547354330735572
1331.9961113744534,1.758965665512467
1332.0961113744534,1.7631955697280772
1332.1961113744533,1.7674246208860949
1332.2961113744532,1.7716522901164735
1332.396111374453,1.775878044615124
1332.496111374453,1.7801013477478793
1332.596111374453,1.78432165915671
1332.6961113744528,1.7885384348681863
1332.7961113744527,1.792751127404185
1332.8961113744526,1.7969591858948268
1332.9961113744525,1.801162056193652
1333.0961113744524,1.8053591809950182
1333.1961113744524,1.8095499999537246
1333.2961113744523,1.813733949806848
1333.3961113744522,1.8179104644977975
1333.496111374452,1.8220789753025712
1333.596111374452,1.8262389109582182
1333.696111374452,1.830389697793501
1333.7961113744518,1.8345307598617488
1333.8961113744517,1.8386615190759055
1333.9961113744516,1.8427813953457597
1334.0961113744515,1.8468898067173638
1334.1961113744514,1.8509861695146301
1334.2961113744514,1.8550698984831064
1334.3961113744513,1.8591404069359263
1334.4961113744512,1.8631971069019357
1334.596111374451,1.8672394092759905
1334.696111374451,1.8712667239714276
1334.796111374451,1.8752784600747057
1334.8961113744508,1.8792740260022203
1334.9961113744507,1.8832528296592899
1335.0961113744506,1.8872142786013164
1335.1961113744505,1.8911577801971216
1335.2961113744504,1.8950827417944605
1335.3961113744504,1.8989885708877166
1335.4961113744503,1.9028746752877828
1335.5961113744502,1.9067404632941258
1335.69611137445,1.91058534386905
1335.79611137445,1.914408726814153
1335.89611137445,1.9182100229489873
1335.9961113744498,1.9219886442919307
1336.0961113744497,1.9257440042432696
1336.1961113744496,1.9294755177705079
1336.2961113744495,1.9331826015958988
1336.3961113744494,1.9368646743862163
1336.4961113744494,1.940521156944767
1336.5961113744493,1.9441514724056503
1336.6961113744492,1.947755046430278
1336.796111374449,1.951331307406154
1336.896111374449,1.9548796866479263
1336.996111374449,1.9583996186007129
1337.0961113744488,1.961890541045712
1337.1961113744487,1.965351895308096
1337.2961113744486,1.968783126467199
1337.3961113744485,1.9721836835689968
1337.4961113744484,1.9755530198408824
1337.5961113744484,1.9788905929087397
1337.6961113744483,1.982195865016311
1337.7961113744482,1.985468303246856
1337.896111374448,1.9887073797471027
1337.996111374448,1.9919125719534716
1338.096111374448,1.9950833628205773
1338.1961113744478,1.9982192410519828
1338.2961113744477,2.001319701333199
1338.3961113744476,2.0043842445669044
1338.4961113744475,2.0074123781103683
1338.5961113744474,2.0104036160150427
1338.6961113744474,2.013357479268298
1338.7961113744473,2.016273496037265
1338.8961113744472,2.019151201914739
1338.996111374447,2.0219901401671025
1339.096111374447,2.024789861984213
1339.196111374447,2.0275499267311945
1339.2961113744468,2.0302699022020736
1339.3961113744467,2.0329493648751757
1339.4961113744466,2.0355879001702193
1339.5961113744465,2.0381851027069975
1339.6961113744464,2.04074057656557
1339.7961113744464,2.0432539355478507
1339.8961113744463,2.0457248034404723
1339.9961113744462,2.0481528142788155
1340.096111374446,2.0505376126120556
1340.196111374446,2.052878853769087
1340.296111374446,2.05517620412517
1340.3961113744458,2.057429341369125
1340.4961113744457,2.0596379547709036
1340.5961113744456,2.0618017454493325
1340.6961113744455,2.063920426639834
1340.7961113744454,2.0659937239618973
1340.8961113744454,2.068021375686068
1340.9961113744453,2.070003133000216
1341.0961113744452,2.071938760274804
1341.196111374445,2.0738280353268985
1341.296111374445,2.0756707496826157
1341.396111374445,2.0774667088377026
1341.4961113744448,2.0792157325159257
1341.5961113744447,2.080917654924926
1341.6961113744446,2.0825723250091897
1341.7961113744445,2.08417960669975
1341.8961113744444,2.085739379160244
1341.9961113744444,2.087251537028902
1342.0961113744443,2.0887159906560537
1342.1961113744442,2.0901326663367117
1342.296111374444,2.091501506537762
1342.396111374444,2.092822470119297
1342.496111374444,2.0940955325495945
1342.5961113744438,2.0953206861132267
1342.6961113744437,2.096497940111783
1342.7961113744436,2.0976273210566525
1342.8961113744435,2.0987088728533196
1342.9961113744434,2.099742656976587
1343.0961113744434,2.100728752636142
1343.1961113744433,2.1016672569318633
1343.2961113744432,2.1025582849982465
1343.396111374443,2.1034019701373223
1343.496111374443,2.1041984639394142
1343.596111374443,2.104947936391096
1343.6961113744428,2.1056505759696686
1343.7961113744427,2.1063065897234896
1343.8961113744426,2.106916203337472
1343.9961113744425,2.1074796611830555
1344.0961113744424,2.107997226351962
1344.1961113744424,2.1084691806730294
1344.2961113744423,2.1088958247114187
1344.3961113744422,2.109277477749495
1344.496111374442,2.1096144777486723
1344.596111374442,2.1099071812915167
1344.696111374442,2.1101559635034173
1344.7961113744418,2.1103612179531215
1344.8961113744417,2.110523356531454
1344.9961113744416,2.1106149425329193
1345.0961113744415,2.110563506033369
1345.1961113744414,2.110365785823408
1345.2961113744414,2.110022429319538
1345.3961113744413,2.1095341746055984
1345.4961113744412,2.108901849942316
1345.596111374441,2.1081263731815616
1345.696111374441,2.107208751085136
1345.796111374441,2.106150078548027
1345.8961113744408,2.104951537726187
1345.9961113744407,2.103614397069002
1346.0961113744406,2.10214001025674
1346.1961113744405,2.100529815043399
1346.2961113744404,2.09878533200548
1346.3961113744404,2.096908163197348
1346.4961113744403,2.0948999907139667
1346.5961113744402,2.0927625751619128
1346.69611137444,2.0904977540397134
1346.79611137444,2.088107440028664
1346.89611137444,2.0855936191954374
1346.9961113744398,2.0829583491078845
1347.0961113744397,2.0802037568656093
1347.1961113744396,2.077332037046973
1347.2961113744395,2.074345449574364
1347.3961113744394,2.0712463174996647
1347.4961113744394,2.0680370247119884
1347.5961113744393,2.0647200135698913
1347.6961113744392,2.0612977824603878
1347.796111374439,2.0577728832872175
1347.896111374439,2.05414791889096
1347.996111374439,2.0504255404036837
1348.0961113744388,2.0466084445409747
1348.1961113744387,2.042699370834285
1348.2961113744386,2.038701098806664
1348.3961113744385,2.034616445095068
1348.4961113744384,2.0304482605225322
1348.5961113744384,2.0261994271236183
1348.6961113744383,2.021872855126657
1348.7961113744382,2.017471479896391
1348.896111374438,2.012998258840751
1348.996111374438,2.008456168285575
1349.096111374438,2.003848200321176
1349.1961113744378,1.99917735962476
1349.2961113744377,1.994446660262768
1349.3961113744376,1.989659122477303
1349.4961113744375,1.9848177694608704
1349.5961113744374,1.9799256241237289
1349.6961113744374,1.974985705858213
1349.7961113744373,1.970001027304439
1349.8961113744372,1.9649745911218637
1349.996111374437,1.9599093867711965
1350.096111374437,1.9548083873112136
1350.196111374437,1.9496745462150438
1350.2961113744368,1.9445107942105202
1350.3961113744367,1.9393200361492091
1350.4961113744366,1.9341051479087266
1350.5961113744365,1.9288689733329625
1350.6961113744364,1.9236143212148147
1350.7961113744364,1.9183439623260217
1350.8961113744363,1.9130606264986576
1350.9961113744362,1.9077669997628175
1351.096111374436,1.9024657215449805
1351.196111374436,1.8971593819314827
1351.296111374436,1.891850519001479
1351.3961113744358,1.8865416162336954
1351.4961113744357,1.8812350999912046
1351.5961113744356,1.8759333370883609
1351.6961113744355,1.870638632443944
1351.7961113744354,1.8653532268244515
1351.8961113744353,1.8600792946813658
1351.9961113744353,1.8548189420861019
1352.0961113744352,1.8495742047662098
1352.196111374435,1.844347046246265
1352.296111374435,1.8391393560967313
1352.396111374435,1.8339529482939247
1352.4961113744348,1.8287895596940462
1352.5961113744347,1.823650848624068
1352.6961113744346,1.8185383935920867
1352.7961113744345,1.8134536921195659
1352.8961113744344,1.8083981596976932
1352.9961113744343,1.8033731288698758
1353.0961113744343,1.7983798484421918
1353.1961113744342,1.7934194828233943
1353.296111374434,1.788493111495852
1353.396111374434,1.7836017286185744
1353.496111374434,1.7787462427632474
1353.5961113744338,1.7739274767839623
1353.6961113744337,1.7691461678210838
1353.7961113744336,1.7644029674394615
1353.8961113744335,1.7596984419009383
1353.9961113744334,1.7550330725708612
1354.0961113744333,1.7504072564580508
1354.1961113744333,1.7458213068874322
1354.2961113744332,1.7412754543042739
1354.396111374433,1.73676984720873
1354.496111374433,1.7323045532191292
1354.596111374433,1.7278795602621955
1354.6961113744328,1.723494777888142
1354.7961113744327,1.7191500387083232
1354.8961113744326,1.7148450999528895
1354.9961113744325,1.7105796451456463
1355.0961113744324,1.7063532858930723
1355.1961113744323,1.7021655637842343
1355.2961113744323,1.6980159523980856
1355.3961113744322,1.693903859414434
1355.496111374432,1.6898286288246314
1355.596111374432,1.6857895432378425
1355.696111374432,1.6817858262785337
1355.7961113744318,1.6778166450706462
1355.8961113744317,1.6738811128037216
1355.9961113744316,1.669978291376076
1356.0961113744315,1.6661071941099568
1356.1961113744314,1.662266788533462
1356.2961113744313,1.6584559992238503
1356.3961113744313,1.6546737107067493
1356.4961113744312,1.650918770405644
1356.596111374431,1.6471899916359136
1356.696111374431,1.6434861566375982
1356.796111374431,1.639806019640992
1356.8961113744308,1.6361483099590806
1356.9961113744307,1.6325117351008012
1357.0961113744306,1.6288949838990423
1357.1961113744305,1.6252967296472858
1357.2961113744304,1.6217156332387728
1357.3961113744303,1.6181503463020732
1357.4961113744303,1.614599514326955
1357.5961113744302,1.6110617797744773
1357.69611137443,1.607535785165271
1357.79611137443,1.6040201761400223
1357.89611137443,1.6005136044862618
1357.9961113744298,1.5970147311256206
1358.0961113744297,1.593522229055833
1358.1961113744296,1.5900347862418673
1358.2961113744295,1.5865511084506938
1358.3961113744294,1.583069922024332
1358.4961113744293,1.5795899765859773
1358.5961113744293,1.5761100476741605
1358.6961113744292,1.5726289393000759
1358.796111374429,1.569145486423392
1358.896111374429,1.565658557342064
1358.996111374429,1.5621670559918648
1359.0961113744288,1.558669924151574
1359.1961113744287,1.5551661435499926
1359.2961113744286,1.5516547378711767
1359.3961113744285,1.548134774654538
1359.4961113744284,1.544605367086699
1359.5961113744283,1.5410656756822556
1359.6961113744283,1.5375149098508556
1359.7961113744282,1.53395232934828
1359.896111374428,1.5303772456094733
1359.996111374428,1.526789022961758
1360.096111374428,1.5232205353315909
1360.1961113744278,1.5197101460458222
1360.2961113744277,1.5162573306646412
1360.3961113744276,1.5128614925827704
1360.4961113744275,1.5095220186843603
1360.5961113744274,1.5062382802187475
1360.6961113744273,1.5030096336668008
1360.7961113744273,1.4998354215972094
1360.8961113744272,1.4967149735121
1360.996111374427,1.4936476066813988
1361.096111374427,1.4906326269653833
1361.196111374427,1.4876693296248944
1361.2961113744268,1.4847570001187145
1361.3961113744267,1.4818949148876452
1361.4961113744266,1.4790823421248378
1361.5961113744265,1.4763185425319751
1361.6961113744264,1.473602770060916
1361.7961113744263,1.4709342726404493
1361.8961113744263,1.4683122928878356
1361.9961113744262,1.4657360688048287
1362.096111374426,1.4632048344579165
1362.196111374426,1.4607178206425253
1362.296111374426,1.4582742555309776
1362.3961113744258,1.4558733653040037
1362.4961113744257,1.453514374765644
1362.5961113744256,1.4511965079413964
1362.6961113744255,1.4489189886594924
1362.7961113744254,1.4466810411152031
1362.8961113744253,1.4444818904181091
1362.9961113744253,1.4423207631222785
1363.0961113744252,1.440196887739331
1363.196111374425,1.4381094952343778
1363.296111374425,1.4360578195048563
1363.396111374425,1.4340410978422873
1363.4961113744248,1.432058571377016
1363.5961113744247,1.4301094855060041
1363.6961113744246,1.4281930903037654
1363.7961113744245,1.426308640916551
1363.8961113744244,1.4244553979399104
1363.9961113744243,1.422632627779766
1364.0961113744243,1.4208396029971593
1364.1961113744242,1.419075602636835
1364.296111374424,1.4173399125398494
1364.396111374424,1.4156318256403972
1364.496111374424,1.4139506422470691
1364.5961113744238,1.4122956703087548
1364.6961113744237,1.4106662256654317
1364.7961113744236,1.409061632284071
1364.8961113744235,1.4074812224799234
1364.9961113744234,1.4059243371234356
1365.0961113744233,1.4043903258330728
1365.1961113744233,1.4028785471543208
1365.2961113744232,1.401388368725153
1365.396111374423,1.3999191674282512
1365.496111374423,1.3984703295302756
1365.596111374423,1.397041250808487
1365.6961113744228,1.3956313366650253
1365.7961113744227,1.3942400022291548
1365.8961113744226,1.3928666724477878
1365.9961113744225,1.391510782164606
1366.0961113744224,1.3901717761880934
1366.1961113744223,1.388849109348806
1366.2961113744223,1.3875422465461973
1366.3961113744222,1.38625066278532
1366.496111374422,1.3849738432037333
1366.596111374422,1.383711283088932
1366.696111374422,1.3824624878866234
1366.7961113744218,1.381226973200174
1366.8961113744217,1.380004264781543
1366.9961113744216,1.3787938985140247
1367.0961113744215,1.3775954203871152
1367.1961113744214,1.3764083864638157
1367.2961113744213,1.3752323628406853
1367.3961113744213,1.3740669256009523
1367.4961113744212,1.3729116607609875
1367.596111374421,1.3717661642104388
1367.696111374421,1.3706300416463315
1367.796111374421,1.3695029085014163
1367.8961113744208,1.3683843898670647
1367.9961113744207,1.367274120410988
1368.0961113744206,1.3661717442900634
1368.1961113744205,1.365076915058538
1368.2961113744204,1.3639892955718835
1368.3961113744203,1.3629085578865614
1368.4961113744203,1.3618343831559578
1368.5961113744202,1.3607664615227422
1368.69611137442,1.3597044920078933
1368.79611137442,1.3586481823966354
1368.89611137442,1.3575972491215185
1368.9961113744198,1.3565514171428708
1369.0961113744197,1.3555104198268477
1369.1961113744196,1.354473998821291
1369.2961113744195,1.3534419039296115
1369.3961113744194,1.3524138929828953
1369.4961113744193,1.3513897317104353
1369.5961113744193,1.3503691936088775
1369.6961113744192,1.3493520598101647
1369.796111374419,1.348338118948463
1369.896111374419,1.347327167026235
1369.996111374419,1.3463190072796358
1370.0961113744188,1.3453134500433817
1370.1961113744187,1.3443103126152554
1370.2961113744186,1.343309419120389
1370.3961113744185,1.3423106003754688
1370.4961113744184,1.3413136937530001
1370.5961113744183,1.340318543045759
1370.6961113744183,1.339324998331555
1370.7961113744182,1.3383329158384296
1370.896111374418,1.3373421578103941
1370.996111374418,1.3363525923738213
1371.096111374418,1.3353640934045918
1371.1961113744178,1.3343765403960877
1371.2961113744177,1.3333898183281305
1371.3961113744176,1.3324038175369464
1371.4961113744175,1.3314184335862391
1371.5961113744174,1.3304335671394507
1371.6961113744173,1.3294491238332782
1371.7961113744173,1.3284650141525127
1371.8961113744172,1.3274811533062696
1371.996111374417,1.3264974611056564
1372.096111374417,1.3255138618429447
1372.196111374417,1.324530284172285
1372.2961113744168,1.323546660992017
1372.3961113744167,1.3225629293286116
1372.4961113744166,1.3215790302222878
1372.5961113744165,1.320594908614332
1372.6961113744164,1.3196105132361562
1372.7961113744163,1.318625796500117
1372.8961113744163,1.3176407143921236
1372.9961113744162,1.316655226366053
1373.096111374416,1.3156692952399864
1373.196111374416,1.3146828870942913
1373.296111374416,1.3136959711715481
1373.3961113744158,1.312708519778342
1373.4961113744157,1.3117205081889167
1373.5961113744156,1.310731914550703
1373.6961113744155,1.309742719791716
1373.7961113744154,1.3087529075298248
1373.8961113744153,1.3077624639838916
1373.9961113744152,1.306771377886774
1374.0961113744152,1.3057796404001834
1374.196111374415,1.3047872450313938
1374.296111374415,1.3037941875517882
1374.3961113744149,1.3028004659172314
1374.4961113744148,1.3018060801902562
1374.5961113744147,1.300811032464049
1374.6961113744146,1.2998153267882153
1374.7961113744145,1.2988189690963132
1374.8961113744144,1.2978219671351319
1374.9961113744143,1.2968243303956966
1375.0961113744142,1.2958260700459812
1375.1961113744142,1.294827198865305
1375.296111374414,1.293827731180393
1375.396111374414,1.2928276828030736
1375.4961113744139,1.2918270709695951
1375.5961113744138,1.2908259142815304
1375.6961113744137,1.2898242326482516
1375.7961113744136,1.288822047230942
1375.8961113744135,1.287819380388126
1375.9961113744134,1.2868162556226859
1376.0961113744133,1.2858126975303428
1376.1961113744132,1.284808731749571
1376.2961113744132,1.283804384912922
1376.396111374413,1.2827996845997285
1376.496111374413,1.2817946592901641
1376.5961113744129,1.280789338320627
1376.6961113744128,1.2797837518404227
1376.7961113744127,1.2787779307697202
1376.8961113744126,1.2777719067587492
1376.9961113744125,1.2767657121482157
1377.0961113744124,1.2757593799309057
1377.1961113744123,1.2747529437144518
1377.2961113744122,1.2737464376852339
1377.3961113744122,1.2727398965733887
1377.496111374412,1.2717333556189017
1377.596111374412,1.2707268505387528
1377.6961113744119,1.2697204174950938
1377.7961113744118,1.2687140930644272
1377.8961113744117,1.2677079142077643
1377.9961113744116,1.2667019182417372
1378.0961113744115,1.2656961428106364
1378.1961113744114,1.2646906258593567
1378.2961113744113,1.2636854056072178
1378.3961113744112,1.2626805205226455
1378.4961113744112,1.2616760092986818
1378.596111374411,1.2606719108293096
1378.696111374411,1.2596682641865593
1378.7961113744109,1.2586651085983864
1378.8961113744108,1.2576624834272878
1378.9961113744107,1.2566604281496447
1379.0961113744106,1.2556589823357651
1379.1961113744105,1.2546581856306074
1379.2961113744104,1.253658077735167
1379.3961113744103,1.252658698388503
1379.4961113744102,1.2516600873503907
1379.5961113744102,1.250662284384574
1379.69611137441,1.2496653292426088
1379.79611137441,1.2486692616482706
1379.8961113744099,1.2476741212825169
1379.9961113744098,1.24667994776898
1380.0961113744097,1.2456867806599818
1380.1961113744096,1.2446946594230464
1380.2961113744095,1.2437036234279015
1380.3961113744094,1.2427137119339502
1380.4961113744093,1.2417249640781989
1380.5961113744092,1.2407374188636267
1380.6961113744092,1.2397511151479836
1380.796111374409,1.2387660916330026
1380.896111374409,1.2377823868540134
1380.9961113744089,1.236800039169944
1381.0961113744088,1.2358190867536996
1381.1961113744087,1.2348395675829036
1381.2961113744086,1.233861519430993
1381.3961113744085,1.2328849798586539
1381.4961113744084,1.231909986205587
1381.5961113744083,1.230936575582593
1381.6961113744082,1.2299647848639677
1381.7961113744082,1.228994650680195
1381.896111374408,1.2280262094109313
1381.996111374408,1.227059497178269
1382.0961113744079,1.2260945498402716
1382.1961113744078,1.2251314029847722
1382.2961113744077,1.224170091923426
1382.3961113744076,1.2232106516860075
1382.4961113744075,1.222253117014948
1382.5961113744074,1.221297522360103
1382.6961113744073,1.2203439018737425
1382.7961113744072,1.2193922894057576
1382.8961113744072,1.2184427184990776
1382.996111374407,1.2174952223852884
1383.096111374407,1.2165498339804495
1383.1961113744069,1.2156065858810987
1383.2961113744068,1.2146655103604438
1383.3961113744067,1.2137266393647315
1383.4961113744066,1.2127900045097897
1383.5961113744065,1.2118556370777396
1383.6961113744064,1.2109235680138677
1383.7961113744063,1.2099938279236582
1383.8961113744062,1.2090664470699775
1383.9961113744062,1.2081414553704077
1384.096111374406,1.207218882394725
1384.196111374406,1.206298757362516
1384.2961113744059,1.2053811091409332
1384.3961113744058,1.20446596624258
1384.4961113744057,1.203553356823524
1384.5961113744056,1.2026433086814372
1384.6961113744055,1.2017358492538548
1384.7961113744054,1.2008310056165523
1384.8961113744053,1.199928804482039
1384.9961113744052,1.19902927219816
1385.0961113744052,1.1981324347468076
1385.196111374405,1.197238317742739
1385.296111374405,1.1963469464324958
1385.3961113744049,1.1954583456934231
1385.4961113744048,1.1945725400327862
1385.5961113744047,1.193689553586982
1385.6961113744046,1.1928094101208437
1385.7961113744045,1.1919321330270327
1385.8961113744044,1.1910577453255222
1385.9961113744043,1.1901862696631629
1386.0961113744042,1.1893177283133343
1386.1961113744042,1.1884521431756763
1386.296111374404,1.187589535775901
1386.396111374404,1.1867299272656815
1386.4961113744039,1.185873338422617
1386.5961113744038,1.1850197896502714
1386.6961113744037,1.184169300978285
1386.7961113744036,1.1833218920625552
1386.8961113744035,1.1824775821854885
1386.9961113744034,1.1816363902563176
1387.0961113744033,1.1807983348114868
1387.1961113744032,1.1799634340150993
1387.2961113744032,1.1791317056594306
1387.396111374403,1.1783031671655004
1387.496111374403,1.177477835583708
1387.5961113744029,1.1766557275945242
1387.6961113744028,1.1758368595092423
1387.7961113744027,1.1750212472707864
1387.8961113744026,1.1742089064545729
1387.9961113744025,1.173399852269428
1388.0961113744024,1.1725940995585582
1388.1961113744023,1.1717916628005725
1388.2961113744022,1.1709925561105539
1388.3961113744022,1.1701967932411848
1388.496111374402,1.1694043875839164
1388.596111374402,1.1686153521701894
1388.6961113744019,1.1678296996727002
1388.7961113744018,1.1670474424067128
1388.8961113744017,1.1662685923314158
1388.9961113744016,1.1654931610513244
1389.0961113744015,1.164721159817723
1389.1961113744014,1.1639525995301532
1389.2961113744013,1.1631874907379403
1389.3961113744012,1.1624258436417614
1389.4961113744012,1.1616676680952538
1389.596111374401,1.1609129736066608
1389.696111374401,1.160161769340516
1389.7961113744009,1.1594140641193644
1389.8961113744008,1.1586698664255217
1389.9961113744007,1.1579291844028652
1390.0961113744006,1.157192025858664
1390.1961113744005,1.1564583982654397
1390.2961113744004,1.1557283087628618
1390.3961113744003,1.155001764159676
1390.4961113744002,1.1542787709356626
1390.5961113744002,1.1535593352436284
1390.6961113744,1.1528434629114261
1390.7961113744,1.1521311594440053
1390.8961113743999,1.1514224300254916
1390.9961113743998,1.1507172795212939
1391.0961113743997,1.1500157124802386
1391.1961113743996,1.1493177331367326
1391.2961113743995,1.1486233454129493
1391.3961113743994,1.1479325529210436
1391.4961113743993,1.1472453589653875
1391.5961113743992,1.1465617665448344
1391.6961113743992,1.1458817783550026
1391.796111374399,1.1452053967905849
1391.896111374399,1.144532623947678
1391.9961113743989,1.143863461626135
1392.0961113743988,1.143197911331937
1392.1961113743987,1.1425359742795882
1392.2961113743986,1.1418776513945255
1392.3961113743985,1.1412229433155525
1392.4961113743984,1.1405718503972884
1392.5961113743983,1.139924372712635
1392.6961113743982,1.1392805100552628
1392.7961113743982,1.1386402619421112
1392.896111374398,1.1380036276159065
1392.996111374398,1.1373706060476936
1393.0961113743979,1.1367411959393845
1393.1961113743978,1.1361153957263188
1393.2961113743977,1.1354932035798397
1393.3961113743976,1.134874617409881
1393.4961113743975,1.1342596348675686
1393.5961113743974,1.133648253347833
1393.6961113743973,1.1330404699920313
1393.7961113743972,1.1324362816905844
1393.8961113743972,1.1318356850856193
1393.996111374397,1.1312386765736244
1394.096111374397,1.1306452523081132
1394.1961113743969,1.1300554082022949
1394.2961113743968,1.1294691399317556
1394.3961113743967,1.1288864429371448
1394.4961113743966,1.1283073124268708
1394.5961113743965,1.1277317433797998
1394.6961113743964,1.127159730547964
1394.7961113743963,1.126591268459273
1394.8961113743962,1.1260263514202302
1394.9961113743962,1.1254649735186555
1395.096111374396,1.124907128626408
1395.196111374396,1.124352810402117
1395.2961113743959,1.1238020122939112
1395.3961113743958,1.1232547275421543
1395.4961113743957,1.1227109491821783
1395.5961113743956,1.1221706700470226
1395.6961113743955,1.1216338827701708
1395.7961113743954,1.1211005797882891
1395.8961113743953,1.1205707533439648
1395.9961113743952,1.1200443954884447
1396.0961113743952,1.1195214980843713
1396.196111374395,1.1190020528085187
1396.296111374395,1.1184860511545274
1396.3961113743949,1.117973484435634
1396.4961113743948,1.1174643437874017
1396.5961113743947,1.116958620170446
1396.6961113743946,1.116456304373156
1396.7961113743945,1.1159573870144133
1396.8961113743944,1.115461858546306
1396.9961113743943,1.1149697092568385
1397.0961113743942,1.1144809292726334
1397.1961113743941,1.1139955085616324
1397.296111374394,1.1135134369357873
1397.396111374394,1.1130347040537465
1397.4961113743939,1.112559299423534
1397.5961113743938,1.1120872124052223
1397.6961113743937,1.1116184322135962
1397.7961113743936,1.1111529479208109
1397.8961113743935,1.1106907484590391
1397.9961113743934,1.1102318226231125
1398.0961113743933,1.109776159073152
1398.1961113743932,1.1093237463371906
1398.2961113743931,1.1088745728137845
1398.396111374393,1.1084286267746162
1398.496111374393,1.1079858963670866
1398.5961113743929,1.1075463696168961
1398.6961113743928,1.1071100344306155
1398.7961113743927,1.1066768785982457
1398.8961113743926,1.1062468897957647
1398.9961113743925,1.105820055587664
1399.0961113743924,1.1053963634294737
1399.1961113743923,1.104975800670272
1399.2961113743922,1.1045583545551854
1399.3961113743921,1.1041440122278743
1399.496111374392,1.1037327607330056
1399.596111374392,1.1033245870187118
1399.6961113743919,1.1029194779390366
1399.7961113743918,1.102517420256366
1399.8961113743917,1.1021184006438454
1399.9961113743916,1.1017224056877826
1400.0961113743915,1.1013294218900354
1400.1961113743914,1.100939435670384
1400.2961113743913,1.1005524333688899
1400.3961113743912,1.1001684012482367
1400.4961113743911,1.0997873254960573
1400.596111374391,1.099409192227245
1400.696111374391,1.0990339874862483
1400.7961113743909,1.0986616972493473
1400.8961113743908,1.0982923074269189
1400.9961113743907,1.0979258038656792
1401.0961113743906,1.0975621723509137
1401.1961113743905,1.0972013986086881
1401.2961113743904,1.096843468308043
1401.3961113743903,1.09648836706317
1401.4961113743902,1.0961360804355718
1401.5961113743901,1.095786593936204
1401.69611137439,1.095439893027599
1401.79611137439,1.0950959631259718
1401.8961113743899,1.0947547896033074
1401.9961113743898,1.094416357789432
1402.0961113743897,1.0940806529740619
1402.1961113743896,1.0937476604088385
1402.2961113743895,1.0934173653093415
1402.3961113743894,1.093089752857084
1402.4961113743893,1.0927648082014894
1402.5961113743892,1.092442516461849
1402.6961113743891,1.0921228627292607
1402.796111374389,1.091805832068548
1402.896111374389,1.0914914095201609
1402.9961113743889,1.0911795801020554
1403.0961113743888,1.090870328811557
1403.1961113743887,1.0905636406272006
1403.2961113743886,1.090259500510554
1403.3961113743885,1.0899578934080203
1403.4961113743884,1.0896588042526218
1403.5961113743883,1.089362217965762
1403.6961113743882,1.0890681194589704
1403.7961113743881,1.0887764936356257
1403.896111374388,1.0884873253926592
1403.996111374388,1.0882005996222397
1404.0961113743879,1.0879163012134367
1404.1961113743878,1.0876344150538648
1404.2961113743877,1.0873549260313071
1404.3961113743876,1.0870778190353194
1404.4961113743875,1.0868030789588143
1404.5961113743874,1.0865306906996246
1404.6961113743873,1.086260639162047
1404.7961113743872,1.0859929092583658
1404.8961113743871,1.085727485910356
1404.996111374387,1.0854643540507674
1405.096111374387,1.085203498624787
1405.1961113743869,1.0849449045914832
1405.2961113743868,1.0846885569252283
1405.3961113743867,1.0844344406171011
1405.4961113743866,1.0841825406762717
1405.5961113743865,1.0839328421313628
1405.6961113743864,1.0836853300317932
1405.7961113743863,1.0834399894491022
1405.8961113743862,1.083196805478251
1405.9961113743861,1.0829557632389075
1406.096111374386,1.0827168478767089
1406.196111374386,1.082480044564506
1406.2961113743859,1.082245338503587
1406.3961113743858,1.0820127149248826
1406.4961113743857,1.081782159090149
1406.5961113743856,1.0815536562931352
1406.6961113743855,1.081327191860726
1406.7961113743854,1.0811027511540712
1406.8961113743853,1.08088031956969
1406.9961113743852,1.0806598825405602
1407.0961113743851,1.0804414255371848
1407.196111374385,1.0802249340686425
1407.296111374385,1.080010393683617
1407.3961113743849,1.0797977899714082
1407.4961113743848,1.0795871085629243
1407.5961113743847,1.0793783351316553
1407.6961113743846,1.0791714553946268
1407.7961113743845,1.0789664551133367
1407.8961113743844,1.0787633200946718
1407.9961113743843,1.0785620361918078
1408.0961113743842,1.0783625893050879
1408.1961113743841,1.0781649653828864
1408.296111374384,1.0779691504224531
1408.396111374384,1.077775130470738
1408.4961113743839,1.0775828916251995
1408.5961113743838,1.0773924200345961
1408.6961113743837,1.0772037018997573
1408.7961113743836,1.0770167234743386
1408.8961113743835,1.0768314710655602
1408.9961113743834,1.076647931034925
1409.0961113743833,1.0764660897989229
1409.1961113743832,1.0762859338297153
1409.2961113743831,1.0761074496558045
1409.396111374383,1.0759306238626847
1409.496111374383,1.075755443093477
1409.5961113743829,1.0755818940495474
1409.6961113743828,1.0754099634911092
1409.7961113743827,1.075239638237807
1409.8961113743826,1.0750709051692875
1409.9961113743825,1.0749037512257507
1410.0961113743824,1.0747381634084874
1410.1961113743823,1.0745741287804005
1410.2961113743822,1.0744116344665104
1410.3961113743821,1.0742506676544443
1410.496111374382,1.07409121559491
1410.596111374382,1.0739332656021565
1410.6961113743819,1.0737768050544159
1410.7961113743818,1.0736218213943336
1410.8961113743817,1.0734683021293814
1410.9961113743816,1.073316234832257
1411.0961113743815,1.0731656071412683
1411.1961113743814,1.0730164067607035
1411.2961113743813,1.0728686214611878
1411.3961113743812,1.0727222390800228
1411.4961113743811,1.072577247521517
1411.596111374381,1.072433634757297
1411.696111374381,1.072291388826609
1411.7961113743809,1.0721504978366054
1411.8961113743808,1.0720109499626165
1411.9961113743807,1.0718727334484113
1412.0961113743806,1.071735836606444
1412.1961113743805,1.071600247818088
1412.2961113743804,1.071465955533855
1412.3961113743803,1.0713329482736065
1412.4961113743802,1.0712012146267458
1412.5961113743801,1.0710707432524038
1412.69611137438,1.0709415228796093
1412.79611137438,1.0708135423074476
1412.8961113743799,1.0706867904052086
1412.9961113743798,1.070561256112521
1413.0961113743797,1.0704369284394772
1413.1961113743796,1.070313796466745
1413.2961113743795,1.0701918493456681
1413.3961113743794,1.0700710762983572
1413.4961113743793,1.0699514666177674
1413.5961113743792,1.0698330096677682
1413.6961113743791,1.069715694883198
1413.796111374379,1.0695995117699137
1413.896111374379,1.0694844499048255
1413.9961113743789,1.069370498935923
1414.0961113743788,1.0692576485822918
1414.1961113743787,1.0691458886341196
1414.2961113743786,1.0690352089526924
1414.3961113743785,1.0689255994703806
1414.4961113743784,1.0688170501906173
1414.5961113743783,1.0687095511878653
1414.6961113743782,1.068603092607576
1414.7961113743781,1.0684976646661388
1414.896111374378,1.0683932576508226
1414.996111374378,1.0682898619197065
1415.0961113743779,1.0681874679016046
1415.1961113743778,1.0680860660959794
1415.2961113743777,1.0679856470728497
1415.3961113743776,1.067886201472688
1415.4961113743775,1.0677877200063117
1415.5961113743774,1.067690193454765
1415.6961113743773,1.0675936126691936
1415.7961113743772,1.067497968570713
1415.8961113743771,1.0674032521502668
1415.996111374377,1.0673094544684798
1416.096111374377,1.0672165666555027
1416.1961113743769,1.0671245799108515
1416.2961113743768,1.0670334855032375
1416.3961113743767,1.066943274770392
1416.4961113743766,1.0668539391188852
1416.5961113743765,1.0667654700239362
1416.6961113743764,1.066677859029219
1416.7961113743763,1.0665910977466613
1416.8961113743762,1.0665051778562367
1416.9961113743761,1.0664200911057518
1417.096111374376,1.0663358293106269
1417.196111374376,1.0662523843536722
1417.2961113743759,1.0661697481848558
1417.3961113743758,1.0660879128210696
1417.4961113743757,1.0660068703458876
1417.5961113743756,1.0659266129093188
1417.6961113743755,1.0658471327275572
1417.7961113743754,1.0657684220827253
1417.8961113743753,1.0656904733226118
1417.9961113743752,1.0656132788604078
1418.0961113743751,1.0655368311744349
1418.196111374375,1.0654611228078708
1418.296111374375,1.0653861463684704
1418.3961113743749,1.065311894528283
1418.4961113743748,1.0652383600233628
1418.5961113743747,1.0651655356534804
1418.6961113743746,1.0650934142818254
1418.7961113743745,1.0650219888347074
1418.8961113743744,1.064951252301255
1418.9961113743743,1.064881197733107
1419.0961113743742,1.0648118182441055
1419.1961113743741,1.0647431070099806
1419.296111374374,1.0646750572680357
1419.396111374374,1.0646076623168272
1419.4961113743739,1.0645409155158432
1419.5961113743738,1.0644748102851775
1419.6961113743737,1.0644093401052022
1419.7961113743736,1.064344498516236
1419.8961113743735,1.0642802791182129
1419.9961113743734,1.0642166755703444
1420.0961113743733,1.0641536815907824
1420.1961113743732,1.0640912909562787
1420.2961113743731,1.0640294975018423
1420.396111374373,1.0639682951203946
1420.496111374373,1.0639076777624226
1420.5961113743729,1.0638476394356304
1420.6961113743728,1.0637881742045885
1420.7961113743727,1.0637292761903818
1420.8961113743726,1.0636709395702555
1420.9961113743725,1.0636131585772601
1421.0961113743724,1.0635559274998934
1421.1961113743723,1.0634992406817436
1421.2961113743722,1.0634430925211285
1421.3961113743721,1.0633874774707353
1421.496111374372,1.0633323900372584
1421.596111374372,1.0632778247810366
1421.6961113743719,1.0632237763156882
1421.7961113743718,1.0631702393077471
1421.8961113743717,1.0631172084762965
1421.9961113743716,1.0630646785926023
1422.0961113743715,1.0630126444797463
1422.1961113743714,1.0629611010122577
1422.2961113743713,1.062910043115745
1422.3961113743712,1.0628594657665278
1422.4961113743711,1.0628093639912668
1422.596111374371,1.062759732866594
1422.696111374371,1.0627105675187445
1422.7961113743709,1.0626618631231843
1422.8961113743708,1.062613614904242
1422.9961113743707,1.0625658181347373
1423.0961113743706,1.0625184681356117
1423.1961113743705,1.062471560275558
1423.2961113743704,1.06242508997065
1423.3961113743703,1.0623790526839738
1423.4961113743702,1.0623334439252565
1423.5961113743701,1.0622882592504985
1423.69611137437,1.0622434942616035
1423.79611137437,1.0621991446060106
1423.8961113743699,1.0621552059763257
1423.9961113743698,1.0621116741099548
1424.0961113743697,1.0620685447887357
1424.1961113743696,1.062025813838573
1424.2961113743695,1.061983477129072
1424.3961113743694,1.0619415305731728
1424.4961113743693,1.0618999701267873
1424.5961113743692,1.0618587917884357
1424.6961113743691,1.0618179915988832
1424.796111374369,1.0617775656407789
1424.896111374369,1.0617375100382949
1424.9961113743689,1.0616978209567671
1425.0961113743688,1.0616584946023362
1425.1961113743687,1.0616195272215896
1425.2961113743686,1.0615809151012061
1425.3961113743685,1.0615426545675992
1425.4961113743684,1.0615047419865646
1425.5961113743683,1.0614671737629258
1425.6961113743682,1.0614299463401833
1425.7961113743681,1.061393056200164
1425.896111374368,1.0613564998626723
1425.996111374368,1.0613202738851426
1426.0961113743679,1.0612843748622924
1426.1961113743678,1.0612487994257789
1426.2961113743677,1.061213544243854
1426.3961113743676,1.0611786060210233
1426.4961113743675,1.0611439814977066
1426.5961113743674,1.061109667449897
1426.6961113743673,1.061075660688826
1426.7961113743672,1.0610419580606263
1426.8961113743671,1.0610085564459988
1426.996111374367,1.0609754527598798
1427.096111374367,1.0609426439511103
1427.1961113743669,1.0609101270021077
1427.2961113743668,1.060877898928538
1427.3961113743667,1.0608459567789905
1427.4961113743666,1.0608142976346544
1427.5961113743665,1.0607829186089965
1427.6961113743664,1.0607518168474415
1427.7961113743663,1.0607209895270535
1427.8961113743662,1.0606904338562197
1427.9961113743661,1.060660147074336
1428.096111374366,1.0606301264514937
1428.196111374366,1.0606003692881698
1428.2961113743659,1.0605708729149175
1428.3961113743658,1.0605416346920589
1428.4961113743657,1.0605126520093806
1428.5961113743656,1.060483922285831
1428.6961113743655,1.0604554429692183
1428.7961113743654,1.060427211535912
1428.8961113743653,1.0603992254905454
1428.9961113743652,1.0603714823657213
1429.0961113743651,1.0603439797217182
1429.196111374365,1.0603167151461994
1429.296111374365,1.060289686253924
1429.3961113743649,1.06026289068646
1429.4961113743648,1.060236326111899
1429.5961113743647,1.0602099902245739
1429.6961113743646,1.0601838807447777
1429.7961113743645,1.0601579954184845
1429.8961113743644,1.0601323320170737
1429.9961113743643,1.0601068883370541
1430.0961113743642,1.0600816621997924
1430.1961113743641,1.0600566514512426
1430.296111374364,1.060031853961677
1430.396111374364,1.0600072676254209
1430.4961113743639,1.0599828903605875
1430.5961113743638,1.0599587201088165
1430.6961113743637,1.059934754835014
1430.7961113743636,1.0599109925270946
1430.8961113743635,1.0598874311957256
1430.9961113743634,1.059864068874073
1431.0961113743633,1.0598409036175511
1431.1961113743632,1.0598179335035718
1431.2961113743631,1.0597951566312975
1431.396111374363,1.059772571121397
1431.496111374363,1.0597501751158005
