1205.8961113745681,3.334767967315078e-26
1205.996111374568,3.6278877242142545e-26
1206.096111374568,3.946532904829297e-26
1206.1961113745679,4.2929051342921593e-26
1206.2961113745678,4.6693940750750485e-26
1206.3961113745677,5.078593325481744e-26
1206.4961113745676,5.523317648444541e-26
1206.5961113745675,6.00662164075674e-26
1206.6961113745674,6.531819961883647e-26
1206.7961113745673,7.102509251242678e-26
1206.8961113745672,7.722591873378858e-26
1206.9961113745671,8.396301641847583e-26
1207.096111374567,9.128231684920051e-26
1207.196111374567,9.923364629526885e-26
1207.2961113745669,1.0787105294224512e-25
1207.3961113745668,1.1725316097493305e-25
1207.4961113745667,1.2744355404455483e-25
1207.5961113745666,1.3851119053221209e-25
1207.6961113745665,1.505308532165453e-25
1207.7961113745664,1.6358363616496648e-25
1207.8961113745663,1.7775747189635772e-25
1207.9961113745662,1.9314770210981126e-25
1208.0961113745661,2.098576955405976e-25
1208.196111374566,2.279995167922041e-25
1208.296111374566,2.476946503042789e-25
1208.3961113745659,2.6907478395174445e-25
1208.4961113745658,2.922826571328337e-25
1208.5961113745657,3.1747297859495564e-25
1208.6961113745656,3.4481341966978053e-25
1208.7961113745655,3.744856890447214e-25
1208.8961113745654,4.0668669569042773e-25
1208.9961113745653,4.416298070949062e-25
1209.0961113745652,4.795462105285212e-25
1209.1961113745651,5.206863856827874e-25
1209.296111374565,5.653216976938231e-25
1209.396111374565,6.137461202818954e-25
1209.4961113745649,6.662780995161454e-25
1209.5961113745648,7.232625695525948e-25
1209.6961113745647,7.850731325985984e-25
1209.7961113745646,8.521144163336949e-25
1209.8961113745645,9.248246230698627e-25
1209.9961113745644,1.0036782860708614e-24
1210.0961113745643,1.0891892496756272e-24
1210.1961113745642,1.1819138911926683e-24
1210.2961113745641,1.2824546039581786e-24
1210.396111374564,1.3914635624872946e-24
1210.496111374564,1.5096467923063756e-24
1210.5961113745639,1.637768568841017e-24
1210.6961113745638,1.7766561716617402e-24
1210.7961113745637,1.9272050224672795e-24
1210.8961113745636,2.090384237424522e-24
1210.9961113745635,2.26724262689917e-24
1211.0961113745634,2.4589151782130904e-24
1211.1961113745633,2.666630059869516e-24
1211.2961113745632,2.891716188710048e-24
1211.3961113745631,3.1356114047254482e-24
1211.496111374563,3.399871301752612e-24
1211.596111374563,3.686178766072705e-24
1211.6961113745629,3.9963542790016935e-24
1211.7961113745628,4.3323670439556955e-24
1211.8961113745627,4.696347003203085e-24
1211.9961113745626,5.0905978146139526e-24
1212.0961113745625,5.517610864203603e-24
1212.1961113745624,5.980080396182914e-24
1212.2961113745623,6.480919848593601e-24
1212.3961113745622,7.023279489466885e-24
1212.4961113745621,7.61056545582817e-24
1212.596111374562,8.246460305823212e-24
1212.696111374562,8.934945202807018e-24
1212.7961113745619,9.680323859451666e-24
1212.8961113745618,1.0487248379861098e-23
1212.9961113745617,1.136074714836208e-23
1213.0961113745616,1.2306254925145939e-23
1213.1961113745615,1.3329645321315666e-23
1213.2961113745614,1.4437265839222158e-23
1213.3961113745613,1.563597567830961e-23
1213.4961113745612,1.6933186522136058e-23
1213.5961113745611,1.8336906538830438e-23
1213.696111374561,1.9855787845134368e-23
1213.796111374561,2.149917770339701e-23
1213.8961113745609,2.3277173741584832e-23
1213.9961113745608,2.520068350862799e-23
1214.0961113745607,2.728148870136452e-23
1214.1961113745606,2.953231442510357e-23
1214.2961113745605,3.1966903877532163e-23
1214.3961113745604,3.460009887548311e-23
1214.4961113745603,3.74479266761287e-23
1214.5961113745602,4.052769357862369e-23
1214.6961113745601,4.385808582927717e-23
1214.79611137456,4.745927839317457e-23
1214.89611137456,5.135305219801674e-23
1214.9961113745599,5.556292050198653e-23
1215.0961113745598,6.011426508698334e-23
1215.1961113745597,6.503448303176877e-23
1215.2961113745596,7.035314487679658e-23
1215.3961113745595,7.610216505397012e-23
1215.4961113745594,8.23159855206753e-23
1215.5961113745593,8.903177360843727e-23
1215.6961113745592,9.628963517288269e-23
1215.7961113745591,1.0413284421368813e-22
1215.896111374559,1.1260809022132458e-22
1215.996111374559,1.2176574460202523e-22
1216.0961113745589,1.3166014763418574e-22
1216.1961113745588,1.4234991751858718e-22
1216.2961113745587,1.5389828320222243e-22
1216.3961113745586,1.6637344278154693e-22
1216.4961113745585,1.7984894942639396e-22
1216.5961113745584,1.944041269111161e-22
1216.6961113745583,2.101245169957449e-22
1216.7961113745582,2.271023610675494e-22
1216.8961113745581,2.4543711863346453e-22
1216.996111374558,2.652360254470946e-22
1217.096111374558,2.866146942615555e-22
1217.1961113745579,3.0969776142218937e-22
1217.2961113745578,3.3461958275231756e-22
1217.3961113745577,3.6152498244185123e-22
1217.4961113745576,3.905700589241983e-22
1217.5961113745575,4.2192305202242376e-22
1217.6961113745574,4.557652759631202e-22
1217.7961113745573,4.922921231967889e-22
1217.8961113745572,5.317141443290677e-22
1217.9961113745571,5.742582098590601e-22
1218.096111374557,6.201687598417208e-22
1218.196111374557,6.697091480423552e-22
1218.2961113745569,7.231630876355822e-22
1218.3961113745568,7.808362060200149e-22
1218.4961113745567,8.430577168771813e-22
1218.5961113745566,9.10182218200191e-22
1218.6961113745565,9.825916256585368e-22
1218.7961113745564,1.0606972513521585e-21
1218.8961113745563,1.1449420387445824e-21
1218.9961113745562,1.2358029653549082e-21
1219.0961113745561,1.3337936256349963e-21
1219.196111374556,1.439467007366292e-21
1219.296111374556,1.5534184758839682e-21
1219.3961113745559,1.6762889814792333e-21
1219.4961113745558,1.8087685064490418e-21
1219.5961113745557,1.951599769460991e-21
1219.6961113745556,2.105582206185631e-21
1219.7961113745555,2.271576246525308e-21
1219.8961113745554,2.4505079102433687e-21
1219.9961113745553,2.6433737443784066e-21
1220.0961113745552,2.8512461275222797e-21
1220.1961113745551,3.0752789678538314e-21
1220.296111374555,3.316713823765558e-21
1220.396111374555,3.576886478001469e-21
1220.4961113745549,3.8572339984558306e-21
1220.5961113745548,4.1593023211704006e-21
1220.6961113745547,4.484754393627508e-21
1220.7961113745546,4.835378919175559e-21
1220.8961113745545,5.213099746358346e-21
1220.9961113745544,5.619985950061435e-21
1221.0961113745543,6.058262654753247e-21
1221.1961113745542,6.530322653700152e-21
1221.2961113745541,7.038738881891661e-21
1221.396111374554,7.586277804539439e-21
1221.496111374554,8.175913787431887e-21
1221.5961113745539,8.810844520158765e-21
1221.6961113745538,9.494507568277534e-21
1221.7961113745537,1.0230598135916774e-20
1221.8961113745536,1.1023088126104394e-20
1221.9961113745535,1.1876246592315538e-20
1222.0961113745534,1.2794661681372792e-20
1222.1961113745533,1.378326417493285e-20
1222.2961113745532,1.4847352744393423e-20
1222.3961113745531,1.5992621042182767e-20
1222.496111374553,1.7225186761089998e-20
1222.596111374553,1.855162280259488e-20
1222.6961113745529,1.9978990705105723e-20
1222.7961113745528,2.1514876493652374e-20
1222.8961113745527,2.3167429123958372e-20
1222.9961113745526,2.4945401705988188e-20
1223.0961113745525,2.6858195705069976e-20
1223.1961113745524,2.891590833261153e-20
1223.2961113745523,3.112938335329309e-20
1223.3961113745522,3.351026555152513e-20
1223.4961113745521,3.607105911695523e-20
1223.596111374552,3.882519022697514e-20
1223.696111374552,4.1787074123595844e-20
1223.7961113745519,4.4972187002818105e-20
1223.8961113745518,4.8397143056804585e-20
1223.9961113745517,5.207977703285479e-20
1224.0961113745516,5.603923269852442e-20
1224.1961113745515,6.029605762928346e-20
1224.2961113745514,6.487230476401881e-20
1224.3961113745513,6.979164120458832e-20
1224.4961113745512,7.507946476861743e-20
1224.5961113745511,8.076302883998715e-20
1224.696111374551,8.687157609910463e-20
1224.796111374551,9.343648175526791e-20
1224.8961113745509,1.0049140694637451e-19
1224.9961113745508,1.0807246301707955e-19
1225.0961113745507,1.1621838743550074e-19
1225.1961113745506,1.2497073216083083e-19
1225.2961113745505,1.3437406533007765e-19
1225.3961113745504,1.4447618719172612e-19
1225.4961113745503,1.5532836127776674e-19
1225.5961113745502,1.6698556187346702e-19
1225.6961113745501,1.7950673891671779e-19
1225.79611137455,1.9295510153625329e-19
1225.89611137455,2.0739842152051324e-19
1225.9961113745499,2.2290935809718474e-19
1226.0961113745498,2.395658054973811e-19
1226.1961113745497,2.574512648788815e-19
1226.2961113745496,2.7665524228982944e-19
1226.3961113745495,2.9727367446861203e-19
1226.4961113745494,3.1940938439744325e-19
1226.5961113745493,3.43172568657214e-19
1226.6961113745492,3.6868131876982746e-19
1226.7961113745491,3.960621788621491e-19
1226.896111374549,4.254507421434283e-19
1226.996111374549,4.569922888563144e-19
1227.0961113745489,4.908424685409324e-19
1227.1961113745488,5.27168029642808e-19
1227.2961113745487,5.661475996993791e-19
1227.3961113745486,6.079725195572844e-19
1227.4961113745485,6.528477353044196e-19
1227.5961113745484,7.009927518479664e-19
1227.6961113745483,7.526426523328551e-19
1227.7961113745482,8.080491878760992e-19
1227.8961113745481,8.674819423915651e-19
1227.996111374548,9.312295775985903e-19
1228.096111374548,9.996011636480097e-19
1228.1961113745479,1.0729276011608621e-18
1228.2961113745478,1.1515631408613706e-18
1228.3961113745477,1.2358870073964643e-18
1228.4961113745476,1.3263051343724932e-18
1228.5961113745475,1.4232520181060604e-18
1228.6961113745474,1.5271926980830618e-18
1228.7961113745473,1.6386248726493564e-18
1228.8961113745472,1.758081159020327e-18
1228.9961113745471,1.886131507296996e-18
1229.096111374547,2.023385778815994e-18
1229.196111374547,2.1704964998413614e-18
1229.2961113745469,2.328161802331373e-18
1229.3961113745468,2.49712856428544e-18
1229.4961113745467,2.678195762998014e-18
1229.5961113745466,2.8722180554211614e-18
1229.6961113745465,3.0801096007691936e-18
1229.7961113745464,3.3028481414892506e-18
1229.8961113745463,3.54147935977773e-18
1229.9961113745462,3.797121527944707e-18
1230.0961113745461,4.070970472123188e-18
1230.196111374546,4.364304870092864e-18
1230.296111374546,4.678491905339101e-18
1230.3961113745459,5.01499330090949e-18
1230.4961113745458,5.375371758159894e-18
1230.5961113745457,5.7612978271129e-18
1230.6961113745456,6.174557236883428e-18
1230.7961113745455,6.61705871647076e-18
1230.8961113745454,7.090842338175586e-18
1230.9961113745453,7.598088417988541e-18
1231.0961113745452,8.141127009510943e-18
1231.1961113745451,8.722448030329907e-18
1231.296111374545,9.344712062275645e-18
1231.396111374545,1.0010761869654763e-17
1231.4961113745449,1.0723634682389616e-17
1231.5961113745448,1.148657529400466e-17
1231.6961113745447,1.2303050027606753e-17
1231.7961113745446,1.317676162640765e-17
1231.8961113745445,1.4111665128960376e-17
1231.9961113745444,1.5111984793122227e-17
1232.0961113745443,1.618223213684942e-17
1232.1961113745442,1.7327225168268373e-17
1232.2961113745441,1.855210888208494e-17
1232.396111374544,1.9862377104298777e-17
1232.496111374544,2.126389577239474e-17
1232.5961113745439,2.2762927743725355e-17
1232.6961113745438,2.4366159230669393e-17
1232.7961113745437,2.6080727967405015e-17
1232.8961113745436,2.791425321976292e-17
1232.9961113745435,2.987486775667335e-17
1233.0961113745434,3.197125190920127e-17
1233.1961113745433,3.4212669851108155e-17
1233.2961113745432,3.660900824331776e-17
1233.3961113745431,3.917081739361628e-17
1233.496111374543,4.1909355092432396e-17
1233.596111374543,4.483663329562918e-17
1233.6961113745429,4.7965467835973353e-17
1233.7961113745428,5.130953135630352e-17
1233.8961113745427,5.4883409669507e-17
1233.9961113745426,5.870266176322946e-17
1234.0961113745425,6.278388368082931e-17
1234.1961113745424,6.714477652453482e-17
1234.2961113745423,7.180421884207333e-17
1234.3961113745422,7.678234367426962e-17
1234.4961113745421,8.210062055838806e-17
1234.596111374542,8.778194280023955e-17
1234.696111374542,9.385072034750062e-17
1234.7961113745419,1.0033297861726455e-16
1234.8961113745418,1.072564636526638e-16
1234.9961113745417,1.1465075400655878e-16
1235.0961113745416,1.225473797748348e-16
1235.1961113745415,1.309799492278829e-16
1235.2961113745414,1.399842835164396e-16
1235.3961113745413,1.4959855995724144e-16
1235.4961113745412,1.5986346443497065e-16
1235.5961113745411,1.7082235348985707e-16
1235.696111374541,1.8252142669520617e-16
1235.796111374541,1.9500990996604482e-16
1235.8961113745409,2.0834025047930385e-16
1235.9961113745408,2.225683239274322e-16
1236.0961113745407,2.377536548713785e-16
1236.1961113745406,2.5395965100550647e-16
1236.2961113745405,2.7125385219640305e-16
1236.3961113745404,2.8970819520991476e-16
1236.4961113745403,3.0939929509620764e-16
1236.5961113745402,3.304087442614169e-16
1236.6961113745401,3.5282343031668496e-16
1236.79611137454,3.7673587386136047e-16
1236.89611137454,4.0224458742694104e-16
1236.9961113745399,4.294544568822951e-16
1237.0961113745398,4.584771466790847e-16
1237.1961113745397,4.894315303992418e-16
1237.2961113745396,5.224441481541284e-16
1237.3961113745395,5.576496924781108e-16
1237.4961113745394,5.951915244576452e-16
1237.5961113745393,6.352222219412953e-16
1237.6961113745392,6.779041617863624e-16
1237.7961113745391,7.234101382146617e-16
1237.896111374539,7.719240194735792e-16
1237.996111374539,8.236414451293875e-16
1238.0961113745389,8.787705664582193e-16
1238.1961113745388,9.375328325467425e-16
1238.2961113745387,1.0001638248693792e-15
1238.3961113745386,1.066914143273242e-15
1238.4961113745385,1.1380503464752614e-15
1238.5961113745384,1.2138559503597096e-15
1238.6961113745383,1.2946324875585077e-15
1238.7961113745382,1.3807006320020777e-15
1238.8961113745381,1.472401392345924e-15
1238.996111374538,1.5700973784077441e-15
1239.096111374538,1.6741741449930018e-15
1239.1961113745378,1.785041617743907e-15
1239.2961113745378,1.90313560591825e-15
1239.3961113745377,2.0289194072921347e-15
1239.4961113745376,2.1628855106843044e-15
1239.5961113745375,2.3055574019205134e-15
1239.6961113745374,2.4574914793964415e-15
1239.7961113745373,2.619279085755868e-15
1239.8961113745372,2.7915486625803187e-15
1239.9961113745371,2.974968035387065e-15
1240.096111374537,3.170246836655906e-15
1240.196111374537,3.37813907505253e-15
1240.2961113745368,3.599445859489617e-15
1240.3961113745368,3.835018287165542e-15
1240.4961113745367,4.08576050524949e-15
1240.5961113745366,4.3526329564384714e-15
1240.6961113745365,4.636655819201234e-15
1240.7961113745364,4.9389126541460935e-15
1240.8961113745363,5.2605542686065986e-15
1240.9961113745362,5.602802812233397e-15
1241.0961113745361,5.9669561171130895e-15
1241.196111374536,6.3543922967084e-15
1241.296111374536,6.766574618732184e-15
1241.3961113745358,7.205056667929225e-15
1241.4961113745358,7.671487815651287e-15
1241.5961113745357,8.167619014071743e-15
1241.6961113745356,8.695308933902104e-15
1241.7961113745355,9.256530465541839e-15
1241.8961113745354,9.853377604725967e-15
1241.9961113745353,1.0488072744925975e-14
1242.0961113745352,1.1162974400019778e-14
1242.1961113745351,1.188058538207415e-14
1242.296111374535,1.2643561460486561e-14
1242.396111374535,1.345472053020929e-14
1242.4961113745348,1.4317052318342076e-14
1242.5961113745348,1.5233728660023507e-14
1242.6961113745347,1.6208114376288214e-14
1242.7961113745346,1.724377878838687e-14
1242.8961113745345,1.8344507904999725e-14
1242.9961113745344,1.9514317320807998e-14
1243.0961113745343,2.0757465867037687e-14
1243.1961113745342,2.2078470056852256e-14
1243.2961113745341,2.3482119370861862e-14
1243.396111374534,2.4973492430530402e-14
1243.496111374534,2.655797410991777e-14
1243.5961113745338,2.82412736389908e-14
1243.6961113745338,3.0029443754686206e-14
1243.7961113745337,3.192890095901559e-14
1243.8961113745336,3.394644694677714e-14
1243.9961113745335,3.6089291268892405e-14
1244.0961113745334,3.836507530102209e-14
1244.1961113745333,4.078189759094681e-14
1244.2961113745332,4.334834066223687e-14
1244.3961113745331,4.607349935598941e-14
1244.496111374533,4.896701079689277e-14
1244.596111374533,5.20390860745949e-14
1244.6961113745328,5.5300543736329407e-14
1244.7961113745328,5.876284519198467e-14
1244.8961113745327,6.243813213832048e-14
1244.9961113745326,6.633926611483728e-14
1245.0961113745325,7.047987030992951e-14
1245.1961113745324,7.487437374237616e-14
1245.2961113745323,7.953805795001818e-14
1245.3961113745322,8.448710632459614e-14
1245.4961113745321,8.973865623923601e-14
1245.596111374532,9.531085412298744e-14
1245.696111374532,1.0122291364512297e-13
1245.7961113745318,1.0749517718068816e-13
1245.8961113745318,1.1414918073798864e-13
1245.9961113745317,1.2120772253841682e-13
1246.0961113745316,1.2869493544922173e-13
1246.1961113745315,1.3663636348055212e-13
1246.2961113745314,1.4505904256943062e-13
1246.3961113745313,1.539915858851581e-13
1246.4961113745312,1.6346427390319245e-13
1246.5961113745311,1.7350914950767365e-13
1246.696111374531,1.841601183965838e-13
1246.796111374531,1.9545305507811465e-13
1246.8961113745308,2.0742591476207634e-13
1246.9961113745308,2.201188514662665e-13
1247.0961113745307,2.335743426746688e-13
1247.1961113745306,2.4783732090206036e-13
1247.2961113745305,2.6295531253837155e-13
1247.3961113745304,2.789785843657476e-13
1247.4961113745303,2.959602981619111e-13
1247.5961113745302,3.1395667382516574e-13
1247.6961113745301,3.330271614791703e-13
1247.79611137453,3.532346230395758e-13
1247.89611137453,3.746455237498644e-13
1247.9961113745298,3.973301342201398e-13
1248.0961113745298,4.213627435304761e-13
1248.1961113745297,4.468218839896271e-13
1248.2961113745296,4.737905681706246e-13
1248.3961113745295,5.023565388770051e-13
1248.4961113745294,5.326125327273026e-13
1248.5961113745293,5.646565580809934e-13
1248.6961113745292,5.985921880664677e-13
1248.7961113745291,6.345288695108041e-13
1248.896111374529,6.725822486123075e-13
1248.996111374529,7.128745142401117e-13
1249.0961113745288,7.555347597903935e-13
1249.1961113745288,8.006993645765869e-13
1249.2961113745287,8.485123957809491e-13
1249.3961113745286,8.991260320472998e-13
1249.4961113745285,9.527010098500552e-13
1249.5961113745284,1.0094070938323446e-12
1249.6961113745283,1.069423572366824e-12
1249.7961113745282,1.1329397796565754e-12
1249.8961113745281,1.2001556457601326e-12
1249.996111374528,1.2712822759950828e-12
1250.096111374528,1.3465425612479855e-12
1250.1961113745278,1.4261718207959008e-12
1250.2961113745278,1.510418479325383e-12
1250.3961113745277,1.59954477992005e-12
1250.4961113745276,1.6938275348768754e-12
1250.5961113745275,1.793558916304437e-12
1250.6961113745274,1.899047288554881e-12
1250.7961113745273,2.010618084643429e-12
1250.8961113745272,2.1286147289176058e-12
1250.9961113745271,2.2533996083505788e-12
1251.096111374527,2.3853550949519864e-12
1251.196111374527,2.5248846219133496e-12
1251.2961113745268,2.672413816235136e-12
1251.3961113745268,2.828391690719233e-12
1251.4961113745267,2.9932918983528786e-12
1251.5961113745266,3.167614052260382e-12
1251.6961113745265,3.3518851145551397e-12
1251.7961113745264,3.546660857589493e-12
1251.8961113745263,3.75252740127155e-12
1251.9961113745262,3.970102830298723e-12
1252.0961113745261,4.2000388953467614e-12
1252.196111374526,4.44302280245069e-12
1252.296111374526,4.699779095021585e-12
1252.3961113745258,4.9710716331599355e-12
1252.4961113745258,5.257705675154105e-12
1252.5961113745257,5.560530066289725e-12
1252.6961113745256,5.880439540345796e-12
1252.7961113745255,6.218377139413957e-12
1252.8961113745254,6.575336757950098e-12
1252.9961113745253,6.952365817254368e-12
1253.0961113745252,7.3505680768738e-12
1253.1961113745251,7.77110658973669e-12
1253.296111374525,8.215206808153074e-12
1253.396111374525,8.684159848162282e-12
1253.4961113745248,9.179325920064105e-12
1253.5961113745248,9.702137933348102e-12
1253.6961113745247,1.025410528462808e-11
1253.7961113745246,1.0836817837598457e-11
1253.8961113745245,1.1451950104462335e-11
1253.9961113745244,1.210126563872739e-11
1254.0961113745243,1.2786621649739882e-11
1254.1961113745242,1.3509973849815808e-11
1254.2961113745241,1.4273381545345684e-11
1254.396111374524,1.507901298378605e-11
1254.496111374524,1.59291509690131e-11
1254.5961113745238,1.6826198758104363e-11
1254.6961113745238,1.777268625322668e-11
1254.7961113745237,1.8771276502953158e-11
1254.8961113745236,1.9824772528004356e-11
1254.9961113745235,2.093612448710907e-11
1255.0961113745234,2.2108437199417194e-11
1255.1961113745233,2.3344978040661935e-11
1255.2961113745232,2.46491852310705e-11
1255.3961113745231,2.6024676533863135e-11
1255.496111374523,2.7475258384048683e-11
1255.596111374523,2.900493546814824e-11
1255.6961113745228,3.061792077642364e-11
1255.7961113745228,3.231864615019524e-11
1255.8961113745227,3.411177334786435e-11
1255.9961113745226,3.600220565435486e-11
1256.0961113745225,3.799510005981626e-11
1256.1961113745224,4.009588003462176e-11
1256.2961113745223,4.2310248928931507e-11
1256.3961113745222,4.4644204026387014e-11
1256.4961113745221,4.710405128285052e-11
1256.596111374522,4.969642078251449e-11
1256.696111374522,5.2428282945176586e-11
1256.7961113745218,5.5306965520013264e-11
1256.8961113745218,5.834017140278508e-11
1256.9961113745217,6.153599731508054e-11
1257.0961113745216,6.49029533859523e-11
1257.1961113745215,6.844998367811723e-11
1257.2961113745214,7.218648770279301e-11
1257.3961113745213,7.612234296922924e-11
1257.4961113745212,8.026792861705008e-11
1257.5961113745211,8.463415018169123e-11
1257.696111374521,8.923246554545972e-11
1257.796111374521,9.407491212908413e-11
1257.8961113745208,9.917413538108169e-11
1257.9961113745208,1.0454341862480752e-10
1258.0961113745207,1.1019671432571516e-10
1258.1961113745206,1.1614867684413291e-10
1258.2961113745205,1.2241469674174458e-10
1258.3961113745204,1.2901093671297825e-10
1258.4961113745203,1.3595436921565127e-10
1258.5961113745202,1.432628158784849e-10
1258.6961113745201,1.5095498876651497e-10
1258.79611137452,1.5905053358898798e-10
1258.89611137452,1.6757007493801457e-10
1258.9961113745198,1.7653526365013682e-10
1259.0961113745198,1.8596882638696084e-10
1259.1961113745197,1.9589461753521316e-10
1259.2961113745196,2.0633767353092658e-10
1259.3961113745195,2.1732426971701298e-10
1259.4961113745194,2.2888197984820393e-10
1259.5961113745193,2.410397383622797e-10
1259.6961113745192,2.5382790554162196e-10
1259.7961113745191,2.6727833569447464e-10
1259.896111374519,2.8142444849086576e-10
1259.996111374519,2.963013035939243e-10
1260.0961113745188,3.1194567873333924e-10
1260.1961113745188,3.2839615137402417e-10
1260.2961113745187,3.4569318413953596e-10
1260.3961113745186,3.638792141565935e-10
1260.4961113745185,3.829987464941663e-10
1260.5961113745184,4.0309845187787386e-10
1260.6961113745183,4.242272688681769e-10
1260.7961113745182,4.4643651069873634e-10
1260.8961113745181,4.697799769796622e-10
1260.996111374518,4.943140704789231e-10
1261.096111374518,5.200979192042155e-10
1261.1961113745178,5.471935040168785e-10
1261.2961113745177,5.756657920191395e-10
1261.3961113745177,6.055828759660384e-10
1261.4961113745176,6.370161199639139e-10
1261.5961113745175,6.700403117281552e-10
1261.6961113745174,7.047338216843219e-10
1261.7961113745173,7.411787692084585e-10
1261.8961113745172,7.794611963146808e-10
1261.996111374517,8.196712491108818e-10
1262.096111374517,8.619033673564986e-10
1262.196111374517,9.062564824702087e-10
1262.2961113745168,9.528342243494981e-10
1262.3961113745167,1.001745137378981e-09
1262.4961113745167,1.0531029060198291e-09
1262.5961113745166,1.1070265903884187e-09
1262.6961113745165,1.1636408722492584e-09
1262.7961113745164,1.2230763118642562e-09
1262.8961113745163,1.2854696161584558e-09
1262.9961113745162,1.3509639186809318e-09
1263.096111374516,1.4197090718589292e-09
1263.196111374516,1.491861952063327e-09
1263.296111374516,1.56758677802441e-09
1263.3961113745158,1.647055443158516e-09
1263.4961113745157,1.7304478623886548e-09
1263.5961113745157,1.817952334065421e-09
1263.6961113745156,1.9097659176187333e-09
1263.7961113745155,2.0060948275961162e-09
1263.8961113745154,2.1071548447691207e-09
1263.9961113745153,2.213171745016735e-09
1264.0961113745152,2.324381746722415e-09
1264.196111374515,2.4410319774505987e-09
1264.296111374515,2.563380960698876e-09
1264.396111374515,2.6916991235528908e-09
1264.4961113745148,2.8262693261038756e-09
1264.5961113745147,2.967387413522187e-09
1264.6961113745147,3.115362791715242e-09
1264.7961113745146,3.270519027534198e-09
1264.8961113745145,3.4331944745314853e-09
1264.9961113745144,3.6037429253100636e-09
1265.0961113745143,3.78253429154571e-09
1265.1961113745142,3.969955312805066e-09
1265.296111374514,4.166410295326053e-09
1265.396111374514,4.3723218819715285e-09
1265.496111374514,4.5881318546140665e-09
1265.5961113745138,4.814301970257535e-09
1265.6961113745137,5.051314832251296e-09
1265.7961113745137,5.299674798004334e-09
1265.8961113745136,5.55990892466063e-09
1265.9961113745135,5.832567954251779e-09
1266.0961113745134,6.118227339901119e-09
1266.1961113745133,6.417488314712825e-09
1266.2961113745132,6.730979005040427e-09
1266.396111374513,7.059355589894375e-09
1266.496111374513,7.403303508312697e-09
1266.596111374513,7.763538716588248e-09
1266.6961113745128,8.140808997316544e-09
1266.7961113745127,8.535895322301154e-09
1266.8961113745127,8.949613271429347e-09
1266.9961113745126,9.38281450971022e-09
1267.0961113745125,9.836388324746325e-09
1267.1961113745124,1.0311263226996674e-08
1267.2961113745123,1.0808408615273633e-08
1267.3961113745122,1.1328836510006739e-08
1267.496111374512,1.1873603356899819e-08
1267.596111374512,1.2443811903703748e-08
1267.696111374512,1.3040613152925527e-08
1267.7961113745118,1.3665208393399064e-08
1267.8961113745117,1.4318851313747333e-08
1267.9961113745117,1.5002850200877027e-08
1268.0961113745116,1.5718570226759298e-08
1268.1961113745115,1.646743582686817e-08
1268.2961113745114,1.725093317376914e-08
1268.3961113745113,1.8070612749476565e-08
1268.4961113745112,1.8928092020327145e-08
1268.596111374511,1.9825058218251316e-08
1268.696111374511,2.0763271232462266e-08
1268.796111374511,2.1744566615726038e-08
1268.8961113745108,2.2770858709522793e-08
1268.9961113745107,2.3844143892561697e-08
1269.0961113745107,2.4966503957271723e-08
1269.1961113745106,2.6140109619049837e-08
1269.2961113745105,2.736722416321745e-08
1269.3961113745104,2.8650207234811693e-08
1269.4961113745103,2.999151877651297e-08
1269.5961113745102,3.139372312019818e-08
1269.69611137451,3.2859493237797973e-08
1269.79611137451,3.439161515733508e-08
1269.89611137451,3.599299255022195e-08
1269.9961113745098,3.766665149610627e-08
1270.0961113745097,3.941574543177161e-08
1270.1961113745097,4.12435602908175e-08
1270.2961113745096,4.315351984108297e-08
1270.3961113745095,4.5149191227003944e-08
1270.4961113745094,4.723429072435102e-08
1270.5961113745093,4.941268971503549e-08
1270.6961113745092,5.1688420889944484e-08
1270.796111374509,5.406568468802135e-08
1270.896111374509,5.6548855980096313e-08
1270.996111374509,5.9142491006249815e-08
1271.0961113745088,6.185133457578791e-08
1271.1961113745087,6.468032753921586e-08
1271.2961113745087,6.763461454190001e-08
1271.3961113745086,7.071955206944008e-08
1271.4961113745085,7.394071679509989e-08
1271.5961113745084,7.7303914239987e-08
1271.6961113745083,8.081518775702625e-08
1271.7961113745082,8.448082785013217e-08
1271.896111374508,8.830738184036292e-08
1271.996111374508,9.230166389121871e-08
1272.096111374508,9.647076540564745e-08
1272.1961113745078,1.008220658077256e-07
1272.2961113745077,1.0536324372240713e-07
1272.3961113745077,1.1010228856715888e-07
1272.4961113745076,1.1504751256975315e-07
1272.5961113745075,1.2020756322693997e-07
1272.6961113745074,1.2559143621920056e-07
1272.7961113745073,1.3120848879725644e-07
1272.8961113745072,1.3706845365652854e-07
1272.996111374507,1.4318145331622365e-07
1273.096111374507,1.4955801502029334e-07
1273.196111374507,1.5620908617800873e-07
1273.2961113745068,1.6314605036249862e-07
1273.3961113745067,1.7038074388613357e-07
1273.4961113745067,1.7792547297226035e-07
1273.5961113745066,1.857930315433779e-07
1273.6961113745065,1.9399671964648e-07
1273.7961113745064,2.0255036253693293e-07
1273.8961113745063,2.1146833044290893e-07
1273.9961113745062,2.2076555903308042e-07
1274.096111374506,2.3045757061097962e-07
1274.196111374506,2.4056049606013206e-07
1274.296111374506,2.5109109756481757e-07
1274.3961113745058,2.6206679213207216e-07
1274.4961113745057,2.735056759413033e-07
1274.5961113745057,2.8542654954870997e-07
1274.6961113745056,2.9784894397449125e-07
1274.7961113745055,3.107931477016987e-07
1274.8961113745054,3.242802346164189e-07
1274.9961113745053,3.383320929198814e-07
1275.0961113745052,3.5297145504398415e-07
1275.196111374505,3.682219286026695e-07
1275.296111374505,3.8410802841251956e-07
1275.396111374505,4.0065520961696797e-07
1275.4961113745048,4.1788990194947243e-07
1275.5961113745047,4.358395451720762e-07
1275.6961113745047,4.545326257268188e-07
1275.7961113745046,4.7399871463856234e-07
1275.8961113745045,4.942685067088816e-07
1275.9961113745044,5.153738610418688e-07
1276.0961113745043,5.373478429437924e-07
1276.1961113745042,5.602247672398497e-07
1276.296111374504,5.840402430523902e-07
1276.396111374504,6.088312200863038e-07
1276.496111374504,6.346360364685681e-07
1276.5961113745038,6.614944681902197e-07
1276.6961113745037,6.894477802004269e-07
1276.7961113745037,7.185387792037145e-07
1276.8961113745036,7.488118682128037e-07
1276.9961113745035,7.803131029109823e-07
1277.0961113745034,8.13090249879457e-07
1277.1961113745033,8.471928467466284e-07
1277.2961113745032,8.826722643177799e-07
1277.396111374503,9.195817707453437e-07
1277.496111374503,9.579765978014686e-07
1277.596111374503,9.979140093163235e-07
1277.6961113745028,1.0394533718473253e-06
1277.7961113745027,1.0826562276461489e-06
1277.8961113745027,1.1275863699922555e-06
1277.9961113745026,1.174309920963481e-06
1278.0961113745025,1.2228954117160801e-06
1278.1961113745024,1.2734138653485991e-06
1278.2961113745023,1.3259388824258383e-06
1278.3961113745022,1.3805467292412807e-06
1278.496111374502,1.4373164288982762e-06
1278.596111374502,1.496329855292483e-06
1278.696111374502,1.5576718300801785e-06
1278.7961113745018,1.6214302227192119e-06
1278.8961113745017,1.687696053671591e-06
1278.9961113745017,1.7565636008591122e-06
1279.0961113745016,1.8281305094655475e-06
1279.1961113745015,1.9024979051815174e-06
1279.2961113745014,1.979770510990468e-06
1279.3961113745013,2.060056767596651e-06
1279.4961113745012,2.143468957598627e-06
1279.596111374501,2.2301233335143174e-06
1279.696111374501,2.320140249766304e-06
1279.796111374501,2.4136442987387542e-06
1279.8961113745008,2.510764451020049e-06
1279.9961113745007,2.611634199948151e-06
1280.0961113745007,2.716391710578336e-06
1280.1961113745006,2.8251799731960777e-06
1280.2961113745005,2.93814696150072e-06
1280.3961113745004,3.0554457955885255e-06
1280.4961113745003,3.1772349098670133e-06
1280.5961113745002,3.3036782260352567e-06
1280.6961113745,3.434945331268464e-06
1280.7961113745,3.571211661747975e-06
1280.8961113745,3.7126586916814607e-06
1280.9961113744998,3.8594741279613484e-06
1281.0961113744997,4.011852110612837e-06
1281.1961113744997,4.169993419186687e-06
1281.2961113744996,4.3341056852550305e-06
1281.3961113744995,4.5044036111726745e-06
1281.4961113744994,4.681109195269451e-06
1281.5961113744993,4.864451963643393e-06
1281.6961113744992,5.054669208728099e-06
1281.796111374499,5.252006234811509e-06
1281.896111374499,5.456716610687378e-06
1281.996111374499,5.669062429624687e-06
1282.0961113744988,5.88931457684426e-06
1282.1961113744987,6.117753004695959e-06
1282.2961113744987,6.354667015734311e-06
1282.3961113744986,6.600355553894263e-06
1282.4961113744985,6.85512750397339e-06
1282.5961113744984,7.119301999631212e-06
1282.6961113744983,7.3932087401208315e-06
1282.7961113744982,7.677188315972228e-06
1282.896111374498,7.971592543851891e-06
1282.996111374498,8.276784810827327e-06
1283.096111374498,8.593140428270343e-06
1283.1961113744978,8.921046995637392e-06
1283.2961113744977,9.260904774370349e-06
1283.3961113744977,9.613127072166108e-06
1283.4961113744976,9.97814063786784e-06
1283.5961113744975,1.035638606723675e-05
1283.6961113744974,1.074831821986729e-05
1283.7961113744973,1.1154406647514803e-05
1283.8961113744972,1.1575136034109211e-05
1283.996111374497,1.2011006647734106e-05
1284.096111374497,1.246253480485588e-05
1284.196111374497,1.293025334709275e-05
1284.2961113744968,1.3414712130819336e-05
1284.3961113744967,1.3916478529907886e-05
1284.4961113744966,1.4436137951913006e-05
1284.5961113744966,1.497429436801205e-05
1284.6961113744965,1.5531570857019764e-05
1284.7961113744964,1.6108610163800764e-05
1284.8961113744963,1.670607527240999e-05
1284.9961113744962,1.7324649994296978e-05
1285.096111374496,1.7965039571915303e-05
1285.196111374496,1.8627971298085594e-05
1285.296111374496,1.9314195151465346e-05
1285.3961113744958,2.0024484448486128e-05
1285.4961113744957,2.0759636512123844e-05
1285.5961113744956,2.1520473357875006e-05
1285.6961113744956,2.2307842397316964e-05
1285.7961113744955,2.312261715963803e-05
1285.8961113744954,2.396569803152808e-05
1285.9961113744953,2.483801301582761e-05
1286.0961113744952,2.574051850933971e-05
1286.196111374495,2.6674200100215354e-05
1286.296111374495,2.7640073385328914e-05
1286.396111374495,2.863918480806846e-05
1286.4961113744948,2.9672612516970077e-05
1286.5961113744947,3.074146724563393e-05
1286.6961113744946,3.184689321436477e-05
1286.7961113744946,3.299006905398779e-05
1286.8961113744945,3.417220875229581e-05
1286.9961113744944,3.539456262359165e-05
1287.0961113744943,3.665841830179588e-05
1287.1961113744942,3.796510175759637e-05
1287.296111374494,3.9315978340123086e-05
1287.396111374494,4.0712453843638654e-05
1287.496111374494,4.215597559974133e-05
1287.5961113744938,4.3648033595583576e-05
1287.6961113744937,4.51901616186171e-05
1287.7961113744936,4.678393842837996e-05
1287.8961113744936,4.8430988955851234e-05
1287.9961113744935,5.013298553090076e-05
1288.0961113744934,5.189164913837249e-05
1288.1961113744933,5.370875070334426e-05
1288.2961113744932,5.558611240611267e-05
1288.396111374493,5.7525609027460966e-05
1288.496111374493,5.952916932477013e-05
1288.596111374493,6.159877743954547e-05
1288.6961113744928,6.373647433693006e-05
1288.7961113744927,6.594435927778945e-05
1288.8961113744926,6.822459132395455e-05
1288.9961113744926,7.057939087721535e-05
1289.0961113744925,7.301104125266721e-05
1289.1961113744924,7.552189028701335e-05
1289.2961113744923,7.811435198243714e-05
1289.3961113744922,8.07909081866596e-05
1289.496111374492,8.35541103098065e-05
1289.596111374492,8.64065810787123e-05
1289.696111374492,8.935101632929697e-05
1289.7961113744918,9.239018683765033e-05
1289.8961113744917,9.552694019047472e-05
1289.9961113744916,9.87642026955277e-05
1290.0961113744916,0.00010210498133272608
1290.1961113744915,0.00010555236574656431
1290.2961113744914,0.0001091095302805144
1290.3961113744913,0.00011277973605407218
1290.4961113744912,0.00011656633308312423
1290.596111374491,0.00012047276244430866
1290.696111374491,0.0001245025584840519
1290.796111374491,0.0001286593510729619
1290.8961113744908,0.00013294686790626638
1290.9961113744907,0.00013736893685098496
1291.0961113744906,0.0001419294883405265
1291.1961113744906,0.0001466325578174089
1291.2961113744905,0.00015148228822479634
1291.3961113744904,0.00015648293254755618
1291.4961113744903,0.00016163885640353435
1291.5961113744902,0.0001669545406857537
1291.69611137449,0.00017243458425624043
1291.79611137449,0.00017808370669218052
1291.89611137449,0.0001839067510851168
1291.9961113744898,0.00018990868689388734
1292.0961113744897,0.00019609461285201706
1292.1961113744896,0.00020246975993026307
1292.2961113744896,0.00020903949435502212
1292.3961113744895,0.00021580932068330374
1292.4961113744894,0.00022278488493497083
1292.5961113744893,0.0002299719777829475
1292.6961113744892,0.00023737653780209257
1292.796111374489,0.0002450046547774402
1292.896111374489,0.0002528625730724884
1292.996111374489,0.0002609566950582371
1293.0961113744888,0.00026929358460364786
1293.1961113744887,0.00027787997062822187
1293.2961113744886,0.00028672275071735075
1293.3961113744886,0.00029582899480113333
1293.4961113744885,0.0003052059488973013
1293.5961113744884,0.0003148610389189226
1293.6961113744883,0.00032480187454753795
1293.7961113744882,0.0003350362531723559
1293.896111374488,0.000345572163896158
1293.996111374488,0.00035641779160853435
1294.096111374488,0.0003675815211270624
1294.1961113744878,0.0003790719414070426
1294.2961113744877,0.000390897849820383
1294.3961113744876,0.0004030682565042195
1294.4961113744876,0.0004155923887798475
1294.5961113744875,0.00042847969564252075
1294.6961113744874,0.00044173985232267085
1294.7961113744873,0.000455382764919083
1294.8961113744872,0.0004694185751045397
1294.996111374487,0.00048385766490444777
1295.096111374487,0.0004987106615489329
1295.196111374487,0.0005139884423988689
1295.2961113744868,0.0005297021399463112
1295.3961113744867,0.0005458631468897597
1295.4961113744866,0.0005624831212846652
1295.5961113744866,0.0005795739917696047
1295.6961113744865,0.0005971479628684623
1295.7961113744864,0.0006152175203690173
1295.8961113744863,0.0006337954367782377
1295.9961113744862,0.0006528947768546129
1296.096111374486,0.0006725289032178133
1296.196111374486,0.0006927114820359255
1296.296111374486,0.0007134564887905187
1296.3961113744858,0.0007347782141197461
1296.4961113744857,0.0007566912697396682
1296.5961113744856,0.0007792105944439536
1296.6961113744856,0.0008023514601820869
1296.7961113744855,0.00082612947821618
1296.8961113744854,0.0008505606053564519
1296.9961113744853,0.0008756611502754211
1297.0961113744852,0.0009014477799007989
1297.196111374485,0.0009279375258870591
1297.296111374485,0.0009551477911656246
1297.396111374485,0.0009830963565735523
1297.4961113744848,0.0010118013875605892
1297.5961113744847,0.0010412814409744245
1297.6961113744846,0.0010715554719239117
1297.7961113744846,0.0011026428407200084
1297.8961113744845,0.0011345633198941493
1297.9961113744844,0.0011673371012936868
1298.0961113744843,0.001200984803254059
1298.1961113744842,0.001235527477847204
1298.296111374484,0.0012709866182058155
1298.396111374484,0.0013073841659228523
1298.496111374484,0.0013447425185258081
1298.5961113744838,0.0013830845370250626
1298.6961113744837,0.0014224335535357052
1298.7961113744836,0.001462813378972084
1298.8961113744836,0.001504248310814337
1298.9961113744835,0.0015467631409460786
1299.0961113744834,0.00159038316356236
1299.1961113744833,0.0016351341831470074
1299.2961113744832,0.0016810425225183233
1299.396111374483,0.0017281350309421354
1299.496111374483,0.0017764390923110896
1299.596111374483,0.0018259826333890175
1299.6961113744828,0.0018767941321191765
1299.7961113744827,0.0019289026259950888
1299.8961113744826,0.0019823377204926194
1299.9961113744826,0.0020371295975618927
1300.0961113744825,0.002093309024177604
1300.1961113744824,0.002150907360946141
1300.2961113744823,0.0022099565707679692
1300.3961113744822,0.0022704892275535573
1300.496111374482,0.002332538524991153
1300.596111374482,0.0023961382853645583
1300.696111374482,0.002461322968419048
1300.7961113744818,0.002528127680273461
1300.8961113744817,0.00259658818237647
1300.9961113744816,0.0026667409005048815
1301.0961113744816,0.0027386229338018345
1301.1961113744815,0.0028122720638526257
1301.2961113744814,0.0028877267637958236
1301.3961113744813,0.002965026207467302
1301.4961113744812,0.0030442102785746593
1301.596111374481,0.003125319579899484
1301.696111374481,0.00320839544252483
1301.796111374481,0.0032934799350851523
1301.8961113744808,0.003380615873035904
1301.9961113744807,0.003469846827939899
1302.0961113744806,0.0035612171367674665
1302.1961113744806,0.003654771911207319
1302.2961113744805,0.00375055704698503
1302.3961113744804,0.0038486192331858146
1302.4961113744803,0.003949005961578371
1302.5961113744802,0.004051765535936316
1302.69611137448,0.004156947081353749
1302.79611137448,0.00426460055355135
1302.89611137448,0.00437477674816932
1302.9961113744798,0.004487527310043453
1303.0961113744797,0.0046029047424604
1303.1961113744796,0.004720962416388261
1303.2961113744796,0.004841754579678437
1303.3961113744795,0.004965336366234562
1303.4961113744794,0.00509176380514441
1303.5961113744793,0.005221093829770357
1303.6961113744792,0.005353384286794019
1303.796111374479,0.005488693945210647
1303.896111374479,0.005627082505268538
1303.996111374479,0.0057686106073489415
1304.0961113744788,0.005913339840781561
1304.1961113744787,0.006061332752590853
1304.2961113744786,0.006212652856168137
1304.3961113744786,0.006367364639864442
1304.4961113744785,0.006525533575498983
1304.5961113744784,0.006687226126778033
1304.6961113744783,0.006852509757618763
1304.7961113744782,0.0070214529403727684
1304.896111374478,0.0071941251639436555
1304.996111374478,0.007370596941793143
1305.096111374478,0.007550939819829951
1305.1961113744778,0.007735226384175687
1305.2961113744777,0.007923530268801908
1305.3961113744776,0.008115926163032302
1305.4961113744776,0.008312489818904062
1305.5961113744775,0.008513298058382149
1305.6961113744774,0.00871842878042035
1305.7961113744773,0.008927960967862835
1305.8961113744772,0.009141974694179678
1305.996111374477,0.009360551130029983
1306.096111374477,0.009583772549646027
1306.196111374477,0.009811722337031821
1306.2961113744768,0.010044484991969178
1306.3961113744767,0.010282146135824838
1306.4961113744766,0.010524792517151424
1306.5961113744765,0.010772512017075495
1306.6961113744765,0.011025393654465586
1306.7961113744764,0.011283527590873184
1306.8961113744763,0.011547005135239501
1306.9961113744762,0.01181591874836067
1307.096111374476,0.012090362047104286
1307.196111374476,0.012370429808369705
1307.296111374476,0.012656217972784935
1307.3961113744758,0.012947823648132326
1307.4961113744757,0.01324534511249586
1307.5961113744756,0.013548881817122105
1307.6961113744755,0.013858534388987527
1307.7961113744755,0.014174404633064167
1307.8961113744754,0.014496595534276098
1307.9961113744753,0.014825211259138932
1308.0961113744752,0.015160357157074382
1308.196111374475,0.01550213976139205
1308.296111374475,0.01585066678993069
1308.396111374475,0.016206047145350903
1308.4961113744748,0.016568390915071063
1308.5961113744747,0.016937809370839146
1308.6961113744746,0.0173144149679315
1308.7961113744745,0.017698321343971504
1308.8961113744745,0.018089643317359284
1308.9961113744744,0.01848849688530484
1309.0961113744743,0.01889499922145646
1309.1961113744742,0.019309268673116237
1309.296111374474,0.019731424758034626
1309.396111374474,0.02016158816077608
1309.496111374474,0.02059988072864755
1309.5961113744738,0.021046425467181978
1309.6961113744737,0.021501346535168473
1309.7961113744736,0.021964769239221357
1309.8961113744735,0.0224368200278801
1309.9961113744735,0.02291762648523191
1310.0961113744734,0.023407317324049454
1310.1961113744733,0.023906022378435313
1310.2961113744732,0.024413872595965745
1310.396111374473,0.024931000029325825
1310.496111374473,0.02545753782742783
1310.596111374473,0.025993620226005893
1310.6961113744728,0.02653938253767841
1310.7961113744727,0.027094961141471554
1310.8961113744726,0.02766049347179549
1310.9961113744725,0.028236118006866488
1311.0961113744725,0.028821974256567327
1311.1961113744724,0.02941820274973881
1311.2961113744723,0.030024945020895078
1311.3961113744722,0.030642343596355922
1311.496111374472,0.0312705419797888
1311.596111374472,0.031909684637153934
1311.696111374472,0.032559916981045725
1311.7961113744718,0.03322138535442374
1311.8961113744717,0.03389423701372684
1311.9961113744716,0.03457862011136405
1312.0961113744715,0.03527468367757619
1312.1961113744715,0.03598257760166162
1312.2961113744714,0.03670245261256081
1312.3961113744713,0.03743446025879365
1312.4961113744712,0.03817875288774353
1312.596111374471,0.038935483624283604
1312.696111374471,0.0397048063487391
1312.796111374471,0.04048687567418111
1312.8961113744708,0.04128184692304663
1312.9961113744707,0.042089876103080306
1313.0961113744706,0.042911119882593454
1313.1961113744705,0.04374573556503575
1313.2961113744705,0.0445938810628756
1313.3961113744704,0.0454557148707854
1313.4961113744703,0.04633139603812799
1313.5961113744702,0.04722108414074065
1313.69611137447,0.04812493925201365
1313.79611137447,0.049043121913260296
1313.89611137447,0.04997579310337575
1313.9961113744698,0.05092311420778225
1314.0961113744697,0.05188524698665824
1314.1961113744696,0.05286235354244974
1314.2961113744695,0.0538545962866623
1314.3961113744695,0.05486213790593177
1314.4961113744694,0.055885141327373204
1314.5961113744693,0.056923769683206824
1314.6961113744692,0.05797818627466045
1314.796111374469,0.059048554535148456
1314.896111374469,0.060135037992726896
1314.996111374469,0.06123780023182567
1315.0961113744688,0.06235700485425788
1315.1961113744687,0.06349281543950792
1315.2961113744686,0.06464539550429914
1315.3961113744685,0.06581490846144326
1315.4961113744685,0.06700151757797321
1315.5961113744684,0.06820538593256177
1315.6961113744683,0.06942667637222905
1315.7961113744682,0.07066555146834118
1315.896111374468,0.07192217347190452
1315.996111374468,0.07319670426815865
1316.096111374468,0.0744893053304719
1316.1961113744678,0.07580013767354511
1316.2961113744677,0.07712936180592722
1316.3961113744676,0.0784771376818489
1316.4961113744675,0.0798436246523795
1316.5961113744675,0.08122898141591328
1316.6961113744674,0.08263336596799163
1316.7961113744673,0.08405693555046802
1316.8961113744672,0.08549984660002277
1316.996111374467,0.08696225469603559
1317.096111374467,0.0884443145078238
1317.196111374467,0.08994617974125439
1317.2961113744668,0.09146800308473937
1317.3961113744667,0.0930099361546234
1317.4961113744666,0.09457212943997328
1317.5961113744665,0.0961547322467796
1317.6961113744665,0.09775789264158138
1317.7961113744664,0.09938175739452373
1317.8961113744663,0.10102647192186145
1317.9961113744662,0.10269218022791873
1318.096111374466,0.10437902484651866
1318.196111374466,0.10608714678189411
1318.296111374466,0.10781668544909409
1318.3961113744658,0.109567778613898
1318.4961113744657,0.11134056233225338
1318.5961113744656,0.11313517088924939
1318.6961113744655,0.11495173673764333
1318.7961113744655,0.11679039043595336
1318.8961113744654,0.11865126058613452
1318.9961113744653,0.12053447377085358
1319.0961113744652,0.1224401544903793
1319.196111374465,0.12436842509910549
1319.296111374465,0.12631940574172396
1319.396111374465,0.12829321428906532
1319.4961113744648,0.13028996627362588
1319.5961113744647,0.13230977482479958
1319.6961113744646,0.1343527506038336
1319.7961113744645,0.13641900173852775
1319.8961113744645,0.1385086337576974
1319.9961113744644,0.14062174952541998
1320.0961113744643,0.14275844917508634
1320.1961113744642,0.14491883004327777
1320.296111374464,0.14710298660349044
1320.396111374464,0.1493110103997292
1320.496111374464,0.15154298997999324
1320.5961113744638,0.15379901082967584
1320.6961113744637,0.15607915530490174
1320.7961113744636,0.15838350256582606
1320.8961113744635,0.1607121285099173
1320.9961113744635,0.16306510570525043
1321.0961113744634,0.16544250332383267
1321.1961113744633,0.1678443870749887
1321.2961113744632,0.1702708191388294
1321.396111374463,0.1727218580998301
1321.496111374463,0.17519755888054428
1321.596111374463,0.17769797267547893
1321.6961113744628,0.18022314688515811
1321.7961113744627,0.18277312505040152
1321.8961113744626,0.1853479467868451
1321.9961113744625,0.1879476477197316
1322.0961113744625,0.19057225941899839
1322.1961113744624,0.19322180933468996
1322.2961113744623,0.19589632073272478
1322.3961113744622,0.19859581263104353
1322.496111374462,0.20132029973616827
1322.596111374462,0.20406979238020068
1322.696111374462,0.20684429645828983
1322.7961113744618,0.20964381336659701
1322.8961113744617,0.212468339940789
1322.9961113744616,0.21531786839508762
1323.0961113744615,0.21819238626190735
1323.1961113744615,0.22109187633210925
1323.2961113744614,0.22401631659590251
1323.3961113744613,0.2269656801844234
1323.4961113744612,0.2299399353120224
1323.596111374461,0.23293904521928904
1323.696111374461,0.23596296811684664
1323.796111374461,0.23901165712994624
1323.8961113744608,0.2420850602438903
1323.9961113744607,0.24518312025031885
1324.0961113744606,0.24830577469438614
1324.1961113744605,0.2514529558228611
1324.2961113744605,0.2546245905331803
1324.3961113744604,0.257820600323486
1324.4961113744603,0.26104090124367924
1324.5961113744602,0.2642854038475175
1324.69611137446,0.26755401314579047
1324.79611137446,0.27084662856060193
1324.89611137446,0.27416314388078883
1324.9961113744598,0.2775034472185092
1325.0961113744597,0.280867420967027
1325.1961113744596,0.2842549417597263
1325.2961113744595,0.2876658804303831
1325.3961113744595,0.29110010197472513
1325.4961113744594,0.2945574655133095
1325.5961113744593,0.29803782425574743
1325.6961113744592,0.3015410254663042
1325.796111374459,0.3050669104309059
1325.896111374459,0.30861531442557816
1325.996111374459,0.31218606668634813
1326.0961113744588,0.3157789903806362
1326.1961113744587,0.31939390258016676
1326.2961113744586,0.32303061423542245
1326.3961113744585,0.32668893015167344
1326.4961113744585,0.3303686489666046
1326.5961113744584,0.33406956312956904
1326.6961113744583,0.3377914588824933
1326.7961113744582,0.3415341162424602
1326.896111374458,0.3452973089859942
1326.996111374458,0.34908080463507357
1327.096111374458,0.3528843644448952
1327.1961113744578,0.35670774339341327
1327.2961113744577,0.3605506901726778
1327.3961113744576,0.3644129471819942
1327.4961113744575,0.3682942505229255
1327.5961113744575,0.3721943299961618
1327.6961113744574,0.37611290910027373
1327.7961113744573,0.3800497050323751
1327.8961113744572,0.38400442869071083
1327.996111374457,0.3879767846791923
1328.096111374457,0.39196647131389634
1328.196111374457,0.39597318063154907
1328.2961113744568,0.3999965984000082
1328.3961113744567,0.40403640413076414
1328.4961113744566,0.4080922710934732
1328.5961113744565,0.4121638663325401
1328.6961113744564,0.41625085068576334
1328.7961113744564,0.4203528788050578
1328.8961113744563,0.4244695991792673
1328.9961113744562,0.42860065415908033
1329.096111374456,0.4327456799840598
1329.196111374456,0.43690430681179704
1329.296111374456,0.4410761587492029
1329.3961113744558,0.4452608538859409
1329.4961113744557,0.4494580043300147
1329.5961113744556,0.45366721624551476
1329.6961113744555,0.45788808989253305
1329.7961113744554,0.4621202196692494
1329.8961113744554,0.46636319415619637
1329.9961113744553,0.4706165961627061
1330.0961113744552,0.4748800027755413
1330.196111374455,0.47915298540971457
1330.296111374455,0.48343510986149574
1330.396111374455,0.48772593636360917
1330.4961113744548,0.4920250196426188
1330.5961113744547,0.4963319089785012
1330.6961113744546,0.5006461482664036
1330.7961113744545,0.5049672760805832
1330.8961113744544,0.5092948257405242
1330.9961113744544,0.5136283253792264
1331.0961113744543,0.5179672980136609
1331.1961113744542,0.522311261617384
1331.296111374454,0.5266597291953011
1331.396111374454,0.5310122088605734
1331.496111374454,0.5353682039136551
1331.5961113744538,0.5397272129234513
1331.6961113744537,0.5440887298105836
1331.7961113744536,0.5484522439327513
1331.8961113744535,0.5528172401721734
1331.9961113744534,0.5571831990250957
1332.0961113744534,0.5615495966933488
1332.1961113744533,0.565915905177938
1332.2961113744532,0.5702815923746474
1332.396111374453,0.5746461221716397
1332.496111374453,0.5790089545490313
1332.596111374453,0.5833695456804219
1332.6961113744528,0.5877273480363541
1332.7961113744527,0.5920818104896851
1332.8961113744526,0.5964323784228404
1332.9961113744525,0.6007784938369283
1333.0961113744524,0.6051195954626882
1333.1961113744524,0.6094551188732461
1333.2961113744523,0.6137844965986462
1333.3961113744522,0.6181071582421358
1333.496111374452,0.6224225305981679
1333.596111374452,0.6267300377720917
1333.696111374452,0.6310291013015031
1333.7961113744518,0.6353191402792177
1333.8961113744517,0.6395995714778344
1333.9961113744516,0.6438698094758566
1334.0961113744515,0.6481292667853329
1334.1961113744514,0.6523773539809831
1334.2961113744514,0.656613479830771
1334.3961113744513,0.6608370514278864
1334.4961113744512,0.6650474743240977
1334.596111374451,0.6692441526644348
1334.696111374451,0.6734264893231618
1334.796111374451,0.6775938860409983
1334.8961113744508,0.6817457435635471
1334.9961113744507,0.6858814617808854
1335.0961113744506,0.6900004398682752
1335.1961113744505,0.6941020764279494
1335.2961113744504,0.6981857696319276
1335.3961113744504,0.7022509173658161
1335.4961113744503,0.7062969173735454
1335.5961113744502,0.7103231674029971
1335.69611137445,0.7143290653524742
1335.79611137445,0.7183140094179651
1335.89611137445,0.7222773982411507
1335.9961113744498,0.7262186310581075
1336.0961113744497,0.7301371078486543
1336.1961113744496,0.7340322294862931
1336.2961113744495,0.7379033978886915
1336.3961113744494,0.741750016168655
1336.4961113744494,0.745571488785537
1336.5961113744493,0.7493672216970338
1336.6961113744492,0.7531366225113109
1336.796111374449,0.7568791006394061
1336.896111374449,0.7605940674478575
1336.996111374449,0.7642809364114989
1337.0961113744488,0.7679391232663705
1337.1961113744487,0.7715680461626868
1337.2961113744486,0.7751671258178106
1337.3961113744485,0.7787357856691711
1337.4961113744484,0.7822734520270769
1337.5961113744484,0.7857795542273618
1337.6961113744483,0.7892535247838117
1337.7961113744482,0.7926947995403127
1337.896111374448,0.7961028178226647
1337.996111374448,0.7994770225900051
1338.096111374448,0.8028168605857836
1338.1961113744478,0.8061217824882324
1338.2961113744477,0.8093912430602742
1338.3961113744476,0.8126247012988118
1338.4961113744475,0.8158216205833417
1338.5961113744474,0.8189814688238344
1338.6961113744474,0.8221037186078258
1338.7961113744473,0.8251878473466623
1338.8961113744472,0.828233337420842
1338.996111374447,0.8312396763243992
1339.096111374447,0.8342063568082697
1339.196111374447,0.8371328770225883
1339.2961113744468,0.8400187406578569
1339.3961113744467,0.8428634570849302
1339.4961113744466,0.8456665414937649
1339.5961113744465,0.8484275150308749
1339.6961113744464,0.8511459049354398
1339.7961113744464,0.8538212446740137
1339.8961113744463,0.8564530740737755
1339.9961113744462,0.8590409394542764
1340.096111374446,0.8615843937576226
1340.196111374446,0.8640829966770469
1340.296111374446,0.8665363147838152
1340.3961113744458,0.8689439216524171
1340.4961113744457,0.8713053979839909
1340.5961113744456,0.8736203317279312
1340.6961113744455,0.8758883182016317
1340.7961113744454,0.8781089602083133
1340.8961113744454,0.8802818681528898
1340.9961113744453,0.8824066601558239
1341.0961113744452,0.8844829621649282
1341.196111374445,0.8865104080650614
1341.296111374445,0.8884886397856814
1341.396111374445,0.8904173074062036
1341.4961113744448,0.8922960692591271
1341.5961113744447,0.894124592030882
1341.6961113744446,0.8959025508603594
1341.7961113744445,0.8976296294350811
1341.8961113744444,0.8993055200849693
1341.9961113744444,0.9009299238736799
1342.0961113744443,0.9025025506874567
1342.1961113744442,0.9040231193214755
1342.296111374444,0.9054913575636366
1342.396111374444,0.9069070022757744
1342.496111374444,0.9082697994722482
1342.5961113744438,0.9095795043958828
1342.6961113744437,0.9108358815912261
1342.7961113744436,0.9120387049750927
1342.8961113744435,0.9131877579043658
1342.9961113744434,0.9142828332410263
1343.0961113744434,0.915323733414384
1343.1961113744433,0.9163102704804835
1343.2961113744432,0.9172422661786602
1343.396111374443,0.9181195519852224
1343.496111374443,0.9189419691642376
1343.596111374443,0.9197093688153999
1343.6961113744428,0.9204216119189601
1343.7961113744427,0.9210785693776985
1343.8961113744426,0.9216801220559235
1343.9961113744425,0.9222261608154778
1344.0961113744424,0.9227165865487392
1344.1961113744424,0.9231513102086001
1344.2961113744423,0.9235302528354148
1344.3961113744422,0.9238533455809007
1344.496111374442,0.9241205297289873
1344.596111374442,0.924331756713598
1344.696111374442,0.9244869881333648
1344.7961113744418,0.9245861957632627
1344.8961113744417,0.9246293615631632
1344.9961113744416,0.9245886109086782
1345.0961113744415,0.924391028138141
1345.1961113744414,0.9240328986760469
1345.2961113744414,0.9235144091555825
1345.3961113744413,0.9228358296934287
1345.4961113744412,0.9219975136552386
1345.596111374441,0.9209998973489663
1345.696111374441,0.9198434996464233
1345.796111374441,0.9185289215335202
1345.8961113744408,0.9170568455897387
1345.9961113744407,0.9154280353974683
1346.0961113744406,0.9136433348819177
1346.1961113744405,0.9117036675824065
1346.2961113744404,0.9096100358559114
1346.3961113744404,0.9073635200138341
1346.4961113744403,0.9049652773930272
1346.5961113744402,0.9024165413621996
1346.69611137444,0.8997186202648927
1346.79611137444,0.8968728963002982
1346.89611137444,0.8938808243432556
1346.9961113744398,0.8907439307048403
1347.0961113744397,0.8874638118350199
1347.1961113744396,0.8840421329689226
1347.2961113744395,0.8804806267183239
1347.3961113744394,0.8767810916100187
1347.4961113744394,0.872945390572805
1347.5961113744393,0.8689754493748597
1347.6961113744392,0.864873255013341
1347.796111374439,0.8606408540581009
1347.896111374439,0.8562803509514393
1347.996111374439,0.8517939062658757
1348.0961113744388,0.8471837349219563
1348.1961113744387,0.8424521043681499
1348.2961113744386,0.8376013327249268
1348.3961113744385,0.8326337868951409
1348.4961113744384,0.8275518806428702
1348.5961113744384,0.822358072642892
1348.6961113744383,0.817054864502996
1348.7961113744382,0.8116447987613558
1348.896111374438,0.8061304568611954
1348.996111374438,0.8005144571050041
1349.096111374438,0.7947994525905575
1349.1961113744378,0.7889881291310162
1349.2961113744377,0.78308320316137
1349.3961113744376,0.777087419633503
1349.4961113744375,0.7710035499021466
1349.5961113744374,0.7648343896039861
1349.6961113744374,0.7585827565321742
1349.7961113744373,0.7522514885084954
1349.8961113744372,0.7458434412554089
1349.996111374437,0.7393614862701808
1350.096111374437,0.7328085087032941
1350.196111374437,0.726187405243303
1350.2961113744368,0.7195010820102716
1350.3961113744367,0.7127524524599047
1350.4961113744366,0.705944435300452
1350.5961113744365,0.6990799524244279
1350.6961113744364,0.6921619268571539
1350.7961113744364,0.6851932807240929
1350.8961113744363,0.6781769332388984
1350.9961113744362,0.6711157987140641
1351.096111374436,0.664012784596007
1351.196111374436,0.6568707895263727
1351.296111374436,0.649692701431301
1351.3961113744358,0.6424813956403357
1351.4961113744357,0.6352397330366116
1351.5961113744356,0.6279705582398943
1351.6961113744355,0.6206766978239909
1351.7961113744354,0.6133609585699941
1351.8961113744353,0.6060261257567566
1351.9961113744353,0.5986749614899401
1352.0961113744352,0.5913102030709109
1352.196111374435,0.5839345614066995
1352.296111374435,0.5765507194621717
1352.396111374435,0.5691613307554958
1352.4961113744348,0.561769017897925
1352.5961113744347,0.5543763711788477
1352.6961113744346,0.5469859471969896
1352.7961113744345,0.5396002675385864
1352.8961113744344,0.53222181750328
1352.9961113744343,0.5248530448784178
1353.0961113744343,0.5174963587623733
1353.1961113744342,0.5101541284374356
1353.296111374434,0.5028286822927469
1353.396111374434,0.4955223067977036
1353.496111374434,0.4882372455261661
1353.5961113744338,0.4809756982317584
1353.6961113744337,0.4737398199744715
1353.7961113744336,0.4665317202987212
1353.8961113744335,0.4593534624629453
1353.9961113744334,0.4522070627207599
1354.0961113744333,0.4450944896536379
1354.1961113744333,0.43801766355500404
1354.2961113744332,0.43097845586558475
1354.396111374433,0.42397868865979116
1354.496111374433,0.41702013418285483
1354.596111374433,0.4101045144383782
1354.6961113744328,0.40323350082591003
1354.7961113744327,0.39640871382809656
1354.8961113744326,0.3896317227469113
1354.9961113744325,0.3829040454884151
1355.0961113744324,0.3762271483954443
1355.1961113744323,0.36960244612758425
1355.2961113744323,0.3630313015877332
1355.3961113744322,0.35651502589452194
1355.496111374432,0.3500548783998085
1355.596111374432,0.34365206675043
1355.696111374432,0.33730774699335314
1355.7961113744318,0.3310230237233282
1355.8961113744317,0.32479895027211614
1355.9961113744316,0.31863652893832733
1356.0961113744315,0.31253671125687643
1356.1961113744314,0.30650039830703185
1356.2961113744313,0.30052844105800786
1356.3961113744313,0.29462164075102515
1356.4961113744312,0.2887807493167411
1356.596111374431,0.28300646982692873
1356.696111374431,0.2772994569792661
1356.796111374431,0.27166031761407927
1356.8961113744308,0.2660896112618655
1356.9961113744307,0.26058785072041324
1357.0961113744306,0.25515550266031983
1357.1961113744305,0.2497929882576999
1357.2961113744304,0.24450068385287083
1357.3961113744303,0.23927892163379327
1357.4961113744303,0.23412799034304205
1357.5961113744302,0.22904813600707916
1357.69611137443,0.22403956268660175
1357.79611137443,0.2191024332467359
1357.89611137443,0.21423687014585355
1357.9961113744298,0.20944295624179032
1358.0961113744297,0.20472073561425055
1358.1961113744296,0.20007021440219222
1358.2961113744295,0.19549136165499323
1358.3961113744294,0.19098411019621161
1358.4961113744293,0.18654835749876247
1358.5961113744293,0.18218396657034952
1358.6961113744292,0.17789076684800198
1358.796111374429,0.1736685551005837
1358.896111374429,0.16951709633815845
1358.996111374429,0.16543612472711267
1359.0961113744288,0.16142534450995719
1359.1961113744287,0.15748443092874756
1359.2961113744286,0.15361303115108618
1359.3961113744285,0.1498107651976891
1359.4961113744284,0.14607722687052446
1359.5961113744283,0.14241198468055333
1359.6961113744283,0.13881458277412687
1359.7961113744282,0.13528454185712063
1359.896111374428,0.13182136011591078
1359.996111374428,0.12842451413432382
1360.096111374428,0.1250934598057202
1360.1961113744278,0.12182763323939523
1360.2961113744277,0.11862645166051373
1360.3961113744276,0.11548931430281795
1360.4961113744275,0.11241560329338032
1360.5961113744274,0.1094046845286997
1360.6961113744273,0.10645590854146846
1360.7961113744273,0.10356861135736736
1360.8961113744272,0.10074211534127452
1360.996111374427,0.09797573003230274
1361.096111374427,0.09526875296711043
1361.196111374427,0.09262047049095926
1361.2961113744268,0.0900301585560206
1361.3961113744267,0.08749708350646337
1361.4961113744266,0.08502050284988326
1361.5961113744265,0.0825996660146616
1361.6961113744264,0.08023381509287339
1361.7961113744263,0.07792218556838747
1361.8961113744263,0.07566400702983465
1361.9961113744262,0.07345850386814272
1362.096111374426,0.07130489595836774
1362.196111374426,0.06920239932557544
1362.296111374426,0.06715022679455358
1362.3961113744258,0.06514758862316294
1362.4961113744257,0.06319369311915696
1362.5961113744256,0.06128774724032904
1362.6961113744255,0.05942895717786682
1362.7961113744254,0.05761652892281847
1362.8961113744253,0.05584966881559925
1362.9961113744253,0.054127584078487855
1363.0961113744252,0.05244948333108507
1363.196111374425,0.0508145770887281
1363.296111374425,0.049222078243874375
1363.396111374425,0.0476712025304888
1363.4961113744248,0.04616116897148782
1363.5961113744247,0.04469120030931222
1363.6961113744246,0.04326052341971791
1363.7961113744245,0.041868369708892496
1363.8961113744244,0.040513975494020735
1363.9961113744243,0.03919658236743833
1364.0961113744243,0.037915437544528904
1364.1961113744242,0.03666979419553323
1364.296111374424,0.03545891176145315
1364.396111374424,0.03428205625424669
1364.496111374424,0.03313850054152215
1364.5961113744238,0.032027524615951423
1364.6961113744237,0.03094841584963335
1364.7961113744236,0.02990046923364847
1364.8961113744235,0.028882987603055913
1364.9961113744234,0.027895281847592563
1365.0961113744233,0.02693667110834237
1365.1961113744233,0.026006482960652055
1365.2961113744232,0.025104053583575692
1365.396111374423,0.0242287279161378
1365.496111374423,0.02337985980070979
1365.596111374423,0.022556812113800256
1365.6961113744228,0.02175895688456373
1365.7961113744227,0.020985675401337053
1365.8961113744226,0.020236358306515448
1365.9961113744225,0.019510405680083723
1366.0961113744224,0.018807227112120236
1366.1961113744223,0.018126241764592908
1366.2961113744223,0.017466878422768346
1366.3961113744222,0.016828575536555725
1366.496111374422,0.016210781252107412
1366.596111374422,0.015612953433998527
1366.696111374422,0.015034559678306948
1366.7961113744218,0.014475077316914373
1366.8961113744217,0.013933993413347818
1366.9961113744216,0.013410804750479127
1367.0961113744215,0.012905017810398009
1367.1961113744214,0.01241614874677186
1367.2961113744213,0.011943723350002523
1367.3961113744213,0.011487277005487413
1367.4961113744212,0.011046354645288855
1367.596111374421,0.01062051069351172
1367.696111374421,0.010209309005685877
1367.796111374421,0.009812322802445296
1367.8961113744208,0.009429134597791511
1367.9961113744207,0.009059336122224567
1368.0961113744206,0.008702528241019355
1368.1961113744205,0.008358320867920594
1368.2961113744204,0.00802633287452421
1368.3961113744203,0.00770619199560771
1368.4961113744203,0.007397534730666238
1368.5961113744202,0.007100006241905953
1368.69611137442,0.006813260248939926
1368.79611137442,0.006536958920426319
1368.89611137442,0.006270772762882497
1368.9961113744198,0.006014380506902577
1369.0961113744197,0.005767468991000044
1369.1961113744196,0.005529733043290563
1369.2961113744195,0.005300875361224293
1369.3961113744194,0.0050806063895703244
1369.4961113744193,0.004868644196850055
1369.5961113744193,0.004664714350409666
1369.6961113744192,0.0044685497903158514
1369.796111374419,0.004279890702252491
1369.896111374419,0.004098484389589935
1369.996111374419,0.003924085144792118
1370.0961113744188,0.0037564541203207293
1370.1961113744187,0.003595359199189419
1370.2961113744186,0.0034405748653150423
1370.3961113744185,0.003291882073806758
1370.4961113744184,0.00314906812132804
1370.5961113744183,0.003011926516660637
1370.6961113744183,0.0028802568515937303
1370.7961113744182,0.0027538646722558694
1370.896111374418,0.002632561351001566
1370.996111374418,0.002516163958958939
1371.096111374418,0.002404495139339309
1371.1961113744178,0.002297382981604329
1371.2961113744177,0.0021946608965809867
1371.3961113744176,0.002096167492609746
1371.4961113744175,0.002001746452805911
1371.5961113744174,0.0019112464135096242
1371.6961113744173,0.0018245208439949365
1371.7961113744173,0.0017414279275038216
1371.8961113744172,0.0016618304436664191
1371.996111374417,0.0015855956523643763
1372.096111374417,0.001512595179089876
1372.196111374417,0.0014427049018487497
1372.2961113744168,0.0013758048396519868
1372.3961113744167,0.0013117790426361142
1372.4961113744166,0.001250515483849033
1372.5961113744165,0.001191905952734275
1372.6961113744164,0.001135845950343076
1372.7961113744163,0.0010822345863002556
1372.8961113744163,0.0010309744775465674
1372.9961113744162,0.000981971648877048
1373.096111374416,0.0009351354352918045
1373.196111374416,0.0008903783861727679
1373.296111374416,0.0008476161712971479
1373.3961113744158,0.0008067674886955805
1373.4961113744157,0.000767753974360462
1373.5961113744156,0.0007305001138074401
1373.6961113744155,0.0006949331554907157
1373.7961113744154,0.0006609830260705895
1373.8961113744153,0.0006285822475295533
1373.9961113744152,0.0005976658561311977
1374.0961113744152,0.0005681713232143337
1374.196111374415,0.0005400384778128968
1374.296111374415,0.0005132094310905061
1374.3961113744149,0.00048762850257695107
1374.4961113744148,0.0004632421481923631
1374.5961113744147,0.00043999889004342404
1374.6961113744146,0.00041784924797463603
1374.7961113744145,0.00039674567285644314
1374.8961113744144,0.0003766424815908534
1374.9961113744143,0.00035749579381414077
1375.0961113744142,0.0003392634702752307
1375.1961113744142,0.0003219050528674611
1375.296111374414,0.0003053817062905917
1375.396111374414,0.0002896561613191775
1375.4961113744139,0.00027469265965273407
1375.5961113744138,0.0002604569003225148
1375.6961113744137,0.0002469159876291682
1375.7961113744136,0.00023403838058505327
1375.8961113744135,0.00022179384383456876
1375.9961113744134,0.0002101534000254896
1376.0961113744133,0.0001990892836039747
1376.1961113744132,0.0001885748960056794
1376.2961113744132,0.0001785847622151664
1376.396111374413,0.0001690944886656755
1376.496111374413,0.00016008072245118652
1376.5961113744129,0.00015152111182264197
1376.6961113744128,0.00014339426794017062
1376.7961113744127,0.00013567972785316648
1376.8961113744126,0.0001283579186801228
1376.9961113744125,0.00012141012296020982
1377.0961113744124,0.0001148184451487005
1377.1961113744123,0.00010856577922849964
1377.2961113744122,0.00010263577741021099
1377.3961113744122,9.7012819893382e-05
1377.496111374412,9.168198566179713e-05
1377.596111374412,8.662902428595282e-05
1377.6961113744119,8.184032870612093e-05
1377.7961113744118,7.730290896970358e-05
1377.8961113744117,7.300436689691187e-05
1377.9961113744116,6.893287164912545e-05
1378.0961113744115,6.50771361746478e-05
1378.1961113744114,6.142639450693895e-05
1378.2961113744113,5.797037989078454e-05
1378.3961113744112,5.4699303712253995e-05
1378.4961113744112,5.1603835208703326e-05
1378.596111374411,4.867508193548986e-05
1378.696111374411,4.5904570966484805e-05
1378.7961113744109,4.328423080590122e-05
1378.8961113744108,4.0806373989384405e-05
1378.9961113744107,3.846368035275413e-05
1379.0961113744106,3.6249180947229386e-05
1379.1961113744105,3.415624258041237e-05
1379.2961113744104,3.217855296276006e-05
1379.3961113744103,3.0310106439718387e-05
1379.4961113744102,2.8545190290148885e-05
1379.5961113744102,2.687837157212512e-05
1379.69611137441,2.5304484497632315e-05
1379.79611137441,2.3818618318146885e-05
1379.8961113744099,2.2416105703524835e-05
1379.9961113744098,2.1092511597072158e-05
1380.0961113744097,1.9843622530110425e-05
1380.1961113744096,1.8665436379793088e-05
1380.2961113744095,1.755415255435961e-05
1380.3961113744094,1.6506162590446888e-05
1380.4961113744093,1.5518041147503298e-05
1380.5961113744092,1.4586537384769712e-05
1380.6961113744092,1.3708566706709002e-05
1380.796111374409,1.2881202863173346e-05
1380.896111374409,1.2101670391003625e-05
1380.9961113744089,1.1367337384150475e-05
1381.0961113744088,1.067570857979886e-05
1381.1961113744087,1.0024418748361477e-05
1381.2961113744086,9.411226375582237e-06
1381.3961113744085,8.834007625363134e-06
1381.4961113744084,8.290750572288589e-06
1381.5961113744083,7.77954969317839e-06
1381.6961113744082,7.298600607347804e-06
1381.7961113744082,6.846195055594284e-06
1381.896111374408,6.420716108263524e-06
1381.996111374408,6.0206335930732495e-06
1382.0961113744079,5.644499733691135e-06
1382.1961113744078,5.2909449903738214e-06
1382.2961113744077,4.958674094276761e-06
1382.3961113744076,4.646462267340319e-06
1382.4961113744075,4.3531516199446984e-06
1382.5961113744074,4.077647718807181e-06
1382.6961113744073,3.818916317867453e-06
1382.7961113744072,3.5759802451724974e-06
1382.8961113744072,3.3479164390303045e-06
1382.996111374407,3.1338531269526565e-06
1383.096111374407,2.932967141150523e-06
1383.1961113744069,2.744481364582338e-06
1383.2961113744068,2.56766230178474e-06
1383.3961113744067,2.4018177689378303e-06
1383.4961113744066,2.24629469783293e-06
1383.5961113744065,2.1004770486197255e-06
1383.6961113744064,1.9637838264121892e-06
1383.7961113744063,1.8356671970286996e-06
1383.8961113744062,1.7156106973313973e-06
1383.9961113744062,1.6031275358133911e-06
1384.096111374406,1.4977589792596116e-06
1384.196111374406,1.399072821478666e-06
1384.2961113744059,1.3066619302685724e-06
1384.3961113744058,1.2201428689391264e-06
1384.4961113744057,1.139154588867958e-06
1384.5961113744056,1.0633571897162319e-06
1384.6961113744055,9.924307440735283e-07
1384.7961113744054,9.260741834398459e-07
1384.8961113744053,8.640042425859989e-07
1384.9961113744052,8.059544594623098e-07
1385.0961113744052,7.516742279489868e-07
1385.196111374405,7.009279008608757e-07
1385.296111374405,6.534939407336933e-07
1385.3961113744049,6.091641160290903e-07
1385.4961113744048,5.677427405018743e-07
1385.5961113744047,5.290459535744803e-07
1385.6961113744046,4.929010396616442e-07
1385.7961113744045,4.591457844821722e-07
1385.8961113744044,4.276278664848985e-07
1385.9961113744043,3.982042816024936e-07
1386.0961113744042,3.7074079962981054e-07
1386.1961113744042,3.4511145060313554e-07
1386.296111374404,3.211980396330444e-07
1386.396111374404,2.988896887167502e-07
1386.4961113744039,2.7808240412594427e-07
1386.5961113744038,2.5867866803327137e-07
1386.6961113744037,2.405870531048867e-07
1386.7961113744036,2.237218588480412e-07
1386.8961113744035,2.0800276856155155e-07
1386.9961113744034,1.9335452579328113e-07
1387.0961113744033,1.7970662926263645e-07
1387.1961113744032,1.669930452575117e-07
1387.2961113744032,1.5515193656431592e-07
1387.396111374403,1.4412540703668084e-07
1387.496111374403,1.3385926095330032e-07
1387.5961113744029,1.2430277635819235e-07
1387.6961113744028,1.1540849161752235e-07
1387.7961113744027,1.0713200446613303e-07
1387.8961113744026,9.943178285410618e-08
1387.9961113744025,9.226898693913372e-08
1388.0961113744024,8.560730160428522e-08
1388.1961113744023,7.941277891294243e-08
1388.2961113744022,7.365368994337116e-08
1388.3961113744022,6.830038547459517e-08
1388.496111374402,6.3325165023059e-08
1388.596111374402,5.87021537560393e-08
1388.6961113744019,5.44071868329413e-08
1388.7961113744018,5.041770074957866e-08
1388.8961113744017,4.6712631283316666e-08
1388.9961113744016,4.327231765861047e-08
1389.0961113744015,4.0078412573048814e-08
1389.1961113744014,3.711379774357538e-08
1389.2961113744013,3.436250465112104e-08
1389.3961113744012,3.180964017952332e-08
1389.4961113744012,2.9441316861344317e-08
1389.596111374401,2.7244587459087127e-08
1389.696111374401,2.5207383625384332e-08
1389.7961113744009,2.3318458400022484e-08
1389.8961113744008,2.1567332315227176e-08
1389.9961113744007,1.9944242893481055e-08
1390.0961113744006,1.8440097334321105e-08
1390.1961113744005,1.704642819810462e-08
1390.2961113744004,1.5755351905654957e-08
1390.3961113744003,1.4559529883049589e-08
1390.4961113744002,1.3452132190605613e-08
1390.5961113744002,1.2426803484389657e-08
1390.6961113744,1.147763116734899e-08
1390.7961113744,1.0599115595457718e-08
1390.8961113743999,9.786142212115436e-09
1390.9961113743998,9.033955491455002e-09
1391.0961113743997,8.338134578222667e-09
1391.1961113743996,7.694570518519857e-09
1391.2961113743995,7.099444981950265e-09
1391.3961113743994,6.549210381625494e-09
1391.4961113743993,6.0405713040612806e-09
1391.5961113743992,5.570467166260195e-09
1391.6961113743992,5.136056022247339e-09
1391.796111374399,4.734699446011205e-09
1391.896111374399,4.363948422223913e-09
1391.9961113743989,4.021530180283119e-09
1392.0961113743988,3.705335911147328e-09
1392.1961113743987,3.4134093101399587e-09
1392.2961113743986,3.1439358923863585e-09
1392.3961113743985,2.895233030834891e-09
1392.4961113743984,2.665740669907735e-09
1392.5961113743983,2.4540126707415744e-09
1392.6961113743982,2.2587087467203877e-09
1392.7961113743982,2.07858695058357e-09
1392.896111374398,1.9124966768204115e-09
1392.996111374398,1.7593721453456242e-09
1393.0961113743979,1.618226334597366e-09
1393.1961113743978,1.4881453342179875e-09
1393.2961113743977,1.36828308937434e-09
1393.3961113743976,1.2578565105571082e-09
1393.4961113743975,1.1561409243726058e-09
1393.5961113743974,1.0624658424129303e-09
1393.6961113743973,9.76211026766653e-10
1393.7961113743972,8.968028321177627e-10
1393.8961113743972,8.237108056810635e-10
1393.996111374397,7.564445274422319e-10
1394.096111374397,6.945506743150524e-10
1394.1961113743969,6.376102929014829e-10
1394.2961113743968,5.852362665462674e-10
1394.3961113743967,5.370709633207594e-10
1394.4961113743966,4.927840524543127e-10
1394.5961113743965,4.520704775593544e-10
1394.6961113743964,4.1464857577167604e-10
1394.7961113743963,3.802583326534814e-10
1394.8961113743962,3.4865976338645197e-10
1394.9961113743962,3.1963141141824013e-10
1395.096111374396,2.929689563210774e-10
1395.196111374396,2.6848392317809474e-10
1395.2961113743959,2.460024863337419e-10
1395.3961113743958,2.2536436083176042e-10
1395.4961113743957,2.0642177531942608e-10
1395.5961113743956,1.890385206222928e-10
1395.6961113743955,1.7308906859129473e-10
1395.7961113743954,1.5845775619547098e-10
1395.8961113743953,1.4503803018051892e-10
1395.9961113743952,1.327317479372692e-10
1396.0961113743952,1.214485305265973e-10
1396.196111374395,1.1110516408949302e-10
1396.296111374395,1.0162504613435689e-10
1396.3961113743949,9.293767343926585e-11
1396.4961113743948,8.497816853606469e-11
1396.5961113743947,7.768684195678835e-11
1396.6961113743946,7.10087876220919e-11
1396.7961113743945,6.489350893698898e-11
1396.8961113743944,5.929457333216583e-11
1396.9961113743943,5.416929315027996e-11
1397.0961113743942,4.9478430926723106e-11
1397.1961113743941,4.5185927254081045e-11
1397.296111374394,4.1258649549618074e-11
1397.396111374394,3.7666160166198936e-11
1397.4961113743939,3.438050239974225e-11
1397.5961113743938,3.1376003051115366e-11
1397.6961113743937,2.8629090297882383e-11
1397.7961113743936,2.6118125721977e-11
1397.8961113743935,2.3823249423661026e-11
1397.9961113743934,2.1726237230466724e-11
1398.0961113743933,1.9810369082630668e-11
1398.1961113743932,1.806030774415402e-11
1398.2961113743931,1.646198705145819e-11
1398.396111374393,1.500250896993542e-11
1398.496111374393,1.3670048782869681e-11
1398.5961113743929,1.2453767787473696e-11
1398.6961113743928,1.1343732919450782e-11
1398.7961113743927,1.0330842770780073e-11
1398.8961113743926,9.406759505579965e-12
1398.9961113743925,8.563846216146483e-12
1399.0961113743924,7.795109295792448e-12
1399.1961113743923,7.094145437123025e-12
1399.2961113743922,6.455092894047435e-12
1399.3961113743921,5.872586673314347e-12
1399.496111374392,5.341717346821795e-12
1399.596111374392,4.857993199535241e-12
1399.6961113743919,4.417305449685408e-12
1399.7961113743918,4.015896298133238e-12
1399.8961113743917,3.650329582501169e-12
1399.9961113743916,3.3174638289837035e-12
1400.0961113743915,3.014427510769898e-12
1400.1961113743914,2.7385963368258704e-12
1400.2961113743913,2.487572408487728e-12
1400.3961113743912,2.2591650939827647e-12
1400.4961113743911,2.0513734827058433e-12
1400.596111374391,1.8623702918994542e-12
1400.696111374391,1.690487108383862e-12
1400.7961113743909,1.5342008572193633e-12
1400.8961113743908,1.3921213977123461e-12
1400.9961113743907,1.262980155052686e-12
1401.0961113743906,1.1456197031400892e-12
1401.1961113743905,1.0389842208676063e-12
1401.2961113743904,9.421107503219685e-13
1401.3961113743903,8.541211910728824e-13
1401.4961113743902,7.742149699918924e-13
1401.5961113743901,7.016623309000154e-13
1401.69611137439,6.357981928225771e-13
1401.79611137439,5.760165297584968e-13
1401.8961113743899,5.217652286761541e-13
1401.9961113743898,4.725413859537004e-13
1402.0961113743897,4.2788700571096076e-13
1402.1961113743896,3.873850664541234e-13
1402.2961113743895,3.5065592519291556e-13
1402.3961113743894,3.1735403071081184e-13
1402.4961113743893,2.8716491998906867e-13
1402.5961113743892,2.598024739203649e-13
1402.6961113743891,2.3500641041199386e-13
1402.796111374389,2.1253999478516026e-13
1402.896111374389,1.9218794903830347e-13
1402.9961113743889,1.7375454306982173e-13
1403.0961113743888,1.570618523595747e-13
1403.1961113743887,1.4194816789890841e-13
1403.2961113743886,1.2826654534448524e-13
1403.3961113743885,1.1588348146030918e-13
1403.4961113743884,1.0467770691256495e-13
1403.5961113743883,9.453908540039237e-14
1403.6961113743882,8.536760994885771e-14
1403.7961113743881,7.707248796434915e-14
1403.896111374388,6.957130736277652e-14
1403.996111374388,6.27892767325581e-14
1404.0961113743879,5.665853309202921e-14
1404.1961113743878,5.1117511349023285e-14
1404.2961113743877,4.611037007292891e-14
1404.3961113743876,4.1586468650219094e-14
1404.4961113743875,3.7499891316663496e-14
1404.5961113743874,3.380901394632998e-14
1404.6961113743873,3.0476109831911254e-14
1404.7961113743872,2.746699101555411e-14
1404.8961113743871,2.4750682026650043e-14
1404.996111374387,2.2299123155224634e-14
1405.096111374387,2.0086900638701944e-14
1405.1961113743869,1.8091001367824365e-14
1405.2961113743868,1.6290589926130967e-14
1405.3961113743867,1.4666805968234092e-14
1405.4961113743866,1.3202580116682557e-14
1405.5961113743865,1.1882466716803737e-14
1405.6961113743864,1.0692491934828797e-14
1405.7961113743863,9.620015817977362e-15
1405.8961113743862,8.653607057055643e-15
1405.9961113743861,7.782929303477926e-15
1406.096111374386,6.998637994339108e-15
1406.196111374386,6.292286732066131e-15
1406.2961113743859,5.656242349996997e-15
1406.3961113743858,5.083607872674346e-15
1406.4961113743857,4.568152650315924e-15
1406.5961113743856,4.104249011419226e-15
1406.6961113743855,3.686814836297521e-15
1406.7961113743854,3.3112615080173675e-15
1406.8961113743853,2.97344674615274e-15
1406.9961113743852,2.669631873400581e-15
1407.0961113743851,2.3964431057847803e-15
1407.196111374385,2.150836494254423e-15
1407.296111374385,1.930066179268556e-15
1407.3961113743849,1.7316556507407136e-15
1407.4961113743848,1.5533717337529666e-15
1407.5961113743847,1.393201045980655e-15
1407.6961113743846,1.2493286960154454e-15
1407.7961113743845,1.1201190129346702e-15
1407.8961113743844,1.0040981167234043e-15
1407.9961113743843,8.999381566791535e-16
1408.0961113743842,8.064430608709788e-16
1408.1961113743841,7.22535654224532e-16
1408.296111374384,6.472460159903217e-16
1408.396111374384,5.797009593403307e-16
1408.4961113743839,5.191145267356425e-16
1408.5961113743838,4.647794046109076e-16
1408.6961113743837,4.160591699201352e-16
1408.7961113743836,3.7238128926302564e-16
1408.8961113743835,3.3323079873574405e-16
1408.9961113743834,2.9814459939229756e-16
1409.0961113743833,2.66706309323927e-16
1409.1961113743832,2.3854161892018124e-16
1409.2961113743831,2.1331410091791913e-16
1409.396111374383,1.9072143141970514e-16
1409.496111374383,1.704919822135784e-16
1409.5961113743829,1.5238174849067068e-16
1409.6961113743828,1.3617157947067504e-16
1409.7961113743827,1.216646825399468e-16
1409.8961113743826,1.086843743122861e-16
1409.9961113743825,9.707205456465635e-17
1410.0961113743824,8.668538130350995e-17
1410.1961113743823,7.739662730406942e-17
1410.2961113743822,6.909120035478255e-17
1410.3961113743821,6.166631115049899e-17
1410.496111374382,5.502977432728148e-17
1410.596111374382,4.909892953413856e-17
1410.6961113743819,4.379967070614295e-17
1410.7961113743818,3.906557285169544e-17
1410.8961113743817,3.483710670550721e-17
1410.9961113743816,3.106093253837999e-17
1411.0961113743815,2.7689265264446004e-17
1411.1961113743814,2.4679303754596924e-17
1411.2961113743813,2.1992717959088803e-17
1411.3961113743812,1.9595188069737265e-17
1411.4961113743811,1.7455990518991367e-17
1411.596111374381,1.5547626125292034e-17
1411.696111374381,1.3845486156633345e-17
1411.7961113743809,1.2327552501905349e-17
1411.8961113743808,1.0974128516659195e-17
1411.9961113743807,9.767597450288956e-18
1412.0961113743806,8.692205668783336e-18
1412.1961113743805,7.733868164337937e-18
1412.2961113743804,6.879994093125955e-18
1412.3961113743803,6.119330308016064e-18
1412.4961113743802,5.4418210563569275e-18
1412.5961113743801,4.838482196264113e-18
1412.69611137438,4.301288450086459e-18
1412.79611137438,3.823072362643033e-18
1412.8961113743799,3.3974337659992303e-18
1412.9961113743798,3.018658673424295e-18
1413.0961113743797,2.681646634039844e-18
1413.1961113743796,2.3818456777044525e-18
1413.2961113743795,2.1151940679415914e-18
1413.3961113743794,1.8780681601671438e-18
1413.4961113743793,1.6672357339736882e-18
1413.5961113743792,1.479814232564393e-18
1413.6961113743791,1.3132334003060091e-18
1413.796111374379,1.1652018614269192e-18
1413.896111374379,1.0336772296980093e-18
1413.9961113743789,9.168393810213414e-19
1414.0961113743788,8.130665586844332e-19
1414.1961113743787,7.209140150385932e-19
1414.2961113743786,6.390949239114231e-19
1414.3961113743785,5.664633255101214e-19
1414.4961113743784,5.01998890224557e-19
1414.5961113743783,4.447933098773891e-19
1414.6961113743782,3.9403814484527235e-19
1414.7961113743781,3.49013973317796e-19
1414.896111374378,3.0908070497442003e-19
1414.996111374378,2.7366893572898255e-19
1415.0961113743779,2.422722330826059e-19
1415.1961113743778,2.1444025318869156e-19
1415.2961113743777,1.8977260110344309e-19
1415.3961113743776,1.6791335499260957e-19
1415.4961113743775,1.4854618339993604e-19
1415.5961113743774,1.313899921527029e-19
1415.6961113743773,1.1619504417355213e-19
1415.7961113743772,1.0273950146485436e-19
1415.8961113743771,9.082634390364041e-20
1415.996111374377,8.028062429590336e-20
1416.096111374377,7.094702344659805e-20
1416.1961113743769,6.26876728578082e-20
1416.2961113743768,5.538021611897357e-20
1416.3961113743767,4.89160831416253e-20
1416.4961113743766,4.319895415435696e-20
1416.5961113743765,3.8143392845621646e-20
1416.6961113743764,3.3673630252570545e-20
1416.7961113743763,2.972248297087763e-20
1416.8961113743762,2.6230391027657886e-20
1416.9961113743761,2.3144562339125924e-20
1417.096111374376,2.041821208618899e-20
1417.196111374376,1.8009886602359646e-20
1417.2961113743759,1.588286249499703e-20
1417.3961113743758,1.40046127271009e-20
1417.4961113743757,1.2346332285393661e-20
1417.5961113743756,1.0882516862603215e-20
1417.6961113743755,9.590588697883283e-21
1417.7961113743754,8.450564358323449e-21
1417.8961113743753,7.444759814665853e-21
1417.9961113743752,6.557528672988066e-21
1418.0961113743751,5.775029877777706e-21
1418.196111374375,5.085021606382939e-21
1418.296111374375,4.476678435512678e-21
1418.3961113743749,3.94042918198441e-21
1418.4961113743748,3.467813106466469e-21
1418.5961113743747,3.0513524242949935e-21
1418.6961113743746,2.6844392949177556e-21
1418.7961113743745,2.3612356641306822e-21
1418.8961113743744,2.0765845137079037e-21
1418.9961113743743,1.8259312336807912e-21
1419.0961113743742,1.6052539755362237e-21
1419.1961113743741,1.4110019718907349e-21
1419.296111374374,1.2400409214646197e-21
1419.396111374374,1.0896046389519074e-21
1419.4961113743739,9.57252259020287e-22
1419.5961113743738,8.408303633937494e-22
1419.6961113743737,7.384394708548871e-22
1419.7961113743736,6.484043930192286e-22
1419.8961113743735,5.692480147445313e-22
1419.9961113743734,4.996681078117659e-22
1420.0961113743733,4.385168307383113e-22
1420.1961113743732,3.847826068684184e-22
1420.2961113743731,3.3757410777661678e-22
1420.396111374373,2.9610610000167663e-22
1420.496111374373,2.596869406347031e-22
1420.5961113743729,2.2770753170035546e-22
1420.6961113743728,1.9963156493780626e-22
1420.7961113743727,1.7498690781390872e-22
1420.8961113743726,1.5335799865651415e-22
1420.9961113743725,1.3437913392362043e-22
1421.0961113743724,1.1772854403883095e-22
1421.1961113743723,1.0312316611757572e-22
1421.2961113743722,9.03140324518322e-23
1421.3961113743721,7.908220296536071e-23
1421.496111374372,6.923517813153468e-23
1421.596111374372,6.060373618142766e-23
1421.6961113743719,5.303914492749937e-23
1421.7961113743718,4.641070428251749e-23
1421.8961113743717,4.060358064842123e-23
1421.9961113743716,3.551689886026737e-23
1422.0961113743715,3.10620613625716e-23
1422.1961113743714,2.7161267828115753e-23
1422.2961113743713,2.3746211554922512e-23
1422.3961113743712,2.075693174197656e-23
1422.4961113743711,1.8140803189589165e-23
1422.596111374371,1.5851647132562604e-23
1422.696111374371,1.3848948825928786e-23
1422.7961113743709,1.2097169192731485e-23
1422.8961113743708,1.0565139336585122e-23
1422.9961113743707,9.225528041144421e-24
1423.0961113743706,8.054373544200081e-24
1423.1961113743705,7.030671903588233e-24
1423.2961113743704,6.1360151812108664e-24
1423.3961113743703,5.354273474108934e-24
1423.4961113743702,4.671315530062985e-24
1423.5961113743701,4.074763310513388e-24
1423.69611137437,3.5537764153814794e-24
1423.79611137437,3.0988627711724385e-24
1423.8961113743699,2.7017124131314995e-24
1423.9961113743698,2.3550515709051738e-24
1424.0961113743697,2.0525146010483246e-24
1424.1961113743696,1.788531604066481e-24
1424.2961113743695,1.5582298231170412e-24
1424.3961113743694,1.3573471501145022e-24
1424.4961113743693,1.1821562664150128e-24
1424.5961113743692,1.0293981226928544e-24
1424.6961113743691,8.962236188961596e-25
1424.796111374369,7.80142482777674e-25
1424.896111374369,6.789784666465848e-25
1424.9961113743689,5.908300886264447e-25
1425.0961113743688,5.140362385533023e-25
1425.1961113743687,4.471460512251364e-25
1425.2961113743686,3.888925223587816e-25
1425.3961113743685,3.3816940650641386e-25
1425.4961113743684,2.940109923732495e-25
1425.5961113743683,2.555744003814229e-25
1425.6961113743682,2.2212409075371074e-25
1425.7961113743681,1.9301830855991013e-25
1425.896111374368,1.6769722570909675e-25
1425.996111374368,1.4567256933833157e-25
1426.0961113743679,1.265185519323486e-25
1426.1961113743678,1.098639412410079e-25
1426.2961113743677,9.538512802155134e-26
1426.3961113743676,8.280006715589061e-26
1426.4961113743675,7.186298307384125e-26
1426.5961113743674,6.235974391080896e-26
1426.6961113743673,5.410382067127517e-26
1426.7961113743672,4.693275805841191e-26
1426.8961113743671,4.070509274204976e-26
1426.996111374367,3.5297662827488103e-26
1427.096111374367,3.0603259293076006e-26
1427.1961113743669,2.6528576305244257e-26
1427.2961113743668,2.2992422701542475e-26
1427.3961113743667,1.9924161648055096e-26
1427.4961113743666,1.7262349609025585e-26
1427.5961113743665,1.4953549385323954e-26
1427.6961113743664,1.2951295147574493e-26
1427.7961113743663,1.1215190164650569e-26
1427.8961113743662,9.710120357448229e-27
1427.9961113743661,8.405568934029994e-27
1428.096111374366,7.275019222836738e-27
1428.196111374366,6.2954344485642066e-27
1428.2961113743659,5.446804619328125e-27
1428.3961113743658,4.711751939198398e-27
1428.4961113743657,4.075187249253164e-27
1428.5961113743656,3.524010952448185e-27
1428.6961113743655,3.046852709873866e-27
1428.7961113743654,2.6338449233346734e-27
1428.8961113743653,2.2764256547417068e-27
1428.9961113743652,1.9671671880393323e-27
1429.0961113743651,1.6996269243543374e-27
1429.196111374365,1.468217724573106e-27
1429.296111374365,1.2680951833342951e-27
1429.3961113743649,1.0950596412299664e-27
1429.4961113743648,9.454710237525152e-28
1429.5961113743647,8.161748413833651e-28
1429.6961113743646,7.044378997244625e-28
1429.7961113743645,6.0789245568732435e-28
1429.8961113743644,5.244877189446798e-28
1429.9961113743643,4.524477401485174e-28
1430.0961113743642,3.90234851476314e-28
1430.1961113743641,3.365179332035007e-28
1430.296111374364,2.9014487423945775e-28
1430.396111374364,2.5011867667781934e-28
1430.4961113743639,2.155767259462447e-28
1430.5961113743638,1.8577281044722437e-28
1430.6961113743637,1.600615288406013e-28
1430.7961113743636,1.3788477036033135e-28
1430.8961113743635,1.1875999468287536e-28
1430.9961113743634,1.022700736575872e-28
1431.0961113743633,8.805448835608646e-29
1431.1961113743632,7.580170199600673e-29
1431.2961113743631,6.52425528664066e-29
1431.396111374363,5.614453188259329e-29
1431.496111374363,4.83068272241168e-29
