0.0,2.5874445198530855
1.0,3.0694495863295628
2.0,3.6262877703688075
3.0,4.266544974990639
4.0,4.999225108471706
5.0,5.833663306449335
6.0,6.77941670441504
7.0,7.846131823706979
8.0,9.04338820143995
9.0,10.380518569636251
10.0,11.866406661943424
11.0,13.50926458272934
12.0,15.316392591996973
13.0,17.293925113495217
14.0,19.44656773013568
15.0,21.77733085311955
16.0,24.287266598162066
17.0,26.975216130832255
18.0,29.837575309867415
19.0,32.86808682056437
20.0,36.057667111999976
21.0,39.39427629996349
22.0,42.86283874843036
23.0,46.445221282780246
24.0,50.12027491634351
25.0,53.86394460004983
26.0,57.64944985866434
27.0,61.447537296005095
28.0,65.22680388860633
29.0,68.95408780739133
30.0,72.59492128469289
31.0,76.11403786107584
32.0,79.47592428824075
33.0,82.64540551616734
34.0,85.5882496359739
35.0,88.27177845816163
36.0,90.66546864070496
37.0,92.74152798945714
38.0,94.47543176331943
39.0,95.84640453746731
40.0,96.83783439760806
41.0,97.43760792374842
42.0,97.63835652025341
43.0,97.58672854041406
44.0,97.43200855280973
45.0,97.17468690283206
46.0,96.81557795505377
47.0,96.3558157992825
48.0,95.7968482834826
49.0,95.14042941750344
50.0,94.3886102033898
51.0,93.5437279593609
52.0,92.60839421522381
53.0,91.58548126693918
54.0,90.47810748719174
55.0,89.28962149705677
56.0,88.02358531112655
57.0,86.68375657470806
58.0,85.27407001688077
59.0,83.79861824727188
60.0,82.26163202734566
61.0,80.66746014880151
62.0,79.0205490523314
63.0,77.325422319518
64.0,75.58666016908036
65.0,73.80887908603377
66.0,71.99671170866736
67.0,70.15478709361565
68.0,68.28771147377142
69.0,66.40004961743011
70.0,64.49630688995047
71.0,62.580912111447546
72.0,60.65820129569204
73.0,58.73240234656911
74.0,56.80762077924549
75.0,54.887826523703545
76.0,52.976841858622834
77.0,51.07833051381919
78.0,49.19578796968388
79.0,47.33253297239057
80.0,45.49170027414516
81.0,43.67623459852248
82.0,41.88888582204322
83.0,40.132205354663824
84.0,38.40854369384344
85.0,36.7200491193742
86.0,35.06866748925918
87.0,33.45614309063912
88.0,31.884020494135203
89.0,30.353647355015955
90.0,28.866178100326678
91.0,27.422578437549742
92.0,26.023630617491918
93.0,24.66993938191672
94.0,23.361938524939806
95.0,22.099897996366014
96.0,20.883931474940486
97.0,19.714004339884163
98.0,18.589941970049413
99.0,17.511438301525867
100.0,16.47806457650702
101.0,15.48927821864921
102.0,14.544431772969618
103.0,13.642781851489476
104.0,12.783498029284331
105.0,11.965671639304702
106.0,11.188324418229554
107.0,10.450416959662949
108.0,9.750856935135175
109.0,9.088507047578132
110.0,8.462192686169148
111.0,7.8707092556370615
112.0,7.312829157263175
113.0,6.787308402852872
114.0,6.292892846871595
115.0,5.8283240257033375
116.0,5.392344596578041
117.0,4.983703372105089
118.0,4.601159949527522
119.0,4.243488936761475
120.0,3.909483779998187
121.0,3.597960200114338
122.0,3.3077592473568163
123.0,3.037749985738895
124.0,2.7868318203080507
125.0,2.553936481924788
126.0,2.3380296854332414
127.0,2.1381124781157372
128.0,1.9532222961147192
129.0,1.7824337470874434
130.0,1.6248591377440218
131.0,1.4796487651208112
132.0,1.3459909904729217
133.0,1.223112114546097
134.0,1.1102760727241932
135.0,1.0067839681588564
136.0,0.9119734604875345
137.0,0.8252180271493121
138.0,0.7459261136293823
139.0,0.6735401882160827
140.0,0.6075357160524266
141.0,0.5474200664194365
142.0,0.49273136631305964
143.0,0.4430373124808743
144.0,0.3979339531792722
145.0,0.35704445000543555
146.0,0.3200178292595096
147.0,0.2865277314082522
148.0,0.2562711663585908
149.0,0.22896728141354727
150.0,0.20435614797863635
151.0,0.18219757231807696
152.0,0.16226993493013514
153.0,0.1443690624221071
154.0,0.12830713511964598
155.0,0.11391163304346516
156.0,0.10102432232955975
157.0,0.08950028365700878
158.0,0.07920698377982646
159.0,0.07002339083541552
160.0,0.06183913372084296
161.0,0.05455370548797114
162.0,0.04807571040778142
163.0,0.04232215409115229
164.0,0.037217775825874135
165.0,0.03269442209565923
166.0,0.02869046008411511
167.0,0.025150229832826013
168.0,0.022023533615546813
169.0,0.01926516100778188
170.0,0.016834448070462884
171.0,0.014694869025867514
172.0,0.01281365878122441
173.0,0.011161464648599215
174.0,0.009712025616728836
175.0,0.008441877549630798
176.0,0.007330082716363635
177.0,0.006357982094644363
178.0,0.005508968936674474
179.0,0.0047682821371210285
180.0,0.004122817999513627
181.0,0.003560959057222248
182.0,0.003072418667673544
183.0,0.0026481001626390862
184.0,0.002279969402497114
185.0,0.0019609396476310257
186.0,0.0016847677249807835
187.0,0.0014459605316903422
188.0,0.0012396909803592815
189.0,0.0010617225512474296
190.0,0.0009083416756025821
191.0,0.0007762972308503189
192.0,0.0006627464825223955
193.0,0.0005652068593777857
194.0,0.00048151299710190107
195.0,0.00040977853220802073
196.0,0.00034836217129590276
197.0,0.00029583760166060715
198.0,0.0002509668474279832
199.0,0.00021267671098098933
200.0,0.0001800379725081976
201.0,0.00015224705114108423
202.0,0.0001286098594490133
203.0,0.00010852760913674305
204.0,9.14843497509623e-05
205.0,7.703604416518289e-05
206.0,6.480100469337299e-05
207.0,5.445153199918501e-05
208.0,4.5706615635572305e-05
209.0,3.832557018281268e-05
210.0,3.2102494662257667e-05
211.0,2.6861455295461677e-05
212.0,2.2452302856426387e-05
213.0,1.874704592646307e-05
214.0,1.563671039961869e-05
215.0,1.3028623689495353e-05
216.0,1.0844069338147594e-05
217.0,9.016264201784782e-06
218.0,7.488616158227776e-06
219.0,6.213225414322855e-06
220.0,5.149597049656974e-06
221.0,4.263536472988968e-06
222.0,3.5262030422451924e-06
223.0,2.9133002557623715e-06
224.0,2.404383705587909e-06
225.0,1.9822704330457113e-06
226.0,1.6325354787610932e-06
227.0,1.3430833068142239e-06
228.0,1.1037834353872773e-06
229.0,9.061610509823531e-07
230.0,7.43134644109743e-07
231.0,6.087938028882529e-07
232.0,4.982112566011373e-07
233.0,4.0728409117866534e-07
234.0,3.3259977821348167e-07
235.0,2.7132328213085697e-07
236.0,2.2110204866086551e-07
237.0,1.7998614252923174e-07
238.0,1.4636120278085872e-07
239.0,1.1889222873505987e-07
240.0,9.647650559918735e-08
241.0,7.820423269635903e-08
242.0,6.332563475331466e-08
243.0,5.12235226974493e-08
244.0,4.139042925057039e-08
245.0,3.340958004835124e-08
246.0,2.6939076336038506e-08
247.0,2.1698763338498597e-08
248.0,1.7459341642908523e-08
249.0,1.4033349499654015e-08
250.0,1.1267703684954589e-08
251.0,9.037537067089623e-09
252.0,7.2411136453407025e-09
253.0,5.795637762888073e-09
254.0,4.633804440852051e-09
