0.0,5.191626480178756
1.0,5.56846802107677
2.0,5.978883000973148
3.0,6.424510847594974
4.0,6.906911838942256
5.0,7.427547129368426
6.0,7.987758814152226
7.0,8.588750427462696
8.0,9.231568297053542
9.0,9.917084199081636
10.0,10.645979766582286
11.0,11.418733103944659
12.0,12.235608046010592
13.0,13.096646473231488
14.0,14.001664053051297
15.0,14.950249722113176
16.0,15.9417691542207
17.0,16.975372375898765
18.0,18.050005596068644
19.0,19.164427210454495
20.0,20.317227827052147
21.0,21.506854038964264
22.0,22.731635548215255
23.0,23.989815122243368
24.0,25.27958074734531
25.0,26.599099234319347
26.0,27.946550434879505
27.0,29.320161147000157
28.0,30.718237726903197
29.0,32.13919638829406
30.0,33.581590158591105
31.0,35.04413147957926
32.0,36.52570948773645
33.0,38.025401088192424
34.0,39.54247504574319
35.0,41.076388455461306
36.0,42.62677512213039
37.0,44.193425568929904
38.0,45.77625860750583
39.0,47.37528462891825
40.0,48.99056101233867
41.0,50.62214028953346
42.0,52.27001194142013
43.0,53.93403893135605
44.0,55.61389029129558
45.0,57.30897126466521
46.0,59.01835266727955
47.0,60.740701248967966
48.0,62.47421291873081
49.0,64.21655073111432
50.0,65.96478951816857
51.0,67.71536898820307
52.0,69.46405699933996
53.0,71.2059245537765
54.0,72.93533385034831
55.0,74.64594048247238
56.0,76.3307105812126
57.0,77.98195338560507
58.0,79.59136938208417
59.0,81.15011380026806
60.0,82.64887489246695
61.0,84.0779660683919
62.0,85.42743061402308
63.0,86.68715740360582
64.0,87.84700572493429
65.0,88.8969370883733
66.0,89.82715168638592
67.0,90.62822701840452
68.0,91.29125610007745
69.0,91.80798263909756
70.0,92.17093058325995
71.0,92.37352552975665
72.0,92.41020562604913
73.0,92.27651978846396
74.0,91.96921130999962
75.0,91.48986804672927
76.0,90.89175873676788
77.0,90.192972466698
78.0,89.39385511926756
79.0,88.49520827865126
80.0,87.49830257967585
81.0,86.4048854122442
82.0,85.21718285450189
83.0,83.93789581340656
84.0,82.57019045300336
85.0,81.1176830869405
86.0,79.58441980086653
87.0,77.97485115090123
88.0,76.29380235519739
89.0,74.54643945584172
90.0,72.73823197738517
91.0,70.87491264583258
92.0,68.96243475790763
93.0,67.00692780502956
94.0,65.01465196010113
95.0,62.99195202851453
96.0,60.94521144849304
97.0,58.880806900898676
98.0,56.8050640559472
99.0,54.72421494495302
100.0,52.64435740039446
101.0,50.57141695837906
102.0,48.51111156512924
103.0,46.468919374500956
104.0,44.45004986784907
105.0,42.4594184717539
106.0,40.501624794142536
107.0,38.58093454600433
108.0,36.70126516495201
109.0,34.86617510895221
110.0,33.07885674418078
111.0,31.342132710580064
112.0,29.65845561264093
113.0,28.029910851435446
114.0,26.458222387128536
115.0,24.94476119915069
116.0,23.490556193893262
117.0,22.096307297089798
118.0,20.76240045980721
119.0,19.48892430296419
120.0,18.275688125251033
121.0,17.122241002932643
122.0,16.0278917169334
123.0,14.99172925246268
124.0,14.012643628863541
125.0,13.089346831966303
126.0,12.220393637614936
127.0,11.404202132825118
128.0,10.639073759856979
129.0,9.923212727988236
130.0,9.254744657620334
131.0,8.63173434123167
132.0,8.052202525325043
133.0,7.5141416366471905
134.0,7.015530394364163
135.0,6.554347267365227
136.0,6.128582752280342
137.0,5.736250463003406
138.0,5.375397036416762
139.0,5.0441108715434675
140.0,4.740529730470291
141.0,4.462847239070564
142.0,4.209318333818783
143.0,3.9782637078562706
144.0,3.768073314985355
145.0,3.577208994500348
146.0,3.4042062827821384
147.0,3.247675479474724
148.0,3.1063020369200394
149.0,2.978846341451057
150.0,2.864142954234585
151.0,2.761099377718536
152.0,2.6686944114765954
153.0,2.585976158457654
154.0,2.5120597394353896
155.0,2.4461247699079456
156.0,2.3874126499057953
157.0,2.335223713208189
158.0,2.288914278418624
159.0,2.2478936402736336
160.0,2.2116210355154404
161.0,2.179602613698448
162.0,2.1513884394655705
163.0,2.1265695491589387
164.0,2.1047750811497172
165.0,2.085669496005973
166.0,2.068949899582168
167.0,2.054343479319705
168.0,2.0416050615007326
169.0,2.030514794898494
170.0,2.0208759642142713
171.0,2.012512934877578
172.0,2.0052692292040097
173.0,1.9990057325432407
174.0,1.993599026895349
175.0,1.9889398485130776
176.0,1.9849316652259088
177.0,1.981489368603644
178.0,1.9785380756069486
179.0,1.9760120340345884
180.0,1.9738536258567367
181.0,1.972012462406108
182.0,1.9704445653698723
183.0,1.9691116275721896
184.0,1.9679803476474933
185.0,1.967021832867149
186.0,1.9662110645864237
187.0,1.965526421015603
188.0,1.9649492522802647
189.0,1.9644635030138098
190.0,1.9640553780139924
191.0,1.9637130467888546
192.0,1.9634263831114582
193.0,1.9631867359932307
194.0,1.9629867287693448
195.0,1.9628200832638125
196.0,1.9626814662648193
197.0,1.9625663557908322
198.0,1.9624709248640597
199.0,1.962391940729316
200.0,1.9623266776628512
201.0,1.9622728417072377
202.0,1.9622285058450817
203.0,1.9621920542865152
204.0,1.9621621346936418
205.0,1.9621376172999114
206.0,1.962117560004558
207.0,1.9621011786324014
208.0,1.9620878216483768
209.0,1.9620769487048115
210.0,1.9620681124785992
211.0,1.962060943325746
212.0,1.9620551363431011
213.0,1.9620504404821058
214.0,1.9620466494078652
215.0,1.9620435938393506
216.0,1.9620411351437448
217.0,1.9620391599903937
218.0,1.9620375758980355
219.0,1.9620363075334617
220.0,1.9620352936409198
221.0,1.962034484499817
222.0,1.9620338398239832
223.0,1.962033327029212
224.0,1.9620329198073105
225.0,1.96203259695472
226.0,1.96203234141213
227.0,1.9620321394786018
228.0,1.962031980169734
229.0,1.9620318546944777
230.0,1.9620317560294842
231.0,1.9620316785734615
232.0,1.9620316178670412
233.0,1.9620315703661657
234.0,1.9620315332591196
235.0,1.9620315043190775
236.0,1.9620314817855
237.0,1.9620314642689105
238.0,1.9620314506745866
239.0,1.9620314401415286
240.0,1.9620314319937275
241.0,1.9620314257013387
242.0,1.9620314208497929
243.0,1.962031417115277
244.0,1.9620314142453008
245.0,1.9620314120433264
246.0,1.962031410356632
247.0,1.9620314090667477
248.0,1.9620314080819299
249.0,1.962031407331256
250.0,1.9620314067599902
251.0,1.9620314063259645
252.0,1.962031405996746
253.0,1.9620314057474337
254.0,1.9620314055589405
