0.0,0.07888336157979674
1.0,0.09495962647883976
2.0,0.11402677712890864
3.0,0.13658058394198025
4.0,0.1631869196401343
5.0,0.19448942300187286
6.0,0.23121760317487233
7.0,0.27419533758232173
8.0,0.3243496998745022
9.0,0.3827200360122168
10.0,0.45046718652371825
11.0,0.5288827314278157
12.0,0.6193981115122216
13.0,0.7235934559268467
14.0,0.8432059218095448
15.0,0.9801373274066214
16.0,1.1364608364690876
17.0,1.314426429269931
18.0,1.5164648751483276
19.0,1.7451899038649448
20.0,2.0033982591264743
21.0,2.2940673083265195
22.0,2.620349878792766
23.0,2.9855659935615995
24.0,3.3931911898225127
25.0,3.84684112152355
26.0,4.350252174944896
27.0,4.907257862936842
28.0,5.5217608104157225
29.0,6.197700200846845
30.0,6.939014620804489
31.0,7.749600317002511
32.0,8.633264966850769
33.0,9.59367715870981
34.0,10.634311880351866
35.0,11.758392422115394
36.0,12.968829212957104
37.0,14.268156220837108
38.0,15.658465661111805
39.0,17.14134186510129
40.0,18.717795262798
41.0,20.388197525716503
42.0,22.152218995026104
43.0,24.00876958326326
44.0,25.9559443821223
45.0,27.9909752313193
46.0,30.110189501888232
47.0,32.30897731948536
48.0,34.58176839784513
49.0,36.922019568537586
50.0,39.32221398038197
51.0,41.773872800755875
52.0,44.26758008285249
53.0,46.7930212697132
54.0,49.33903559041373
55.0,51.89368236967659
56.0,54.444321023689824
57.0,56.9777042569233
58.0,59.4800837126617
59.0,61.93732706963033
60.0,64.3350453245413
61.0,66.65872876180237
62.0,68.89388989310277
63.0,71.02621145697701
64.0,73.04169740718268
65.0,74.92682469366677
66.0,76.66869355514419
67.0,78.25517400109989
68.0,79.67504616557908
69.0,80.91813226658073
70.0,81.97541800320138
71.0,82.83916136668725
72.0,83.5029870288701
73.0,83.96196469858359
74.0,84.21267009902228
75.0,84.25681034036272
76.0,84.14803381746576
77.0,83.90504220304501
78.0,83.52899889542333
79.0,83.02169988405333
80.0,82.38555946107691
81.0,81.62359108210907
82.0,80.73938358854464
83.0,79.7370730538981
84.0,78.6213105631758
85.0,77.39722627641
86.0,76.07039016469969
87.0,74.64676983892771
88.0,73.132685917375
89.0,71.53476539844492
90.0,69.8598935184576
91.0,68.11516458189139
92.0,66.30783225255533
93.0,64.44525978908828
94.0,62.53487069711057
95.0,60.58410025360377
96.0,58.60034833704696
97.0,56.59093396995131
98.0,54.56305194922762
99.0,52.523731904868065
100.0,50.47980008933578
101.0,48.437844159478054
102.0,46.40418117037007
103.0,44.38482895692098
104.0,42.38548103499179
105.0,40.41148510982459
106.0,38.467825236378985
107.0,36.55910763428843
108.0,34.689550120117396
109.0,32.862975081895776
110.0,31.082805885949615
111.0,29.35206657419139
112.0,27.67338468156994
113.0,26.04899697853085
114.0,24.48075792225824
115.0,22.97015058324468
116.0,21.518299800392477
117.0,20.125987308345497
118.0,18.793668574993603
119.0,17.521491084930542
120.0,16.309313805889396
121.0,15.156727579590116
122.0,14.063076185745237
123.0,13.027477837885039
124.0,12.048846881868496
125.0,11.125915482111054
126.0,10.257255096349262
127.0,9.441297556838794
128.0,8.676355593914653
129.0,7.960642656508898
130.0,7.292291903215397
131.0,6.669374256525254
132.0,6.089915431665191
133.0,5.551911869813579
134.0,5.053345523131582
135.0,4.592197455844647
136.0,4.166460241385895
137.0,3.7741491502410103
138.0,3.413312136515045
139.0,3.0820386433051685
140.0,2.7784672576650586
141.0,2.500792255267435
142.0,2.247269082814382
143.0,2.016218832834834
144.0,1.8060317707869225
145.0,1.6151699784079654
146.0,1.4421691800977865
147.0,1.2856398208636086
148.0,1.1442674650870723
149.0,1.0168125851920233
150.0,0.9021098082950237
151.0,0.799066687210655
152.0,0.7066620598612644
153.0,0.6239440583053941
154.0,0.5500278253463085
155.0,0.484092993103295
156.0,0.42538097410951187
157.0,0.3731921115206072
158.0,0.326882730950778
159.0,0.2858621323627087
160.0,0.24958955638280492
161.0,0.21757115544364516
162.0,0.1893569963144991
163.0,0.16453811690374026
164.0,0.14274365673277098
165.0,0.12363807721187386
166.0,0.10691848481036133
167.0,0.09231206741717085
168.0,0.07957365163923652
169.0,0.06848338648480931
170.0,0.0588445568247169
171.0,0.050481528210428464
172.0,0.04323782304500671
173.0,0.03697432674067244
174.0,0.03156762134209991
175.0,0.026908443133734635
176.0,0.022900259967530204
177.0,0.01945796342917026
178.0,0.016506670490511098
179.0,0.01398062895818201
180.0,0.01182222080786518
181.0,0.009981057376122607
182.0,0.008413160352805708
183.0,0.007080222563934458
184.0,0.0059489426452315015
185.0,0.004990427868952653
186.0,0.004179659590977077
187.0,0.003495016022011202
188.0,0.0029178472879207093
189.0,0.00243209802230262
190.0,0.0020239730230450777
191.0,0.0016816417982805365
192.0,0.0013949781211326422
193.0,0.0011553310030695957
194.0,0.000955323779292759
195.0,0.0007886782738323056
196.0,0.0006500612748865022
197.0,0.0005349508009302681
198.0,0.0004395198741781561
199.0,0.00036053573944775784
200.0,0.00029527267299150455
201.0,0.0002414367173837952
202.0,0.0001971008552312549
203.0,0.00016064929666728878
204.0,0.0001307297037951023
205.0,0.00010621231006588774
206.0,8.615501471296887e-05
207.0,6.9773642556799e-05
208.0,5.6416658532349504e-05
209.0,4.554371496737327e-05
210.0,3.670748875500914e-05
211.0,2.9538335902047446e-05
212.0,2.3731353257020106e-05
213.0,1.9035492261737913e-05
214.0,1.524441802134996e-05
215.0,1.2188849506680257e-05
216.0,9.730153900976236e-06
217.0,7.755000549766251e-06
218.0,6.170908191432754e-06
219.0,4.9025436177614235e-06
220.0,3.888651075931424e-06
221.0,3.079509973043362e-06
222.0,2.4348341393382175e-06
223.0,1.9220393681363313e-06
224.0,1.514817466472849e-06
225.0,1.1919648760556423e-06
226.0,9.364222860839194e-07
227.0,7.344887576483873e-07
228.0,5.751798897764305e-07
229.0,4.4970463380661294e-07
230.0,3.510396402335983e-07
231.0,2.735836175320091e-07
232.0,2.1287719726832027e-07
233.0,1.6537632179013357e-07
234.0,1.2826927554104784e-07
235.0,9.932923351636845e-08
236.0,7.679565614537599e-08
237.0,5.927906642119352e-08
238.0,4.568474279734677e-08
239.0,3.5151684517992055e-08
240.0,2.700388366468291e-08
241.0,2.0711494776905367e-08
242.0,1.5859949049189938e-08
243.0,1.2125433126427833e-08
244.0,9.255456895586886e-09
245.0,7.053482500242103e-09
246.0,5.366788155905433e-09
247.0,4.076903585234668e-09
248.0,3.0920859546525305e-09
249.0,2.3414118067936532e-09
250.0,1.770146369781702e-09
251.0,1.3361206691358173e-09
252.0,1.0069022580687157e-09
253.0,7.575897254443423e-10
254.0,5.690965674711193e-10
