0.0,2.5665674604333467e-26
1.0,6.318111804888295e-26
2.0,1.5453524668172385e-25
3.0,3.75554882436702e-25
4.0,9.068279450315498e-25
5.0,2.175614764232199e-24
6.0,5.1861457705200426e-24
7.0,1.2283243511805042e-23
8.0,2.890593512438926e-23
9.0,6.758753467604067e-23
10.0,1.5701885532946193e-22
11.0,3.6244543024376747e-22
12.0,8.312641858791705e-22
13.0,1.89426672721807e-21
14.0,4.288928556330721e-21
15.0,9.648551356198617e-21
16.0,2.156656772340419e-20
17.0,4.7896697984836554e-20
18.0,1.0569044693582753e-19
19.0,2.3172426571521692e-19
20.0,5.047925244168492e-19
21.0,1.0925968262259504e-18
22.0,2.34970085226951e-18
23.0,5.020775862380847e-18
24.0,1.065944795495e-17
25.0,2.248558613048454e-17
26.0,4.712803496410321e-17
27.0,9.814316761548437e-17
28.0,2.03070309049432e-16
29.0,4.174826278232469e-16
30.0,8.527780375009711e-16
31.0,1.7307694680946244e-15
32.0,3.4901819131028636e-15
33.0,6.992983791843822e-15
34.0,1.3921389980733407e-14
35.0,2.753647200441328e-14
36.0,5.411773540192613e-14
37.0,1.0567604530049799e-13
38.0,2.050308016114527e-13
39.0,3.9524582104183754e-13
40.0,7.570439337917016e-13
41.0,1.4407230372551647e-12
42.0,2.724241078394556e-12
43.0,5.118187523707496e-12
44.0,9.554159124780596e-12
45.0,1.772043449795023e-11
46.0,3.265591691881219e-11
47.0,5.979364358246189e-11
48.0,1.0878118216046204e-10
49.0,1.9663378984367367e-10
50.0,3.531572652954488e-10
51.0,6.302077802249558e-10
52.0,1.117390553757805e-09
53.0,1.9684838250528475e-09
54.0,3.4455957683700565e-09
55.0,5.992422417822644e-09
56.0,1.0354905374644934e-08
57.0,1.7778514444880766e-08
58.0,3.032846451180016e-08
59.0,5.140566683435388e-08
60.0,8.657194823461181e-08
61.0,1.4486017477042552e-07
62.0,2.4083879101011854e-07
63.0,3.978409578614134e-07
64.0,6.529774222997324e-07
65.0,1.0648598641427855e-06
66.0,1.7254102402421946e-06
67.0,2.777780366997726e-06
68.0,4.443334990929771e-06
69.0,7.061969364440322e-06
70.0,1.115188344148602e-05
71.0,1.749750933035576e-05
72.0,2.7277832974294246e-05
73.0,4.225217965243176e-05
74.0,6.502704057776984e-05
75.0,9.943619126080787e-05
76.0,0.00015107777928599075
77.0,0.00022806693374823072
78.0,0.0003420815684925357
79.0,0.0005098033040274409
80.0,0.0007548857662479044
81.0,0.0011106198907956469
82.0,0.0016235111579548445
83.0,0.002358037612303816
84.0,0.003402920462350575
85.0,0.004879310865828627
86.0,0.006951376289365079
87.0,0.009839855662142783
88.0,0.013839241166051923
89.0,0.019339331015821942
90.0,0.026851975125432106
91.0,0.03704389506617812
92.0,0.050776489759061634
93.0,0.06915352508440001
94.0,0.09357753301805502
95.0,0.12581559627959715
96.0,0.16807494915372875
97.0,0.22308846575464933
98.0,0.2942096170656721
99.0,0.38551584503224656
100.0,0.5019185195287855
101.0,0.6492767147893709
102.0,0.8345109801626869
103.0,1.0657121143228845
104.0,1.3522387272239091
105.0,1.7047961527792694
106.0,2.1354881381632382
107.0,2.657831780235804
108.0,3.286725517120219
109.0,4.03835973333218
110.0,4.930059821536207
111.0,5.980052476848464
112.0,7.207147676089638
113.0,8.630331279764514
114.0,10.268266511770832
115.0,12.138706690380843
116.0,14.257826410682231
117.0,16.63948375167656
118.0,19.294431769055596
119.0,22.229503240194315
120.0,25.44679799896728
121.0,28.942906844422275
122.0,32.708209523974155
123.0,36.72628628662749
124.0,40.973482627499706
125.0,45.41866483160515
126.0,50.023199610797676
127.0,54.74118448602347
128.0,59.519946724357446
129.0,64.30081788594977
130.0,69.02017881854275
131.0,73.61075684810757
132.0,78.00314365836414
133.0,82.1274897067126
134.0,85.91531978835374
135.0,89.30140529843938
136.0,92.22562252602756
137.0,94.63472346896783
138.0,96.48394651869147
139.0,97.73839903553299
140.0,98.37415218291675
141.0,98.37900003466875
142.0,97.75284931363926
143.0,96.50772237653887
144.0,94.66737331155453
145.0,92.266534274628
146.0,89.34982546942061
147.0,85.97037655554534
148.0,82.18821896195426
149.0,78.06851698404965
150.0,73.67971027269739
151.0,69.09164124135737
152.0,64.37373812766836
153.0,59.593318277875404
154.0,54.81406719938304
155.0,50.09473771866293
156.0,45.48810095208866
157.0,41.040167544852515
158.0,36.78968453589585
159.0,32.767900971173525
160.0,28.998584607039625
161.0,25.49826317098267
162.0,22.276656970114974
163.0,19.337265287933924
164.0,16.678066962225877
165.0,14.292295631778586
166.0,12.169252108247278
167.0,10.295119825721763
168.0,8.653753952723381
169.0,7.227420114341578
170.0,5.997464375393204
171.0,4.944901825978413
172.0,4.050916490562903
173.0,3.297270118127167
174.0,2.6666215411831367
175.0,2.142761621338628
176.0,1.7107712971547944
177.0,1.3571119385169925
178.0,1.0696581553156104
179.0,0.8376835020121073
180.0,0.6518092773108093
181.0,0.5039259610887132
182.0,0.3870958789602968
183.0,0.2954445497762856
184.0,0.22404695068614672
185.0,0.1688137090852198
186.0,0.12638106375069771
187.0,0.09400737389361716
188.0,0.0694780234533339
189.0,0.051019783208902575
190.0,0.03722505796722202
191.0,0.026985954040196096
192.0,0.01943774094893713
193.0,0.013911034357771546
194.0,0.009891876292485658
195.0,0.006988815080836148
196.0,0.004906073410973354
197.0,0.003421922387745237
198.0,0.0023714386169183493
199.0,0.001632898688206888
200.0,0.0011171518586808719
201.0,0.0007594003702432573
202.0,0.000512902736899167
203.0,0.00034419523073060026
204.0,0.00022949873708070194
205.0,0.00015204122899709896
206.0,0.00010008017655341005
207.0,6.545463027007008e-05
208.0,4.2534203548587846e-05
209.0,2.746261293913278e-05
210.0,1.761777367993094e-05
211.0,1.1229639570741357e-05
212.0,7.111909600611504e-06
213.0,4.475198031078916e-06
214.0,2.7979755046490917e-06
215.0,1.7381256876502319e-06
216.0,1.0728130995924086e-06
217.0,6.579192256344259e-07
218.0,4.0089136972026285e-07
219.0,2.427093215801475e-07
220.0,1.4599965364439762e-07
221.0,8.726152821576544e-08
222.0,5.182024040260366e-08
223.0,3.0576069166976095e-08
224.0,1.792542662678405e-08
225.0,1.0441501834665485e-08
226.0,6.043131676472608e-09
227.0,3.4750956715809734e-09
228.0,1.985532926453498e-09
229.0,1.1271793950837728e-09
230.0,6.357913410425484e-10
231.0,3.563213100116065e-10
232.0,1.984150467670725e-10
233.0,1.0977742281902592e-10
234.0,6.034719353599071e-11
235.0,3.2961483119825595e-11
236.0,1.788801010318201e-11
237.0,9.645459860523135e-12
238.0,5.16760684068756e-12
239.0,2.7508164369579727e-12
240.0,1.4549208806870286e-12
241.0,7.645796994280633e-13
242.0,3.992195203776914e-13
243.0,2.0711253969352848e-13
244.0,1.0675952667922503e-13
245.0,5.467798543760189e-14
246.0,2.7824283530802362e-14
247.0,1.406828297100886e-14
248.0,7.06746749992657e-15
249.0,3.52770422115043e-15
250.0,1.7495490762827809e-15
251.0,8.62116016815921e-16
252.0,4.220956903246143e-16
253.0,2.0533441348717028e-16
254.0,9.924718236942983e-17
