0.0,3.9140265174666573
1.0,4.092534404696614
2.0,4.27799504424871
3.0,4.470618159104231
4.0,4.670616843556877
5.0,4.878207472984896
6.0,5.093609604916742
7.0,5.3170458711693716
8.0,5.54874186084607
9.0,5.7889259939895465
10.0,6.037829385695462
11.0,6.295685700502124
12.0,6.562730996883262
13.0,6.839203561683119
14.0,7.125343734346002
15.0,7.421393720806603
16.0,7.727597396922031
17.0,8.044200101342508
18.0,8.371448417734106
19.0,8.709589946284625
20.0,9.058873064441986
21.0,9.419546676853924
22.0,9.791859954497838
23.0,10.176062063010615
24.0,10.572401880250212
25.0,10.981127703143096
26.0,11.402486943895344
27.0,11.83672581566898
28.0,12.284089007850287
29.0,12.744819351061965
30.0,13.219157472097516
31.0,13.707341438982535
32.0,14.209606396395289
33.0,14.726184191706285
34.0,15.257302991925181
35.0,15.803186891871565
36.0,16.364055513915336
37.0,16.94012359966155
38.0,17.531600593983946
39.0,18.138690221840836
40.0,18.76159005833704
41.0,19.400491092524405
42.0,20.055577285463855
43.0,20.72702512310059
44.0,21.415003164533452
45.0,22.119671586288334
46.0,22.84118172323375
47.0,23.57967560680468
48.0,24.33528550122818
49.0,25.108133438470656
50.0,25.89833075265308
51.0,26.7059776147049
52.0,27.53116256805208
53.0,28.37396206615729
54.0,29.23444001275274
55.0,30.112647305626425
56.0,31.00862138484244
57.0,31.922385786293777
58.0,32.853949701502835
59.0,33.80330754459974
60.0,34.77043852742207
61.0,35.75530624369115
62.0,36.75785826323007
63.0,37.77802573719613
64.0,38.815723015307036
65.0,39.87084727604345
66.0,40.94327817081285
67.0,42.032877483058954
68.0,43.139488803298754
69.0,44.262937221063986
70.0,45.40302903471724
71.0,46.55955148010267
72.0,47.732272478979965
73.0,48.92094040817568
74.0,50.12528389036869
75.0,51.345011607407976
76.0,52.57981213703851
77.0,53.829353813886634
78.0,55.09328461553006
79.0,56.37123207444715
80.0,57.662803216609355
81.0,58.96758452744567
82.0,60.2851419458711
83.0,61.615020887032486
84.0,62.956746294382675
85.0,64.30982272165092
86.0,65.67373444523047
87.0,67.04794560745667
88.0,68.43190039119779
89.0,69.82502322612892
90.0,71.22671902700425
91.0,72.63637346418722
92.0,74.05335326663975
93.0,75.47700655751228
94.0,76.90666322241496
95.0,78.34163531038787
96.0,79.78121746752436
97.0,81.22468740313671
98.0,82.67130638828719
99.0,84.12031978644089
100.0,85.57095761592932
101.0,87.0224351438459
102.0,88.47395351092581
103.0,89.92470038689447
104.0,91.3738506557003
105.0,92.82056712997858
106.0,94.26400129402616
107.0,95.70329407449788
108.0,97.13757663796972
109.0,98.56597121444722
110.0,99.98759194583235
111.0,101.40154575829924
112.0,102.80693325746533
113.0,104.20284964518517
114.0,105.58838565673365
115.0,106.96262851708957
116.0,108.32466291497408
117.0,109.6735719932469
118.0,111.00843835421189
119.0,112.32834507833661
120.0,113.63237675484451
121.0,114.91962052259686
122.0,116.18916711964245
123.0,117.44011193977632
124.0,118.6715560944169
125.0,119.88260747808125
126.0,121.07238183571214
127.0,122.24000383008907
128.0,123.38460810753617
129.0,124.50534036012596
130.0,125.60135838256664
131.0,126.67183312195408
132.0,127.71594971856662
133.0,128.7329085358822
134.0,129.72192617800232
135.0,130.68223649267722
136.0,131.6130915581392
137.0,132.51376265196984
138.0,133.38354120024744
139.0,134.22173970524722
140.0,135.02769264999674
141.0,135.80075737802235
142.0,136.54031494666063
143.0,137.24577095234974
144.0,137.91655632636153
145.0,138.55212809948424
146.0,139.15197013421724
147.0,139.7155938230972
148.0,140.24253875183237
149.0,140.7323733259861
150.0,141.18469536001533
151.0,141.59913262753906
152.0,141.97534337178257
153.0,142.31301677521807
154.0,142.61187338749792
155.0,142.87166551085605
156.0,143.0921775422331
157.0,143.27322627146424
158.0,143.41466113495215
159.0,143.5163644243333
160.0,143.57825144973293
161.0,143.6002706572918
162.0,143.58240370073622
163.0,143.52466546685233
164.0,143.4271040548153
165.0,143.28980070941313
166.0,143.11286970829562
167.0,142.8964582034667
168.0,142.6407460173284
169.0,142.3459453936724
170.0,142.0123007041008
171.0,141.6400881104462
172.0,141.2296151838422
173.0,140.7812204811812
174.0,140.29527307977506
175.0,139.77217207111454
176.0,139.21234601469897
177.0,138.61625235298288
178.0,137.98437678855726
179.0,137.31723262475217
180.0,136.61536007091428
181.0,135.87932551367427
182.0,135.1097207555806
183.0,134.30716222253133
184.0,133.4722901414889
185.0,132.6057676900131
186.0,131.70828011919122
187.0,130.78053385158879
188.0,129.82325555588022
189.0,128.8371911998541
190.0,127.82310508351776
191.0,126.78177885405185
192.0,125.71401050438769
193.0,124.62061335719817
194.0,123.50241503610732
195.0,122.36025642593266
196.0,121.19499062378075
197.0,120.00748188281781
198.0,118.79860455053496
199.0,117.56924200332065
200.0,116.32028557914363
201.0,115.0526335101341
202.0,113.767189856834
203.0,112.46486344586444
204.0,111.1465668127339
205.0,109.81321515148106
206.0,108.46572527281398
207.0,107.10501457237218
208.0,105.7320000106985
209.0,104.34759710646632
210.0,102.95271894446286
211.0,101.54827519978164
212.0,100.13517117962677
213.0,98.71430688408017
214.0,97.28657608712652
215.0,95.8528654391751
216.0,94.41405359225816
217.0,92.97101034902455
218.0,91.52459583658599
219.0,90.07565970620855
220.0,88.62504035977815
221.0,87.17356420390186
222.0,85.72204493244092
223.0,84.27128283820319
224.0,82.82206415445498
225.0,81.37516042684385
226.0,79.93132791625538
227.0,78.49130703305835
228.0,77.0558218031243
229.0,75.62557936593996
230.0,74.20126950506254
231.0,72.78356421110219
232.0,71.37311727734892
233.0,69.97056392809696
234.0,68.576520479655
235.0,67.19158403396838
236.0,65.81633220471812
237.0,64.45132287570127
238.0,63.097093991239525
239.0,61.75416337830622
240.0,60.42302860000705
241.0,59.1041668399977
242.0,57.79803481737025
243.0,56.505068731492194
244.0,55.225684236235004
245.0,53.96027644298566
246.0,52.709219951792115
247.0,51.472868909954634
248.0,50.25155709733748
249.0,49.04559803764149
250.0,47.85528513484493
251.0,46.68089183399125
252.0,45.522671805474864
253.0,44.38085915195118
254.0,43.25566863697558
255.0,42.14729593445582
