0.0,63.199757729196605
1.0,64.6701973917773
2.0,66.14838445056256
3.0,67.63330016480545
4.0,69.12389455521449
5.0,70.61908740103871
6.0,72.11776932045844
7.0,73.61880293349735
8.0,75.12102410642034
9.0,76.62324327632969
10.0,78.1242468544174
11.0,79.62279870607819
12.0,81.11764170583349
13.0,82.60749936476509
14.0,84.09107752790766
15.0,85.567066138803
16.0,87.03414106817765
17.0,88.49096600346905
18.0,89.93619439569527
19.0,91.36847145994125
20.0,92.78643622551941
21.0,94.18872363165764
22.0,95.573966664372
23.0,96.94079852999741
24.0,98.28785486067657
25.0,99.6137759469475
26.0,100.91720899242267
27.0,102.19681038542109
28.0,103.45124798229472
29.0,104.6792033970898
30.0,105.87937429209511
31.0,107.05047666376016
32.0,108.19124711841125
33.0,109.30044513215866
34.0,110.37685528936824
35.0,111.41928949407078
36.0,112.42658914869935
37.0,113.39762729458064
38.0,114.33131070865998
39.0,115.22658195101168
40.0,116.08242135777685
41.0,116.89784897427856
42.0,117.67192642319068
43.0,118.40375870277953
44.0,119.09249591039841
45.0,119.73733488659191
46.0,120.3375207753596
47.0,120.89234849633819
48.0,121.40116412488355
49.0,121.86336617627231
50.0,122.27840679049298
51.0,122.64579281436033
52.0,122.96508677796098
53.0,123.23590776272415
54.0,123.4579321587064
55.0,123.63089430898285
56.0,123.75458703934883
57.0,123.82886207185348
58.0,123.85363032100975
59.0,123.82886207185257
60.0,123.75458703934699
61.0,123.6308943089801
62.0,123.45793215870275
63.0,123.23590776271959
64.0,122.96508677795552
65.0,122.64579281435398
66.0,122.27840679048573
67.0,121.86336617626418
68.0,121.40116412487457
69.0,120.89234849632834
70.0,120.3375207753489
71.0,119.73733488658038
72.0,119.09249591038608
73.0,118.40375870276638
74.0,117.67192642317676
75.0,116.89784897426387
76.0,116.08242135776138
77.0,115.22658195099548
78.0,114.33131070864306
79.0,113.39762729456302
80.0,112.42658914868105
81.0,111.41928949405181
82.0,110.37685528934863
83.0,109.30044513213844
84.0,108.19124711839044
85.0,107.05047666373876
86.0,105.87937429207317
87.0,104.67920339706731
88.0,103.45124798227175
89.0,102.19681038539764
90.0,100.91720899239877
91.0,99.61377594692316
92.0,98.28785486065185
93.0,96.94079852997228
94.0,95.57396666434651
95.0,94.18872363163183
96.0,92.78643622549332
97.0,91.36847145991486
98.0,89.93619439566864
99.0,88.4909660034422
100.0,87.0341410681506
101.0,85.56706613877577
102.0,84.09107752788027
103.0,82.60749936473758
104.0,81.11764170580587
105.0,79.62279870605049
106.0,78.12424685438964
107.0,76.62324327630189
108.0,75.12102410639255
109.0,73.61880293346957
110.0,72.11776932043068
111.0,70.61908740101102
112.0,69.12389455518687
113.0,67.63330016477792
114.0,66.14838445053516
115.0,64.67019739175001
116.0,63.19975772916948
117.0,61.738052051753826
118.0,60.28603396757022
119.0,58.844623358875786
120.0,57.41470572120967
121.0,55.99713158608541
122.0,54.59271602665339
123.0,53.2022382454894
124.0,51.82644124345812
125.0,50.46603156840338
126.0,49.1216791422273
127.0,47.79401716474117
128.0,46.48364209250089
129.0,45.191113690679785
130.0,43.91695515588271
131.0,42.66165330766586
132.0,41.42565884639946
133.0,40.20938667499331
134.0,39.01321628189928
135.0,37.837492182710385
136.0,36.682524417592646
137.0,35.54858910171378
138.0,34.43592902577099
139.0,33.344754303670875
140.0,32.2752430643743
141.0,31.22754218489049
142.0,30.201768061386375
143.0,29.198007415368963
144.0,28.216318131899776
145.0,27.256730126811927
146.0,26.31924623992028
147.0,25.40384315124456
148.0,24.510472317302373
149.0,23.639060924574775
150.0,22.78951285729991
151.0,21.96170967681026
152.0,21.15551160969585
153.0,20.370758542148547
154.0,19.60727101792113
155.0,18.864851237418645
156.0,18.143284055528024
157.0,17.442337975884513
158.0,16.761766139370184
159.0,16.101307304739258
160.0,15.46068681936765
161.0,14.839617578228998
162.0,14.23780096930586
163.0,13.654927803753367
164.0,13.090679229241172
165.0,12.54472762500956
166.0,12.016737477285139
167.0,11.506366233811173
168.0,11.013265136356445
169.0,10.537080030174511
170.0,10.077452149491743
171.0,9.634018878207627
172.0,9.20641448509359
173.0,8.794270832877652
174.0,8.397218060700313
175.0,8.014885239522863
176.0,7.64690100016182
177.0,7.2928941337127515
178.0,6.952494164213155
179.0,6.625331893476541
180.0,6.311039918109363
181.0,6.009253118797709
182.0,5.719609122022491
183.0,5.441748734429633
184.0,5.175316350145709
185.0,4.919960331389382
186.0,4.67533336278496
187.0,4.441092779836441
188.0,4.216900872068268
189.0,4.002425161383229
190.0,3.797338656227977
191.0,3.6013200821929883
192.0,3.414054089706291
193.0,3.235231439509085
194.0,3.06454916662653
195.0,2.9017107235687436
196.0,2.746426103515162
197.0,2.598411944250474
198.0,2.457391613632038
199.0,2.3230952773774556
200.0,2.1952599499667187
201.0,2.0736295294564053
202.0,1.9579548170037315
203.0,1.8479935218961634
204.0,1.7435102528777466
205.0,1.6442764965566925
206.0,1.5500705836699076
207.0,1.4606776439695315
208.0,1.3758895504840403
209.0,1.2955048538924352
210.0,1.2193287077344246
211.0,1.1471727851625917
212.0,1.0788551879244395
213.0,1.0142003482429545
214.0,0.9530389242442134
215.0,0.8952076895595702
216.0,0.8405494177082825
217.0,0.7889127618442153
218.0,0.7401521304274963
219.0,0.6941275593589608
220.0,0.6507045810918572
221.0,0.6097540912118001
222.0,0.5711522129523824
223.0,0.5347801600903103
224.0,0.5005240986404726
225.0,0.46827500774807623
226.0,0.4379285401519411
227.0,0.4093848825703278
228.0,0.38254861633831
229.0,0.3573285786037672
230.0,0.333637724367603
231.0,0.31139298963285994
232.0,0.2905151559069875
233.0,0.27092871628173026
234.0,0.2525617432959054
235.0,0.2353457587678028
236.0,0.21921560576606056
237.0,0.20410932287067873
238.0,0.18996802085933523
239.0,0.17673576193837975
240.0,0.16435944162280472
241.0,0.15278867335513463
242.0,0.1419756759395277
243.0,0.13187516385446596
244.0,0.1224442404951764
245.0,0.11364229438542907
246.0,0.10543089838751321
247.0,0.09777371192907094
248.0,0.09063638625597525
249.0,0.08398647271162984
250.0,0.07779333403487347
251.0,0.0720280586611098
252.0,0.06666337800431169
253.0,0.06167358669116181
254.0,0.057034465712765624
255.0,0.052723208454076846
