1214.2665623952632,7.096839989651399e-24
1214.3665623952631,7.694109265634182e-24
1214.466562395263,8.341135061987756e-24
1214.566562395263,9.042019208103623e-24
1214.6665623952629,9.801198049948071e-24
1214.7665623952628,1.0623469429041537e-23
1214.8665623952627,1.1514021812468135e-23
1214.9665623952626,1.2478465743391396e-23
1215.0665623952625,1.3522867794745732e-23
1215.1665623952624,1.4653787222974627e-23
1215.2665623952623,1.5878315533981419e-23
1215.3665623952622,1.720411918992522e-23
1215.4665623952621,1.8639485703226648e-23
1215.566562395262,2.019337338322567e-23
1215.666562395262,2.1875465021492524e-23
1215.7665623952619,2.3696225823897146e-23
1215.8665623952618,2.56669659213523e-23
1215.9665623952617,2.779990781676711e-23
1216.0665623952616,3.0108259153311965e-23
1216.1665623952615,3.260629121877677e-23
1216.2665623952614,3.5309423632722383e-23
1216.3665623952613,3.8234315697487145e-23
1216.4665623952612,4.1398964931057776e-23
1216.5665623952611,4.482281333959475e-23
1216.666562395261,4.8526862030165813e-23
1216.766562395261,5.253379481025557e-23
1216.8665623952609,5.686811147012537e-23
1216.9665623952608,6.155627149730948e-23
1217.0665623952607,6.662684902980565e-23
1217.1665623952606,7.211069991606781e-23
1217.2665623952605,7.804114181612474e-23
1217.3665623952604,8.445414834933325e-23
1217.4665623952603,9.138855837080769e-23
1217.5665623952602,9.888630154087024e-23
1217.6665623952601,1.0699264144031389e-22
1217.76656239526,1.1575643757938546e-22
1217.86656239526,1.25230427750589e-22
1217.9665623952599,1.3547153228531756e-22
1218.0665623952598,1.465411818923427e-22
1218.1665623952597,1.585056708831635e-22
1218.2665623952596,1.7143653772550866e-22
1218.3665623952595,1.8541097501286725e-22
1218.4665623952594,2.0051227109536579e-22
1218.5665623952593,2.168302857864026e-22
1218.6665623952592,2.3446196274129064e-22
1218.7665623952591,2.5351188129922225e-22
1218.866562395259,2.7409285078975803e-22
1218.966562395259,2.963265505300831e-22
1219.0665623952589,3.2034421898136227e-22
1219.1665623952588,3.46287395792209e-22
1219.2665623952587,3.7430872073633666e-22
1219.3665623952586,4.045727938510573e-22
1219.4665623952585,4.3725710140497715e-22
1219.5665623952584,4.72553012668593e-22
1219.6665623952583,5.1066685283237065e-22
1219.7665623952582,5.518210578148696e-22
1219.8665623952581,5.962554171308593e-22
1219.966562395258,6.442284114480386e-22
1220.066562395258,6.960186519531329e-22
1220.1665623952579,7.519264291767267e-22
1220.2665623952578,8.122753794929174e-22
1220.3665623952577,8.774142781185447e-22
1220.4665623952576,9.477189680894355e-22
1220.5665623952575,1.0235944353917728e-21
1220.6665623952574,1.105477041178007e-21
1220.7665623952573,1.1938369228033304e-21
1220.8665623952572,1.2891805762831562e-21
1220.9665623952571,1.3920536337002726e-21
1221.066562395257,1.503043850084947e-21
1221.166562395257,1.6227843153589353e-21
1221.2665623952569,1.7519569080784728e-21
1221.3665623952568,1.8912960089388903e-21
1221.4665623952567,2.041592493319666e-21
1221.5665623952566,2.2036980235596083e-21
1221.6665623952565,2.3785296631649624e-21
1221.7665623952564,2.567074836775588e-21
1221.8665623952563,2.7703966614521008e-21
1221.9665623952562,2.9896396767120808e-21
1222.0665623952561,3.2260360027404397e-21
1222.166562395256,3.480911958339991e-21
1222.266562395256,3.7556951724841894e-21
1222.3665623952559,4.051922225791786e-21
1222.4665623952558,4.371246860879511e-21
1222.5665623952557,4.715448803371514e-21
1222.6665623952556,5.086443238370438e-21
1222.7665623952555,5.48629099043518e-21
1222.8665623952554,5.917209458583563e-21
1222.9665623952553,6.3815843615561446e-21
1223.0665623952552,6.881982352563323e-21
1223.1665623952551,7.421164567002378e-21
1223.266562395255,8.002101171203342e-21
1223.366562395255,8.627986985155554e-21
1223.4665623952549,9.30225825740714e-21
1223.5665623952548,1.002861067594219e-20
1223.6665623952547,1.0811018704848364e-20
1223.7665623952546,1.1653756343020013e-20
1223.8665623952545,1.2561419408028764e-20
1223.9665623952544,1.3538949455665083e-20
1224.0665623952543,1.4591659453547024e-20
1224.1665623952542,1.572526133563409e-20
1224.2665623952541,1.6945895573528842e-20
1224.366562395254,1.8260162910117995e-20
1224.466562395254,1.9675158411459713e-20
1224.5665623952539,2.1198508003901184e-20
1224.6665623952538,2.2838407675257372e-20
1224.7665623952537,2.460366553157354e-20
1224.8665623952536,2.6503746914547463e-20
1224.9665623952535,2.854882279920719e-20
1225.0665623952534,3.0749821706965966e-20
1225.1665623952533,3.311848538576888e-20
1225.2665623952532,3.5667428526819576e-20
1225.3665623952531,3.8410202806353225e-20
1225.466562395253,4.136136556124287e-20
1225.566562395253,4.453655342893579e-20
1225.6665623952529,4.795256130544332e-20
1225.7665623952528,5.16274269999361e-20
1225.8665623952527,5.558052199102856e-20
1225.9665623952526,5.983264871823226e-20
1226.0665623952525,6.440614487236646e-20
1226.1665623952524,6.932499518115449e-20
1226.2665623952523,7.461495122087025e-20
1226.3665623952522,8.030365982194723e-20
1226.4665623952521,8.642080067602233e-20
1226.566562395252,9.299823379419442e-20
1226.666562395252,1.0007015751144236e-19
1226.7665623952519,1.0767327778046087e-19
1226.8665623952518,1.1584698954970463e-19
1226.9665623952517,1.2463357107559477e-19
1227.0665623952516,1.340783920776428e-19
1227.1665623952515,1.4423013670816334e-19
1227.2665623952514,1.551410423753977e-19
1227.3665623952513,1.6686715553055323e-19
1227.4665623952512,1.794686056059036e-19
1227.5665623952511,1.9300989837285758e-19
1227.666562395251,2.0756023007623817e-19
1227.766562395251,2.23193823794254e-19
1227.8665623952509,2.399902895732339e-19
1227.9665623952508,2.5803500999241038e-19
1228.0665623952507,2.774195529275547e-19
1228.1665623952506,2.982421134033172e-19
1228.2665623952505,3.206079865533992e-19
1228.3665623952504,3.4463007384563745e-19
1228.4665623952503,3.7042942487629867e-19
1228.5665623952502,3.981358171949533e-19
1228.6665623952501,4.278883767889892e-19
1228.76656239525,4.598362420356164e-19
1228.86656239525,4.94139274120099e-19
1228.9665623952499,5.309688171225141e-19
1229.0665623952498,5.70508511192463e-19
1229.1665623952497,6.129551624629033e-19
1229.2665623952496,6.58519673601236e-19
1229.3665623952495,7.074280391594337e-19
1229.4665623952494,7.599224101658598e-19
1229.5665623952493,8.162622327013702e-19
1229.6665623952492,8.767254655215382e-19
1229.7665623952491,9.41609882127864e-19
1229.866562395249,1.0112344630539793e-18
1229.966562395249,1.085940884520098e-18
1230.0665623952489,1.1660951100219975e-18
1230.1665623952488,1.2520890918606873e-18
1230.2665623952487,1.3443425900882436e-18
1230.3665623952486,1.4433051168449218e-18
1230.4665623952485,1.5494580145959384e-18
1230.5665623952484,1.6633166773434163e-18
1230.6665623952483,1.7854329244948616e-18
1230.7665623952482,1.916397537713333e-18
1230.8665623952481,2.0568429717619007e-18
1230.966562395248,2.207446251086689e-18
1231.066562395248,2.3689320646617605e-18
1231.1665623952479,2.54207607245013e-18
1231.2665623952478,2.7277084377192526e-18
1231.3665623952477,2.926717600391189e-18
1231.4665623952476,3.1400543076112545e-18
1231.5665623952475,3.368735918786736e-18
1231.6665623952474,3.613851003485465e-18
1231.7665623952473,3.876564251794473e-18
1231.8665623952472,4.158121718029859e-18
1231.9665623952471,4.459856420060138e-18
1232.066562395247,4.783194317969241e-18
1232.166562395247,5.129660697338579e-18
1232.2665623952469,5.500886984086416e-18
1232.3665623952468,5.898618019562397e-18
1232.4665623952467,6.324719826473842e-18
1232.5665623952466,6.781187898213983e-18
1232.6665623952465,7.270156046288911e-18
1232.7665623952464,7.793905842797221e-18
1232.8665623952463,8.354876697325311e-18
1232.9665623952462,8.955676610174715e-18
1233.0665623952461,9.59909364656387e-18
1233.166562395246,1.028810817933865e-17
1233.266562395246,1.1025905950807824e-17
1233.3665623952459,1.181589200759223e-17
1233.4665623952458,1.2661705565862988e-17
1233.5665623952457,1.356723586804494e-17
1233.6665623952456,1.453663909600297e-17
1233.7665623952455,1.5574356409915024e-17
1233.8665623952454,1.6685133186491795e-17
1233.9665623952453,1.7874039534933667e-17
1234.0665623952452,1.9146492174049768e-17
1234.1665623952451,2.05082777593162e-17
1234.266562395245,2.1965577754332713e-17
1234.366562395245,2.352499494718441e-17
1234.4665623952449,2.5193581718636356e-17
1234.5665623952448,2.697887017591667e-17
1234.6665623952447,2.888890427309582e-17
1234.7665623952446,3.093227404677731e-17
1234.8665623952445,3.3118152104006095e-17
1234.9665623952444,3.5456332507994823e-17
1235.0665623952443,3.7957272216517857e-17
1235.1665623952442,4.063213523763421e-17
1235.2665623952441,4.3492839677834167e-17
1235.366562395244,4.6552107868769173e-17
1235.466562395244,4.9823519770504304e-17
1235.5665623952439,5.332156986170455e-17
1235.6665623952438,5.7061727740449e-17
1235.7665623952437,6.106050267343077e-17
1235.8665623952436,6.5335512346279e-17
1235.9665623952435,6.9905556083587e-17
1236.0665623952434,7.47906928241146e-17
1236.1665623952433,8.001232415448657e-17
1236.2665623952432,8.559328272374098e-17
1236.3665623952431,9.155792638119157e-17
1236.466562395243,9.793223840149283e-17
1236.566562395243,1.0474393418347913e-16
1236.6665623952429,1.1202257483343298e-16
1236.7665623952428,1.1979968806900633e-16
1236.8665623952427,1.2810889690712883e-16
1236.9665623952426,1.3698605662800312e-16
1237.0665623952425,1.4646940053780644e-16
1237.1665623952424,1.5659969508509586e-16
1237.2665623952423,1.6742040492024998e-16
1237.3665623952422,1.7897786852368682e-16
1237.4665623952421,1.913214850672398e-16
1237.566562395242,2.0450391321403282e-16
1237.666562395242,2.18581282605588e-16
1237.7665623952419,2.336134188310293e-16
1237.8665623952418,2.4966408272198507e-16
1237.9665623952417,2.668012248686314e-16
1238.0665623952416,2.850972563071348e-16
1238.1665623952415,3.0462933638696445e-16
1238.2665623952414,3.2547967888818237e-16
1238.3665623952413,3.4773587752416094e-16
1238.4665623952412,3.714912520344347e-16
1238.5665623952411,3.968452161457958e-16
1238.666562395241,4.2390366875750495e-16
1238.766562395241,4.527794097888567e-16
1238.8665623952409,4.835925822147091e-16
1238.9665623952408,5.164711419069901e-16
1239.0665623952407,5.515513569982467e-16
1239.1665623952406,5.889783385870578e-16
1239.2665623952405,6.28906604715021e-16
1239.3665623952404,6.7150067966154e-16
1239.4665623952403,7.169357307258561e-16
1239.5665623952402,7.653982447963372e-16
1239.6665623952401,8.170867471454329e-16
1239.76656239524,8.722125650348669e-16
1239.86656239524,9.310006388709036e-16
1239.9665623952399,9.93690383813283e-16
1240.0665623952398,1.0605366049155196e-15
1240.1665623952397,1.131810469057717e-15
1240.2665623952396,1.2078005371279903e-15
1240.3665623952395,1.2888138601143111e-15
1240.4665623952394,1.3751771429867297e-15
1240.5665623952393,1.4672379804805365e-15
1240.6665623952392,1.5653661691349694e-15
1240.7665623952391,1.669955100200248e-15
1240.866562395239,1.781423238299327e-15
1240.966562395239,1.9002156910190536e-15
1241.0665623952389,2.026805874912103e-15
1241.1665623952388,2.161697283713614e-15
1241.2665623952387,2.3054253649193016e-15
1241.3665623952386,2.458559511232768e-15
1241.4665623952385,2.621705173773342e-15
1241.5665623952384,2.7955061043393494e-15
1241.6665623952383,2.980646734450354e-15
1241.7665623952382,3.1778546993435842e-15
1241.8665623952381,3.387903515578434e-15
1241.966562395238,3.6116154214082865e-15
1242.066562395238,3.849864389613216e-15
1242.1665623952379,4.103579323052024e-15
1242.2665623952378,4.37374744378945e-15
1242.3665623952377,4.661417887284444e-15
1242.4665623952376,4.9677055137935426e-15
1242.5665623952375,5.29379494984658e-15
1242.6665623952374,5.6409448733972386e-15
1242.7665623952373,6.0104925570377286e-15
1242.8665623952372,6.4038586844967684e-15
1242.9665623952371,6.8225524565199874e-15
1243.066562395237,7.268177003156143e-15
1243.166562395237,7.742435120455872e-15
1243.2665623952369,8.24713535061993e-15
1243.3665623952368,8.784198425730666e-15
1243.4665623952367,9.355664096350452e-15
1243.5665623952366,9.96369836749195e-15
1243.6665623952365,1.0610601165749635e-14
1243.7665623952364,1.1298814462740184e-14
1243.8665623952363,1.2030930881435526e-14
1243.9665623952362,1.2809702813480916e-14
1244.0665623952361,1.3638052077194148e-14
1244.166562395236,1.4519080147623122e-14
1244.266562395236,1.5456078991821258e-14
1244.3665623952359,1.6452542544378085e-14
1244.4665623952358,1.751217886022429e-14
1244.5665623952357,1.8638922983820868e-14
1244.6665623952356,1.9836950576049682e-14
1244.7665623952355,2.1110692342450255e-14
1244.8665623952354,2.2464849308904312e-14
1244.9665623952353,2.3904408993457338e-14
1245.0665623952352,2.543466252570346e-14
1245.1665623952351,2.7061222768038326e-14
1245.266562395235,2.8790043496125675e-14
1245.366562395235,3.0627439699129484e-14
1245.4665623952349,3.2580109063642184e-14
1245.5665623952348,3.4655154708803706e-14
1245.6665623952347,3.6860109243866806e-14
1245.7665623952346,3.920296022341884e-14
1245.8665623952345,4.169217707965521e-14
1245.9665623952344,4.433673961549377e-14
1246.0665623952343,4.7146168146966265e-14
1246.1665623952342,5.013055538820745e-14
1246.2665623952341,5.3300600177518016e-14
1246.366562395234,5.6667643148416444e-14
1246.466562395234,6.024370445529994e-14
1246.5665623952339,6.404152366938337e-14
1246.6665623952338,6.807460196692829e-14
1246.7665623952337,7.235724673846361e-14
1246.8665623952336,7.69046187547633e-14
1246.9665623952335,8.173278203274839e-14
1247.0665623952334,8.685875655233812e-14
1247.1665623952333,9.230057398347131e-14
1247.2665623952332,9.807733659122416e-14
1247.3665623952331,1.042092794960794e-13
1247.466562395233,1.1071783647600357e-13
1247.566562395233,1.1762570950714907e-13
1247.6665623952329,1.2495694225061552e-13
1247.7665623952328,1.327369977039763e-13
1247.8665623952327,1.4099284024805052e-13
1247.9665623952326,1.4975302233186857e-13
1248.0665623952325,1.590477760518322e-13
1248.1665623952324,1.6890910989488945e-13
1248.2665623952323,1.7937091092999218e-13
1248.3665623952322,1.904690527473909e-13
1248.4665623952321,2.0224150946136592e-13
1248.566562395232,2.1472847610883711e-13
1248.666562395232,2.2797249579413436e-13
1248.7665623952319,2.4201859394881457e-13
1248.8665623952318,2.5691442009511517e-13
1248.9665623952317,2.7271039752229986e-13
1249.0665623952316,2.8945988130685695e-13
1249.1665623952315,3.072193251304489e-13
1249.2665623952314,3.260484573734428e-13
1249.3665623952313,3.460104669872461e-13
1249.4665623952312,3.6717219967517646e-13
1249.5665623952311,3.8960436493954967e-13
1249.666562395231,4.1338175458205386e-13
1249.766562395231,4.3858347327536894e-13
1249.8665623952309,4.652931818563906e-13
1249.9665623952308,4.935993540255854e-13
1250.0665623952307,5.235955471728374e-13
1250.1665623952306,5.553806880877532e-13
1250.2665623952305,5.890593743520691e-13
1250.3665623952304,6.247421922533236e-13
1250.4665623952303,6.625460521026732e-13
1250.5665623952302,7.025945418856132e-13
1250.6665623952301,7.450183002225975e-13
1250.76656239523,7.899554096671861e-13
1250.86656239523,8.375518114225777e-13
1250.9665623952299,8.879617426130934e-13
1251.0665623952298,9.413481973061539e-13
1251.1665623952297,9.97883412541459e-13
1251.2665623952296,1.0577493806891878e-12
1251.3665623952295,1.1211383895266538e-12
1251.4665623952294,1.1882535914941928e-12
1251.5665623952293,1.2593096036660554e-12
1251.6665623952292,1.3345331400503771e-12
1251.7665623952291,1.4141636779149193e-12
1251.866562395229,1.4984541599218272e-12
1251.966562395229,1.5876717339452045e-12
1252.0665623952289,1.6820985325409404e-12
1252.1665623952288,1.7820324941380015e-12
1252.2665623952287,1.8877882281251867e-12
1252.3665623952286,1.999697926117729e-12
1252.4665623952285,2.1181123218032174e-12
1252.5665623952284,2.2434017018877187e-12
1252.6665623952283,2.3759569707896505e-12
1252.7665623952282,2.516190771862602e-12
1252.8665623952281,2.6645386680674517e-12
1252.966562395228,2.821460385161323e-12
1253.066562395228,2.9874411206237047e-12
1253.1665623952279,3.1629929217019155e-12
1253.2665623952278,3.348656136126233e-12
1253.3665623952277,3.5450009392228287e-12
1253.4665623952276,3.7526289413370406e-12
1253.5665623952275,3.972174879675237e-12
1253.6665623952274,4.204308398876674e-12
1253.7665623952273,4.449735924840026e-12
1253.8665623952272,4.70920263655424e-12
1253.9665623952271,4.983494540916639e-12
1254.066562395227,5.273440655767763e-12
1254.166562395227,5.579915306629836e-12
1254.2665623952269,5.903840542904911e-12
1254.3665623952268,6.246188679571964e-12
1254.4665623952267,6.6079849707180215e-12
1254.5665623952266,6.990310421547568e-12
1254.6665623952265,7.394304745840296e-12
1254.7665623952264,7.821169476166534e-12
1254.8665623952263,8.272171234525186e-12
1254.9665623952262,8.748645171442784e-12
1255.0665623952261,9.251998581961589e-12
1255.166562395226,9.783714707353068e-12
1255.266562395226,1.0345356731821373e-11
1255.3665623952259,1.0938571983908537e-11
1255.4665623952258,1.1565096352781072e-11
1255.5665623952257,1.2226758930068801e-11
1255.6665623952256,1.2925486888438849e-11
1255.7665623952255,1.366331060862529e-11
1255.8665623952254,1.4442369067195878e-11
1255.9665623952253,1.5264915497924964e-11
1256.0665623952252,1.6133323340257704e-11
1256.1665623952251,1.7050092488990537e-11
1256.266562395225,1.8017855859969725e-11
1256.366562395225,1.903938628730982e-11
1256.4665623952249,2.0117603768370384e-11
1256.5665623952248,2.125558307350011e-11
1256.6665623952247,2.2456561738359817e-11
1256.7665623952246,2.3723948457478346e-11
1256.8665623952245,2.5061331898573545e-11
1256.9665623952244,2.6472489958091808e-11
1257.0665623952243,2.7961399479377528e-11
1257.1665623952242,2.953224645589078e-11
1257.2665623952241,3.1189436742940864e-11
1257.366562395224,3.2937607302499e-11
1257.466562395224,3.4781638006801626e-11
1257.5665623952239,3.672666402765274e-11
1257.6665623952238,3.8778088839584925e-11
1257.7665623952237,4.094159786634903e-11
1257.8665623952236,4.322317280156317e-11
1257.9665623952235,4.562910663578532e-11
1258.0665623952234,4.8166019423758776e-11
1258.1665623952233,5.0840874827139056e-11
1258.2665623952232,5.3660997469636354e-11
1258.3665623952231,5.6634091143203484e-11
1258.466562395223,5.976825790567508e-11
1258.566562395223,6.307201811211187e-11
1258.6665623952229,6.655433142403476e-11
1258.7665623952228,7.022461884275612e-11
1258.8665623952227,7.409278581511471e-11
1258.9665623952226,7.816924646212226e-11
1259.0665623952225,8.246494898332045e-11
1259.1665623952224,8.699140229204565e-11
1259.2665623952223,9.176070393928848e-11
1259.3665623952222,9.678556938644746e-11
1259.4665623952221,1.0207936268999509e-10
1259.566562395222,1.0765612866390677e-10
1259.666562395222,1.1353062658866632e-10
1259.7665623952219,1.1971836553874452e-10
1259.8665623952218,1.262356414036745e-10
1259.9665623952217,1.3309957568119252e-10
1260.0665623952216,1.4032815612442106e-10
1260.1665623952215,1.4794027932873457e-10
1260.2665623952214,1.5595579534772073e-10
1260.3665623952213,1.6439555443166095e-10
1260.4665623952212,1.7328145598605573e-10
1260.5665623952211,1.826364998520616e-10
1260.666562395221,1.924848400151766e-10
1260.766562395221,2.0285184085321452e-10
1260.8665623952209,2.1376413603948857e-10
1260.9665623952208,2.2524969022220316e-10
1261.0665623952207,2.373378636063711e-10
1261.1665623952206,2.500594795700711e-10
1261.2665623952205,2.63446895452656e-10
1261.3665623952204,2.7753407665847927e-10
1261.4665623952203,2.923566742259683e-10
1261.5665623952202,3.079521060183792e-10
1261.6665623952201,3.2435964169934455e-10
1261.76656239522,3.4162049166336976e-10
1261.86656239522,3.597779000987883e-10
1261.9665623952199,3.788772423683283e-10
1262.0665623952198,3.9896612690042753e-10
1262.1665623952197,4.200945017926861e-10
1262.2665623952196,4.4231476633751085e-10
1262.3665623952195,4.656818876889814e-10
1262.4665623952194,4.902535228993012e-10
1262.5665623952193,5.160901465629463e-10
1262.6665623952192,5.432551843167294e-10
1262.7665623952191,5.718151524545717e-10
1262.866562395219,6.018398039266767e-10
1262.966562395219,6.334022810042529e-10
1263.0665623952189,6.665792749027901e-10
1263.1665623952188,7.014511926692194e-10
1263.2665623952187,7.38102331651091e-10
1263.3665623952186,7.766210618793694e-10
1263.4665623952185,8.171000167101629e-10
1263.5665623952184,8.596362920852644e-10
1263.6665623952183,9.043316547863501e-10
1263.7665623952182,9.512927600732797e-10
1263.8665623952181,1.0006313791131332e-09
1263.966562395218,1.0524646366235727e-09
1264.066562395218,1.10691525917154e-09
1264.1665623952179,1.1641118345865847e-09
1264.2665623952178,1.224189082966996e-09
1264.3665623952177,1.2872881397766521e-09
1264.4665623952176,1.3535568515508744e-09
1264.5665623952175,1.4231500847507933e-09
1264.6665623952174,1.4962300483279056e-09
1264.7665623952173,1.5729666305832875e-09
1264.8665623952172,1.6535377509297783e-09
1264.9665623952171,1.7381297271902516e-09
1265.066562395217,1.8269376590905943e-09
1265.166562395217,1.9201658286328055e-09
1265.2665623952169,2.018028118061349e-09
1265.3665623952168,2.1207484461644058e-09
1265.4665623952167,2.228561223681783e-09
1265.5665623952166,2.3417118286221043e-09
1265.6665623952165,2.4604571023238807e-09
1265.7665623952164,2.5850658671288173e-09
1265.8665623952163,2.7158194665699113e-09
1265.9665623952162,2.853012329013123e-09
1266.0665623952161,2.9969525557286307e-09
1266.166562395216,3.1479625344062694e-09
1266.266562395216,3.3063795791699285e-09
1266.3665623952159,3.4725565981874963e-09
1266.4665623952158,3.646862790015753e-09
1266.5665623952157,3.82968436986479e-09
1266.6665623952156,4.021425327012689e-09
1266.7665623952155,4.222508214649622e-09
1266.8665623952154,4.43337497348022e-09
1266.9665623952153,4.654487790465024e-09
1267.0665623952152,4.8863299941354715e-09
1267.1665623952151,5.129406987972389e-09
1267.266562395215,5.384247223396066e-09
1267.366562395215,5.651403213975005e-09
1267.4665623952149,5.93145259252333e-09
1267.5665623952148,6.224999212820274e-09
1267.6665623952147,6.532674297752099e-09
1267.7665623952146,6.855137635745636e-09
1267.8665623952145,7.193078827433867e-09
1267.9665623952144,7.547218584568472e-09
1268.0665623952143,7.918310083269875e-09
1268.1665623952142,8.307140373786042e-09
1268.2665623952141,8.71453184901194e-09
1268.366562395214,9.141343774108072e-09
1268.466562395214,9.588473879643582e-09
1268.5665623952139,1.0056860020780971e-08
1268.6665623952138,1.054748190511446e-08
1268.7665623952137,1.1061362891870324e-08
1268.8665623952136,1.159957186528079e-08
1268.9665623952135,1.2163225185045433e-08
1269.0665623952134,1.275348871690457e-08
1269.1665623952133,1.3371579946459642e-08
1269.2665623952132,1.40187701794925e-08
1269.3665623952131,1.4696386832154898e-08
1269.466562395213,1.540581581452444e-08
1269.566562395213,1.6148504011151035e-08
1269.6665623952128,1.6925961862350264e-08
1269.7665623952128,1.773976605013914e-08
1269.8665623952127,1.8591562292849798e-08
1269.9665623952126,1.9483068252604817e-08
1270.0665623952125,2.0416076559989274e-08
1270.1665623952124,2.1392457960411236e-08
1270.2665623952123,2.2414164586806245e-08
1270.3665623952122,2.348323336350608e-08
1270.4665623952121,2.4601789546269087e-08
1270.566562395212,2.577205040364554e-08
1270.666562395212,2.6996329045037537e-08
1270.7665623952118,2.82770384010063e-08
1270.8665623952118,2.9616695361571646e-08
1270.9665623952117,3.101792507846032e-08
1271.0665623952116,3.248346543746432e-08
1271.1665623952115,3.401617170728992e-08
1271.2665623952114,3.561902137150519e-08
1271.3665623952113,3.7295119150422965e-08
1271.4665623952112,3.9047702219996795e-08
1271.5665623952111,4.088014563505727e-08
1271.666562395211,4.279596796446724e-08
1271.766562395211,4.479883714604168e-08
1271.8665623952108,4.6892576569350016e-08
1271.9665623952108,4.9081171394797067e-08
1272.0665623952107,5.1368775117671365e-08
1272.1665623952106,5.3759716386147526e-08
1272.2665623952105,5.625850608253699e-08
1272.3665623952104,5.8869844677403774e-08
1272.4665623952103,6.159862986648397e-08
1272.5665623952102,6.44499645006903e-08
1272.6665623952101,6.742916481983701e-08
1272.76656239521,7.054176900106643e-08
1272.86656239521,7.37935460333475e-08
1272.9665623952098,7.71905049297847e-08
1273.0665623952098,8.073890428988246e-08
1273.1665623952097,8.444526222430471e-08
1273.2665623952096,8.831636665510108e-08
1273.3665623952095,9.235928600479581e-08
1273.4665623952094,9.658138028817904e-08
1273.5665623952093,1.0099031262110876e-07
1273.6665623952092,1.0559406116109391e-07
1273.7665623952091,1.1040093149492077e-07
1273.866562395209,1.1541956948908888e-07
1273.966562395209,1.2065897461933573e-07
1274.0665623952088,1.261285137960586e-07
1274.1665623952088,1.3183793570300092e-07
1274.2665623952087,1.377973856671226e-07
1274.3665623952086,1.4401742107816034e-07
1274.4665623952085,1.5050902737698298e-07
1274.5665623952084,1.572836346324598e-07
1274.6665623952083,1.6435313472719107e-07
1274.7665623952082,1.7172989917310822e-07
1274.8665623952081,1.7942679757861862e-07
1274.966562395208,1.8745721678965242e-07
1275.066562395208,1.9583508072769766e-07
1275.1665623952078,2.0457487094861517e-07
1275.2665623952078,2.1369164794680125e-07
1275.3665623952077,2.2320107323001348e-07
1275.4665623952076,2.3311943219099618e-07
1275.5665623952075,2.4346365780282986e-07
1275.6665623952074,2.5425135516579747e-07
1275.7665623952073,2.6550082693439356e-07
1275.8665623952072,2.772310996540202e-07
1275.9665623952071,2.894619510378045e-07
1276.066562395207,3.022139382149036e-07
1276.166562395207,3.1550842698265934e-07
1276.2665623952068,3.293676220959163e-07
1276.3665623952068,3.438145986278493e-07
1276.4665623952067,3.588733344376939e-07
1276.5665623952066,3.74568743781844e-07
1276.6665623952065,3.9092671210586764e-07
1276.7665623952064,4.079741320561407e-07
1276.8665623952063,4.257389407509492e-07
1276.9665623952062,4.4425015835210965e-07
1277.0665623952061,4.6353792797935964e-07
1277.166562395206,4.836335570110572e-07
1277.266562395206,5.045695598159944e-07
1277.3665623952058,5.263797019624382e-07
1277.4665623952058,5.490990459519313e-07
1277.5665623952057,5.727639985266666e-07
1277.6665623952056,5.974123596008207e-07
1277.7665623952055,6.23083372867525e-07
1277.8665623952054,6.498177781348441e-07
1277.9665623952053,6.776578654454621e-07
1278.0665623952052,7.066475310365811e-07
1278.1665623952051,7.368323351979183e-07
1278.266562395205,7.682595620875652e-07
1278.366562395205,8.009782815670025e-07
1278.4665623952048,8.350394131183994e-07
1278.5665623952048,8.704957919090928e-07
1278.6665623952047,9.07402237069934e-07
1278.7665623952046,9.458156222561108e-07
1278.8665623952045,9.857949485609461e-07
1278.9665623952044,1.0274014198551419e-06
1279.0665623952043,1.0706985206259225e-06
1279.1665623952042,1.115752096392663e-06
1279.2665623952041,1.1626304367776158e-06
1279.366562395204,1.2114043613125331e-06
1279.466562395204,1.2621473080642293e-06
1279.5665623952038,1.3149354251643193e-06
1279.6665623952038,1.3698476653307482e-06
1279.7665623952037,1.4269658834710391e-06
1279.8665623952036,1.4863749374596305e-06
1279.9665623952035,1.5481627921841576e-06
1280.0665623952034,1.6124206269580583e-06
1280.1665623952033,1.6792429463994092e-06
1280.2665623952032,1.748727694878702e-06
1280.3665623952031,1.8209763746407593e-06
1280.466562395203,1.8960941677089505e-06
1280.566562395203,1.974190061682568e-06
1280.6665623952028,2.055376979541142e-06
1280.7665623952028,2.1397719135724718e-06
1280.8665623952027,2.2274960635440896e-06
1280.9665623952026,2.318674979240951e-06
1281.0665623952025,2.413438707495402e-06
1281.1665623952024,2.5119219438385187e-06
1281.2665623952023,2.6142641889053065e-06
1281.3665623952022,2.720609909729526e-06
1281.4665623952021,2.8311087060673835e-06
1281.566562395202,2.9459154818927437e-06
1281.666562395202,3.0651906222101078e-06
1281.7665623952018,3.1891001753352383e-06
1281.8665623952018,3.3178160407969225e-06
1281.9665623952017,3.451516163017333e-06
1282.0665623952016,3.5903847309320486e-06
1282.1665623952015,3.734612383714768e-06
1282.2665623952014,3.884396422776076e-06
1282.3665623952013,4.0399410302090656e-06
1282.4665623952012,4.201457493859377e-06
1282.5665623952011,4.3691644392011075e-06
1282.666562395201,4.543288068204424e-06
1282.766562395201,4.724062405385084e-06
1282.8665623952008,4.911729551230682e-06
1282.9665623952008,5.106539943202658e-06
1283.0665623952007,5.308752624518164e-06
1283.1665623952006,5.518635520920184e-06
1283.2665623952005,5.736465725649494e-06
1283.3665623952004,5.962529792836414e-06
1283.4665623952003,6.197124039536045e-06
1283.5665623952002,6.4405548566346915e-06
1283.6665623952001,6.693139028861421e-06
1283.7665623952,6.955204064143037e-06
1283.8665623952,7.227088532546572e-06
1283.9665623951998,7.509142415058522e-06
1284.0665623951998,7.80172746245579e-06
1284.1665623951997,8.105217564528574e-06
1284.2665623951996,8.419999129921342e-06
1284.3665623951995,8.74647147686359e-06
1284.4665623951994,9.085047235068137e-06
1284.5665623951993,9.436152759080393e-06
1284.6665623951992,9.800228553368128e-06
1284.7665623951991,1.0177729709447661e-05
1284.866562395199,1.0569126355347795e-05
1284.966562395199,1.0974904117720327e-05
1285.0665623951988,1.1395564596910921e-05
1285.1665623951988,1.1831625855311819e-05
1285.2665623951987,1.2283622919323602e-05
1285.3665623951986,1.2752108295260232e-05
1285.4665623951985,1.323765249953811e-05
1285.5665623951984,1.3740844603497013e-05
1285.6665623951983,1.4262292793207258e-05
1285.7665623951982,1.4802624944624568e-05
1285.8665623951981,1.5362489214461658e-05
1285.966562395198,1.594255464715162e-05
1286.066562395198,1.654351179828658e-05
1286.1665623951978,1.7166073374922005e-05
1286.2665623951978,1.7810974893143756e-05
1286.3665623951977,1.8478975353303634e-05
1286.4665623951976,1.9170857933336218e-05
1286.5665623951975,1.988743070057668e-05
1286.6665623951974,2.0629527342508553e-05
1286.7665623951973,2.1398007916876817e-05
1286.8665623951972,2.2193759621610265e-05
1286.9665623951971,2.3017697585004728e-05
1287.066562395197,2.387076567662708e-05
1287.166562395197,2.475393733940795e-05
1287.2665623951968,2.5668216443398722e-05
1287.3665623951968,2.6614638161677178e-05
1287.4665623951967,2.7594269868894657e-05
1287.5665623951966,2.8608212062965032e-05
1287.6665623951965,2.965759931040485e-05
1287.7665623951964,3.074360121584276e-05
1287.8665623951963,3.186742341622366e-05
1287.9665623951962,3.303030860024337e-05
1288.0665623951961,3.423353755355593e-05
1288.166562395196,3.5478430230306914e-05
1288.266562395196,3.676634685155224e-05
1288.3665623951958,3.8098689031133406e-05
1288.4665623951958,3.947690092958555e-05
1288.5665623951957,4.090247043666744e-05
1288.6665623951956,4.23769303831073e-05
1288.7665623951955,4.390185978217137e-05
1288.8665623951954,4.547888510166644e-05
1288.9665623951953,4.7109681567000726e-05
1289.0665623951952,4.8795974495934274e-05
1289.1665623951951,5.0539540665657764e-05
1289.266562395195,5.234220971285096e-05
1289.366562395195,5.4205865567377627e-05
1289.4665623951948,5.613244792028398e-05
1289.5665623951948,5.8123953726778046e-05
1289.6665623951947,6.018243874487177e-05
1289.7665623951946,6.231001911038351e-05
1289.8665623951945,6.450887294899933e-05
1289.9665623951944,6.67812420261072e-05
1290.0665623951943,6.912943343512282e-05
1290.1665623951942,7.155582132503511e-05
1290.2665623951941,7.406284866791108e-05
1290.366562395194,7.665302906710135e-05
1290.466562395194,7.932894860690673e-05
1290.5665623951938,8.209326774446214e-05
1290.6665623951938,8.494872324461403e-05
1290.7665623951937,8.789813015856817e-05
1290.8665623951936,9.094438384709399e-05
1290.9665623951935,9.409046204908466e-05
1291.0665623951934,9.73394269962728e-05
1291.1665623951933,0.00010069442757491431
1291.2665623951932,0.00010415870153525946
1291.3665623951931,0.00010773557774963613
1291.466562395193,0.00011142847851998087
1291.566562395193,0.00011524092193565742
1291.6665623951928,0.0001191765242824087
1291.7665623951928,0.00012323900250330358
1291.8665623951927,0.00012743217671252932
1291.9665623951926,0.00013175997276290873
1292.0665623951925,0.00013622642486800846
1292.1665623951924,0.00014083567827971952
1292.2665623951923,0.0001455919920222015
1292.3665623951922,0.0001504997416830748
1292.466562395192,0.00015556342226276076
1292.566562395192,0.0001607876510828733
1292.666562395192,0.00016617717075456572
1292.7665623951918,0.00017173685220774423
1292.8665623951917,0.00017747169778206513
1292.9665623951917,0.00018338684438063332
1293.0665623951916,0.0001894875666873228
1293.1665623951915,0.00019577928044865116
1293.2665623951914,0.00020226754582112753
1293.3665623951913,0.00020895807078501216
1293.4665623951912,0.00021585671462541998
1293.566562395191,0.00022296949148169743
1293.666562395191,0.0002303025739660154
1293.766562395191,0.0002378622968521113
1293.8665623951908,0.0002456551608351172
1293.9665623951907,0.0002536878363634144
1294.0665623951907,0.0002619671675434477
1294.1665623951906,0.000270500176118438
1294.2665623951905,0.00027929406552192347
1294.3665623951904,0.00028835622500706775
1294.4665623951903,0.0002976942338526571
1294.5665623951902,0.00030731586564672293
1294.66656239519,0.0003172290926487003
1294.76656239519,0.0003274420902310535
1294.86656239519,0.00033796324140127526
1294.9665623951898,0.00034880114140516843
1295.0665623951897,0.0003599646024123176
1295.1665623951897,0.0003714626582846413
1295.2665623951896,0.00038330456942891624
1295.3665623951895,0.00039549982773415097
1295.4665623951894,0.0004080581615946871
1295.5665623951893,0.00042098954101988154
1295.6665623951892,0.0004343041828312329
1295.766562395189,0.0004480125559477801
1295.866562395189,0.00046212538676061515
1295.966562395189,0.00047665366459732146
1296.0665623951888,0.0004916086472771434
1296.1665623951887,0.0005070018667576715
1296.2665623951887,0.0005228451348738296
1296.3665623951886,0.0005391505491699127
1296.4665623951885,0.0005559304988254229
1296.5665623951884,0.0005731976706754292
1296.6665623951883,0.0005909650553261571
1296.7665623951882,0.0006092459533664923
1296.866562395188,0.0006280539816760739
1296.966562395188,0.0006474030798306084
1297.066562395188,0.0006673075166050519
1297.1665623951878,0.0006877818965752327
1297.2665623951877,0.0007088411668185146
1297.3665623951877,0.0007305006237140318
1297.4665623951876,0.0007527759198430465
1297.5665623951875,0.0007756830709898898
1297.6665623951874,0.0007992384632439973
1297.7665623951873,0.000823458860203433
1297.8665623951872,0.0008483614102803606
1297.966562395187,0.0008739636541087869
1298.066562395187,0.0009002835320549689
1298.166562395187,0.0009273393918307501
1298.2665623951868,0.0009551499962101462
1298.3665623951867,0.0009837345308493731
1298.4665623951867,0.0010131126122105538
1298.5665623951866,0.0010433042955892385
1298.6665623951865,0.0010743300832458816
1298.7665623951864,0.0011062109326413331
1298.8665623951863,0.0011389682647763974
1298.9665623951862,0.0011726239726354477
1299.066562395186,0.0012072004297340358
1299.166562395186,0.0012427204987704107
1299.266562395186,0.0012792075403807882
1299.3665623951858,0.0013166854219981755
1299.4665623951857,0.0013551785268145098
1299.5665623951857,0.001394711762845803
1299.6665623951856,0.0014353105720999499
1299.7665623951855,0.00147700093984678
1299.8665623951854,0.0015198094039898871
1299.9665623951853,0.001563763064539739
1300.0665623951852,0.001608889593187456
1300.166562395185,0.001655217242978617
1300.266562395185,0.0017027748580864391
1300.366562395185,0.0017515918836834804
1300.4665623951848,0.0018016983759111078
1300.5665623951847,0.0018531250119458056
1300.6665623951847,0.0019059031001613313
1300.7665623951846,0.0019600645903857326
1300.8665623951845,0.0020156420842520964
1300.9665623951844,0.002072668845641818
1301.0665623951843,0.002131178811219214
1301.1665623951842,0.002191206601056085
1301.266562395184,0.002252787529344849
1301.366562395184,0.002315957615198774
1301.466562395184,0.002380753593537724
1301.5665623951838,0.00244721292605781
1301.6665623951837,0.0025153738122831774
1301.7665623951837,0.0025852752006981644
1301.8665623951836,0.0026569567999579183
1301.9665623951835,0.0027304590901754654
1302.0665623951834,0.0028058233342832238
1302.1665623951833,0.0028830915894667336
1302.2665623951832,0.0029623067186684226
1302.366562395183,0.003043512402158981
1302.466562395183,0.003126753149173996
1302.566562395183,0.0032120743096132765
1302.6665623951828,0.003299522085800195
1302.7665623951827,0.0033891435442984334
1302.8665623951827,0.0034809866277831602
1302.9665623951826,0.0035751001669638593
1303.0665623951825,0.0036715338925556755
1303.1665623951824,0.0037703384472961864
1303.2665623951823,0.0038715653980043833
1303.3665623951822,0.0039752672476784726
1303.466562395182,0.004081497447629088
1303.566562395182,0.004190310409644343
1303.666562395182,0.0043017615181830775
1303.7665623951818,0.004415907142592471
1303.8665623951817,0.004532804649346187
1303.9665623951817,0.004652512414299047
1304.0665623951816,0.004775089834954078
1304.1665623951815,0.00490059734273775
1304.2665623951814,0.0050290964152790475
1304.3665623951813,0.0051606495886879124
1304.4665623951812,0.005295320469828475
1304.566562395181,0.005433173748582388
1304.666562395181,0.005574275210097477
1304.766562395181,0.00571869174701672
1304.8665623951808,0.0058664913716825395
1304.9665623951807,0.0060177432283112665
1305.0665623951807,0.006172517605132394
1305.1665623951806,0.006330885946487286
1305.2665623951805,0.006492920864881759
1305.3665623951804,0.0066586961529869594
1305.4665623951803,0.006828286795582543
1305.5665623951802,0.0070017689814365625
1305.66656239518,0.0071792201151157625
1305.76656239518,0.007360718828720221
1305.86656239518,0.007546344993536158
1305.9665623951798,0.007736179731600332
1306.0665623951797,0.007930305427169625
1306.1665623951797,0.008128805738089153
1306.2665623951796,0.00833176560705207
1306.3665623951795,0.008539271272744222
1306.4665623951794,0.00875141028086664
1306.5665623951793,0.0089682714950287
1306.6665623951792,0.009189945107504675
1306.766562395179,0.00941652264984634
1306.866562395179,0.009648097003344087
1306.966562395179,0.009884762409328996
1307.0665623951788,0.010126614479307973
1307.1665623951787,0.010373750204924235
1307.2665623951787,0.01062626796773507
1307.3665623951786,0.010884267548798902
1307.4665623951785,0.011147850138063204
1307.5665623951784,0.01141711834354522
1307.6665623951783,0.011692176200296882
1307.7665623951782,0.011973129179145359
1307.866562395178,0.012260084195200688
1307.966562395178,0.012553149616121681
1308.066562395178,0.012852435270131121
1308.1665623951778,0.01315805245377147
1308.2665623951777,0.01347011393939181
1308.3665623951777,0.013788733982356943
1308.4665623951776,0.014114028327969447
1308.5665623951775,0.01444611421809501
1308.6665623951774,0.014785110397481982
1308.7665623951773,0.015131137119765208
1308.8665623951772,0.015484316153144845
1308.966562395177,0.015844770785730017
1309.066562395177,0.01621262583053783
1309.166562395177,0.01658800763013783
1309.2665623951768,0.016971044060931587
1309.3665623951767,0.017361864537057778
1309.4665623951767,0.017760600013912334
1309.5665623951766,0.018167382991273764
1309.6665623951765,0.018582347516022932
1309.7665623951764,0.019005629184447554
1309.8665623951763,0.019437365144120596
1309.9665623951762,0.01987769409534226
1310.066562395176,0.02032675629213526
1310.166562395176,0.020784693542782645
1310.266562395176,0.02125164920989777
1310.3665623951758,0.021727768210015527
1310.4665623951757,0.02221319701269482
1310.5665623951757,0.022708083639120826
1310.6665623951756,0.023212577660197062
1310.7665623951755,0.023726830194116044
1310.8665623951754,0.024250993903398327
1310.9665623951753,0.024785222991388613
1311.0665623951752,0.025329673198198753
1311.166562395175,0.02588450179608669
1311.266562395175,0.026449867584260406
1311.366562395175,0.027025930883096735
1311.4665623951748,0.027612853527763707
1311.5665623951747,0.02821079886123635
1311.6665623951747,0.028819931726694857
1311.7665623951746,0.029440418459294806
1311.8665623951745,0.030072426877298872
1311.9665623951744,0.030716126272559343
1312.0665623951743,0.03137168740034108
1312.1665623951742,0.03203928246847483
1312.266562395174,0.03271908512582988
1312.366562395174,0.03341127045009658
1312.466562395174,0.034116014934868114
1312.5665623951738,0.0348334964760114
1312.6665623951737,0.03556389435731743
1312.7665623951737,0.03630738923542104
1312.8665623951736,0.037064163123980046
1312.9665623951735,0.03783439937710456
1313.0665623951734,0.038618282672026695
1313.1665623951733,0.0394159989910012
1313.2665623951732,0.04022773560242761
1313.366562395173,0.04105368104118553
1313.466562395173,0.041894025088172845
1313.566562395173,0.04274895874903926
1313.6665623951728,0.043618674232105525
1313.7665623951727,0.0445033649254607
1313.8665623951727,0.045403225373228294
1313.9665623951726,0.046318451250994104
1314.0665623951725,0.04724923934038693
1314.1665623951724,0.048195787502805204
1314.2665623951723,0.049158294652281574
1314.3665623951722,0.05013696072747819
1314.466562395172,0.051131986662806106
1314.566562395172,0.05214357435866145
1314.666562395172,0.05317192665077175
1314.7665623951718,0.054217247278647
1314.8665623951717,0.055279740853128125
1314.9665623951716,0.056359612823028225
1315.0665623951716,0.057457069440860264
1315.1665623951715,0.058572317727646483
1315.2665623951714,0.05970556543680453
1315.3665623951713,0.06085702101710549
1315.4665623951712,0.06202689357469976
1315.566562395171,0.06321539283420657
1315.666562395171,0.06442272909886376
1315.766562395171,0.06564911320973424
1315.8665623951708,0.06689475650396626
1315.9665623951707,0.06815987077210482
1316.0665623951706,0.06944466821445201
1316.1665623951706,0.07074936139647459
1316.2665623951705,0.07207416320325648
1316.3665623951704,0.07341928679299628
1316.4665623951703,0.07478494554954793
1316.5665623951702,0.07617135303400473
1316.66656239517,0.07757872293532679
1316.76656239517,0.07900726902001193
1316.86656239517,0.08045720508081176
1316.9665623951698,0.08192874488449313
1317.0665623951697,0.08342210211864776
1317.1665623951696,0.08493749033755171
1317.2665623951696,0.08647512290707733
1317.3665623951695,0.0880352129486609
1317.4665623951694,0.08961797328232969
1317.5665623951693,0.09122361636879225
1317.6665623951692,0.09285235425059626
1317.766562395169,0.09450439849235977
1317.866562395169,0.09617996012008025
1317.966562395169,0.09787924955952801
1318.0665623951688,0.09960247657373078
1318.1665623951687,0.10134985019955554
1318.2665623951686,0.10312157868339611
1318.3665623951686,0.10491786941597377
1318.4665623951685,0.10673892886625991
1318.5665623951684,0.10858496251452956
1318.6665623951683,0.11045617478455555
1318.7665623951682,0.11235276897495337
1318.866562395168,0.11427494718968739
1318.966562395168,0.11622291026774974
1319.066562395168,0.11819685771202389
1319.1665623951678,0.12019698761734453
1319.2665623951677,0.1222234965977676
1319.3665623951676,0.12427657971306318
1319.4665623951676,0.12635643039444583
1319.5665623951675,0.12846324036955636
1319.6665623951674,0.13059719958671082
1319.7665623951673,0.13275849613843174
1319.8665623951672,0.13494731618427905
1319.966562395167,0.13716384387299604
1320.066562395167,0.13940826126398917
1320.166562395167,0.14168074824815852
1320.2665623951668,0.14398148246809936
1320.3665623951667,0.14631063923769091
1320.4665623951666,0.1486683914610962
1320.5665623951666,0.15105490955118908
1320.6665623951665,0.15347036134743258
1320.7665623951664,0.1559149120332282
1320.8665623951663,0.1583887240527591
1320.9665623951662,0.16089195702734943
1321.066562395166,0.1634247676713629
1321.166562395166,0.16598730970766498
1321.266562395166,0.1685797337826721
1321.3665623951658,0.17120218738101356
1321.4665623951657,0.17385481473983147
1321.5665623951656,0.17653775676274394
1321.6665623951656,0.17925115093349908
1321.7665623951655,0.18199513122934677
1321.8665623951654,0.18476982803415465
1321.9665623951653,0.1875753680512987
1322.0665623951652,0.1904118742163545
1322.166562395165,0.19327946560962062
1322.266562395165,0.19617825736850275
1322.366562395165,0.19910836059978906
1322.4665623951648,0.20206988229184722
1322.5665623951647,0.20506292522677522
1322.6665623951646,0.20808758789253676
1322.7665623951646,0.21114396439511401
1322.8665623951645,0.21423214437071048
1322.9665623951644,0.21735221289803633
1323.0665623951643,0.22050425041071067
1323.1665623951642,0.22368833260981505
1323.266562395164,0.2269045303766312
1323.366562395164,0.2301529096855995
1323.466562395164,0.2334335315175326
1323.5665623951638,0.23674645177312023
1323.6665623951637,0.24009172118676117
1323.7665623951636,0.24346938524075892
1323.8665623951636,0.24687948407991775
1323.9665623951635,0.2503220524265765
1324.0665623951634,0.25379711949611794
1324.1665623951633,0.25730470891299034
1324.2665623951632,0.26084483862728114
1324.366562395163,0.2644175208318796
1324.466562395163,0.2680227618802683
1324.566562395163,0.27166056220498164
1324.6665623951628,0.27533091623677075
1324.7665623951627,0.2790338123245152
1324.8665623951626,0.28276923265591963
1324.9665623951626,0.2865371531790359
1325.0665623951625,0.2903375435246522
1325.1665623951624,0.29417036692958604
1325.2665623951623,0.29803558016092524
1325.3665623951622,0.30193313344125494
1325.466562395162,0.30586297037491134
1325.566562395162,0.30982502787530514
1325.666562395162,0.3138192360933519
1325.7665623951618,0.3178455183470541
1325.8665623951617,0.3219037910522718
1325.9665623951616,0.32599396365472577
1326.0665623951616,0.3301159385632735
1326.1665623951615,0.33426961108449704
1326.2665623951614,0.33845486935864566
1326.3665623951613,0.34267159429697314
1326.4665623951612,0.34691965952051035
1326.566562395161,0.351198931300314
1326.666562395161,0.3555092684992312
1326.766562395161,0.35985052251522154
1326.8665623951608,0.36422253722627534
1326.9665623951607,0.3686251489369683
1327.0665623951606,0.3730581863266933
1327.1665623951606,0.3775214703996074
1327.2665623951605,0.38201481443633445
1327.3665623951604,0.38653802394746034
1327.4665623951603,0.39109089662886265
1327.5665623951602,0.3956732223189095
1327.66656239516,0.4002847829575679
1327.76656239516,0.40492535254745865
1327.86656239516,0.4095946971168937
1327.9665623951598,0.41429257468493474
1328.0665623951597,0.4190187352285079
1328.1665623951596,0.4237729206516107
1328.2665623951596,0.42855486475664667
1328.3665623951595,0.4333642932179229
1328.4665623951594,0.4382009235573443
1328.5665623951593,0.44306446512233744
1328.6665623951592,0.44795461906603995
1328.766562395159,0.4528710783297849
1328.866562395159,0.45781352762791366
1328.966562395159,0.46278164343494865
1329.0665623951588,0.46777509397515643
1329.1665623951587,0.47279353921452966
1329.2665623951586,0.4778366308552203
1329.3665623951586,0.48290401233244895
1329.4665623951585,0.4879953188139206
1329.5665623951584,0.4931101772017726
1329.6665623951583,0.4982482061370811
1329.7665623951582,0.5034090160069518
1329.866562395158,0.5085922089542183
1329.966562395158,0.5137973788897741
1330.066562395158,0.5190241115075565
1330.1665623951578,0.5242719843022102
1330.2665623951577,0.5295405665894461
1330.3665623951576,0.5348294195291182
1330.4665623951576,0.540138096151037
1330.5665623951575,0.5454661413835367
1330.6665623951574,0.5508130920848135
1330.7665623951573,0.5561784770770531
1330.8665623951572,0.5615618171833575
1330.966562395157,0.5669626252674895
1331.066562395157,0.572380406276446
1331.166562395157,0.577814657285872
1331.2665623951568,0.5832648675483242
1331.3665623951567,0.5887305185443973
1331.4665623951566,0.5942110840367179
1331.5665623951566,0.599706030126815
1331.6665623951565,0.6052148153148722
1331.7665623951564,0.6107368905623672
1331.8665623951563,0.6162716993576022
1331.9665623951562,0.6218186777841259
1332.066562395156,0.6273772545920516
1332.166562395156,0.632946851272268
1332.266562395156,0.6385268821335437
1332.3665623951558,0.6441167543825215
1332.4665623951557,0.6497158682065993
1332.5665623951556,0.655323616859694
1332.6665623951556,0.6609393867508775
1332.7665623951555,0.6665625575358831
1332.8665623951554,0.6721925022114692
1332.9665623951553,0.6778285872126316
1333.0665623951552,0.6834701725126526
1333.166562395155,0.6891166117259735
1333.266562395155,0.6947672522138776
1333.366562395155,0.7004214351929673
1333.4665623951548,0.7060784958464184
1333.5665623951547,0.711737763437993
1333.6665623951546,0.7173985614287942
1333.7665623951546,0.7230602075967363
1333.8665623951545,0.728722014158715
1333.9665623951544,0.7343832878954493
1334.0665623951543,0.740043330278971
1334.1665623951542,0.7457014376027383
1334.266562395154,0.7513569011143423
1334.366562395154,0.7570090071507805
1334.466562395154,0.7626570372762649
1334.5665623951538,0.7683002684225353
1334.6665623951537,0.7739379730316439
1334.7665623951536,0.7795694192011767
1334.8665623951536,0.785193870831877
1334.9665623951535,0.7908105877776344
1335.0665623951534,0.7964188259978011
1335.1665623951533,0.802017837711796
1335.2665623951532,0.8076068715559568
1335.366562395153,0.8131851727425969
1335.466562395153,0.8187519832212267
1335.566562395153,0.8243065418418912
1335.6665623951528,0.8298480845205845
1335.7665623951527,0.8353758444066851
1335.8665623951526,0.840889052052376
1335.9665623951526,0.84638693558399
1336.0665623951525,0.8518687208752369
1336.1665623951524,0.8573336317222575
1336.2665623951523,0.8627808900204539
1336.3665623951522,0.8682097159430426
1336.466562395152,0.8736193281212743
1336.566562395152,0.8790089438262667
1336.666562395152,0.884377779152391
1336.7665623951518,0.8897250492021577
1336.8665623951517,0.8950499682725399
1336.9665623951516,0.9003517500426769
1337.0665623951515,0.9056296077628944
1337.1665623951515,0.9108827544449833
1337.2665623951514,0.9161104030536718
1337.3665623951513,0.9213117666992287
1337.4665623951512,0.9264860588311334
1337.566562395151,0.9316324934327478
1337.666562395151,0.9367502852169226
1337.766562395151,0.941838649822475
1337.8665623951508,0.9468968040114657
1337.9665623951507,0.9519239658672112
1338.0665623951506,0.9569193549929604
1338.1665623951505,0.9618821927111663
1338.2665623951505,0.9668117022632826
1338.3665623951504,0.9717071090100171
1338.4665623951503,0.9765676406319653
1338.5665623951502,0.9813925273305584
1338.66656239515,0.9861810020292486
1338.76656239515,0.990932300574863
1338.86656239515,0.9956456619390494
1338.9665623951498,1.0003203284197424
1339.0665623951497,1.0049555458425765
1339.1665623951496,1.0095505637621693
1339.2665623951495,1.0141046356632033
1339.3665623951495,1.0186170191612294
1339.4665623951494,1.0230869762031178
1339.5665623951493,1.0275137732670816
1339.6665623951492,1.0318966815621957
1339.766562395149,1.0362349772273385
1339.866562395149,1.0405279415294784
1339.966562395149,1.0447748610612313
1340.0665623951488,1.0489750279376104
1340.1665623951487,1.053127739991897
1340.2665623951486,1.0572323009705535
1340.3665623951485,1.0612880207271054
1340.4665623951485,1.0652942154149128
1340.5665623951484,1.069250207678763
1340.6665623951483,1.0731553268452048
1340.7665623951482,1.077008909111547
1340.866562395148,1.0808102977334562
1340.966562395148,1.0845588432110704
1341.066562395148,1.0882539034735592
1341.1665623951478,1.0918948440620568
1341.2665623951477,1.0954810383108948
1341.3665623951476,1.0990118675270628
1341.4665623951475,1.1024867211678242
1341.5665623951475,1.1059049970164159
1341.6665623951474,1.109266101355763
1341.7665623951473,1.1125694491401366
1341.8665623951472,1.115814464164685
1341.966562395147,1.1190005792327722
1342.066562395147,1.1221272363210522
1342.166562395147,1.1251938867422144
1342.2665623951468,1.1281999913053347
1342.3665623951467,1.1311450204737616
1342.4665623951466,1.1340284545204795
1342.5665623951465,1.1368497836808795
1342.6665623951465,1.1396085083028802
1342.7665623951464,1.1423041389943305
1342.8665623951463,1.1449361967676388
1342.9665623951462,1.1475042131815678
1343.066562395146,1.1500077304801335
1343.166562395146,1.1524463017285524
1343.266562395146,1.1548194909461824
1343.3665623951458,1.1571268732363986
1343.4665623951457,1.159368034913352
1343.5665623951456,1.1615425736255565
1343.6665623951455,1.1636500984762561
1343.7665623951455,1.1656902301405168
1343.8665623951454,1.1676626009789979
1343.9665623951453,1.1695668551483542
1344.0665623951452,1.1714026487082208
1344.166562395145,1.1731696497247381
1344.266562395145,1.1748675383705727
1344.366562395145,1.1764960070213895
1344.4665623951448,1.1780547603487372
1344.5665623951447,1.1795435154093095
1344.6665623951446,1.1809620017305362
1344.7665623951445,1.1823099613924801
1344.8665623951445,1.183587149105992
1344.9665623951444,1.184793332287102
1345.0665623951443,1.1859282911276086
1345.1665623951442,1.1869918186618362
1345.266562395144,1.1879837208295372
1345.366562395144,1.1889038165349044
1345.466562395144,1.1897519377016776
1345.5665623951438,1.190527929324313
1345.6665623951437,1.1912316495151969
1345.7665623951436,1.1918629695478855
1345.8665623951435,1.192421773896348
1345.9665623951435,1.1929079602702009
1346.0665623951434,1.193321439645913
1346.1665623951433,1.1936621362939743
1346.2665623951432,1.1939299878020115
1346.366562395143,1.194124945093843
1346.466562395143,1.1942469724444653
1346.566562395143,1.194296047490964
1346.6665623951428,1.1942130193921363
1346.7665623951427,1.193886871374318
1346.8665623951426,1.1933152302805465
1346.9665623951425,1.192498448835274
1347.0665623951425,1.1914370308284048
1347.1665623951424,1.190131630597437
1347.2665623951423,1.1885830523552021
1347.3665623951422,1.1867922493641787
1347.466562395142,1.1847603229585564
1347.566562395142,1.1824885214154612
1347.666562395142,1.1799782386769624
1347.7665623951418,1.1772310129246866
1347.8665623951417,1.1742485250090855
1347.9665623951416,1.1710325967355992
1348.0665623951415,1.1675851890101636
1348.1665623951415,1.1639083998467015
1348.2665623951414,1.1600044622394343
1348.3665623951413,1.1558757419030339
1348.4665623951412,1.151524734883815
1348.566562395141,1.1469540650453456
1348.666562395141,1.1421664814320196
1348.766562395141,1.1371648555143001
1348.8665623951408,1.1319521783194963
1348.9665623951407,1.1265315574520849
1349.0665623951406,1.1209062140077326
1349.1665623951405,1.1150794793853038
1349.2665623951405,1.1090547920012714
1349.3665623951404,1.1028356939110602
1349.4665623951403,1.0964258273419685
1349.5665623951402,1.089828931142414
1349.66656239514,1.0830488371523417
1349.76656239514,1.076089466499721
1349.86656239514,1.068954825828135
1349.9665623951398,1.0616490034605301
1350.0665623951397,1.0541761655042594
1350.1665623951396,1.0465405519025994
1350.2665623951395,1.0387464724379625
1350.3665623951395,1.0307983026920626
1350.4665623951394,1.0227004799683144
1350.5665623951393,1.014457499181761
1350.6665623951392,1.006073908721833
1350.766562395139,0.9975543062932395
1350.866562395139,0.98890333474028
1350.966562395139,0.980125677859848
1351.0665623951388,0.9712260562083671
1351.1665623951387,0.9622092229078673
1351.2665623951386,0.9530799594563623
1351.3665623951385,0.9438430715476365
1351.4665623951385,0.9345033849054909
1351.5665623951384,0.9250657411374282
1351.6665623951383,0.9155349936126822
1351.7665623951382,0.9059160033694129
1351.866562395138,0.8962136350558012
1351.966562395138,0.8864327529096752
1352.066562395138,0.8765782167812036
1352.1665623951378,0.8666548782030742
1352.2665623951377,0.8566675765124688
1352.3665623951376,0.8466211350290129
1352.4665623951375,0.8365203572927632
1352.5665623951375,0.8263700233661553
1352.6665623951374,0.8161748862036996
1352.7665623951373,0.8059396680930727
1352.8665623951372,0.7956690571711038
1352.966562395137,0.7853677040180063
1353.066562395137,0.7750402183330509
1353.166562395137,0.7646911656947207
1353.2665623951368,0.7543250644082261
1353.3665623951367,0.743946382443099
1353.4665623951366,0.7335595344634154
1353.5665623951365,0.7231688789530362
1353.6665623951365,0.7127787154380779
1353.7665623951364,0.7023932818086644
1353.8665623951363,0.6920167517418353
1353.9665623951362,0.6816532322273133
1354.066562395136,0.6713067611976686
1354.166562395136,0.6609813052642372
1354.266562395136,0.6506807575599858
1354.3665623951358,0.6404089356903433
1354.4665623951357,0.6301695797928457
1354.5665623951356,0.6199663507062777
1354.6665623951355,0.6098028282498235
1354.7665623951355,0.599682509612576
1354.8665623951354,0.5896088078535894
1354.9665623951353,0.5795850505124979
1355.0665623951352,0.5696144783305703
1355.166562395135,0.5597002440819057
1355.266562395135,0.5498454115143331
1355.366562395135,0.5400529543994227
1355.4665623951348,0.5303257556908694
1355.5665623951347,0.5206666067903748
1355.6665623951346,0.5110782069200092
1355.7665623951345,0.5015631625999021
1355.8665623951345,0.49212398722998635
1355.9665623951344,0.4827631007743862
1356.0665623951343,0.4734828295469283
1356.1665623951342,0.46428540609613295
1356.266562395134,0.4551729691879356
1356.366562395134,0.44614756388427956
1356.466562395134,0.43721114171562303
1356.5665623951338,0.4283655609453065
1356.6665623951337,0.4196125869236351
1356.7665623951336,0.41095389252944736
1356.8665623951335,0.4023910586968617
1356.9665623951335,0.39392557502481396
1357.0665623951334,0.38555884046693684
1357.1665623951333,0.37729216409926203
1357.2665623951332,0.36912676596317157
1357.366562395133,0.36106377798097017
1357.466562395133,0.35310424494140397
1357.566562395133,0.34524912555241005
1357.6665623951328,0.3374992935583392
1357.7665623951327,0.32985553891887276
1357.8665623951326,0.3223185690468163
1357.9665623951325,0.31488901010194237
1358.0665623951325,0.3075674083380316
1358.1665623951324,0.30035423150025437
1358.2665623951323,0.2932498702700269
1358.3665623951322,0.2862546397544759
1358.466562395132,0.2793687810176488
1358.566562395132,0.272592462650614
1358.666562395132,0.26592578237760944
1358.7665623951318,0.2593687686954133
1358.8665623951317,0.2529213825431318
1358.9665623951316,0.24658351899962513
1359.0665623951315,0.24035500900582074
1359.1665623951315,0.2342356211091946
1359.2665623951314,0.22822506322774072
1359.3665623951313,0.22232298443078571
1359.4665623951312,0.2165289767340486
1359.566562395131,0.21084257690639635
1359.666562395131,0.20526326828578684
1359.766562395131,0.19979048260195176
1359.8665623951308,0.19442360180341972
1359.9665623951307,0.18916195988654033
1360.0665623951306,0.1840048447242284
1360.1665623951305,0.17895149989220882
1360.2665623951304,0.1740011264906057
1360.3665623951304,0.16915288495878592
1360.4665623951303,0.16440589688143145
1360.5665623951302,0.15975924678388648
1360.66656239513,0.15521198391489116
1360.76656239513,0.15076312401488853
1360.86656239513,0.14641165106815765
1360.9665623951298,0.14215651903710444
1361.0665623951297,0.1379966535771096
1361.1665623951296,0.13393095373040906
1361.2665623951295,0.12995829359755637
1361.3665623951294,0.12607752398508978
1361.4665623951294,0.12228747402810113
1361.5665623951293,0.11858695278647814
1361.6665623951292,0.11497475081366507
1361.766562395129,0.11144964169686097
1361.866562395129,0.10801038356764729
1361.966562395129,0.10465572058210904
1362.0665623951288,0.10138438436958648
1362.1665623951287,0.0981950954492641
1362.2665623951286,0.09508656461387459
1362.3665623951285,0.09205749427986464
1362.4665623951284,0.08910657980343707
1362.5665623951284,0.08623251076195018
1362.6665623951283,0.08343397220022282
1362.7665623951282,0.08070964584135475
1362.866562395128,0.07805821126173715
1362.966562395128,0.07547834702998908
1363.066562395128,0.07296873180961322
1363.1665623951278,0.070528045425226
1363.2665623951277,0.0681549698922701
1363.3665623951276,0.06584819041017433
1363.4665623951275,0.06360639631897785
1363.5665623951274,0.06142828201948701
1363.6665623951274,0.059312547857082655
1363.7665623951273,0.05725790096934292
1363.8665623951272,0.05526305609769179
1363.966562395127,0.05332673636332883
1364.066562395127,0.0514476740077348
1364.166562395127,0.04962461109809047
1364.2665623951268,0.047856300197981545
1364.3665623951267,0.046141505003799946
1364.4665623951266,0.04447900094728521
1364.5665623951265,0.04286757576468221
1364.6665623951264,0.04130603003302097
1364.7665623951264,0.03979317767405344
1364.8665623951263,0.03832784642640817
1364.9665623951262,0.03690887828654793
1365.066562395126,0.035535129919139055
1365.166562395126,0.0342054730374611
1365.266562395126,0.03291879475450551
1365.3665623951258,0.03167399790542837
1365.4665623951257,0.030470001342038824
1365.5665623951256,0.029305740200018297
1365.6665623951255,0.02818016613957774
1365.7665623951254,0.02709224756027151
1365.8665623951254,0.02604096979069478
1365.9665623951253,0.02502533525379963
1366.0665623951252,0.024044363608571068
1366.166562395125,0.023097091868808227
1366.266562395125,0.022182574499760358
1366.366562395125,0.02129988349336842
1366.4665623951248,0.020448108422864
1366.5665623951247,0.019626356477476854
1366.6665623951246,0.018833752478000485
1366.7665623951245,0.01806943887396236
1366.8665623951244,0.017332575723141307
1366.9665623951244,0.016622340654169773
1367.0665623951243,0.015937928812952477
1367.1665623951242,0.01527855279362623
1367.266562395124,0.014643442554777602
1367.366562395124,0.01403184532162686
1367.466562395124,0.01344302547487681
1367.5665623951238,0.012876264426915139
1367.6665623951237,0.012330860486048131
1367.7665623951236,0.0118061287094317
1367.8665623951235,0.011301400745354379
1367.9665623951234,0.010816024665513214
1368.0665623951234,0.010349364787911429
1368.1665623951233,0.009900801490992388
1368.2665623951232,0.00946973101961079
1368.366562395123,0.009055565283427507
1368.466562395123,0.008657731648299827
1368.566562395123,0.00827567272122395
1368.6665623951228,0.007908846129371256
1368.7665623951227,0.007556724293744569
1368.8665623951226,0.007218794197964963
1368.9665623951225,0.006894557152683973
1369.0665623951224,0.006583528556100249
1369.1665623951224,0.006285237651043791
1369.2665623951223,0.00599922727907499
1369.3665623951222,0.005725053632029756
1369.466562395122,0.005462286001426153
1369.566562395122,0.005210506526132048
1369.666562395122,0.004969309938677567
1369.7665623951218,0.004738303310580437
1369.8665623951217,0.00451710579703681
1369.9665623951216,0.0043053483813147025
1370.0665623951215,0.004102673619171999
1370.1665623951214,0.0039087353836059924
1370.2665623951214,0.00372319861022648
1370.3665623951213,0.003545739043529958
1370.4665623951212,0.003376042984338071
1370.566562395121,0.0032138070386492864
1370.666562395121,0.0030587378681391397
1370.766562395121,0.002910551942530538
1370.8665623951208,0.002768975294042695
1370.9665623951207,0.002633743274114036
1371.0665623951206,0.0025046003125819166
1371.1665623951205,0.002381299679489675
1371.2665623951204,0.002263603249679406
1371.3665623951204,0.00215128127031739
1371.4665623951203,0.0020441121314875694
1371.5665623951202,0.0019418821399776122
1371.66656239512,0.0018443852963714001
1371.76656239512,0.0017514230755514785
1371.86656239512,0.001662804210705078
1371.9665623951198,0.0015783444809176676
1372.0665623951197,0.0014978665024287774
1372.1665623951196,0.0014211995236158943
1372.2665623951195,0.0013481792237636976
1372.3665623951194,0.0012786475156675967
1372.4665623951194,0.0012124523521127957
1372.5665623951193,0.0011494475362623753
1372.6665623951192,0.0010894925359808563
1372.766562395119,0.0010324523021126833
1372.866562395119,0.0009781970907285942
1372.966562395119,0.0009266022893465699
1373.0665623951188,0.0008775482471281361
1373.1665623951187,0.0008309201090451912
1373.2665623951186,0.0007866076540072086
1373.3665623951185,0.0007445051369336398
1373.4665623951184,0.0007045111347516529
1373.5665623951184,0.0006665283962948545
1373.6665623951183,0.0006304636960745069
1373.7665623951182,0.0005962276918908555
1373.866562395118,0.0005637347862485093
1373.966562395118,0.0005329029915364909
1374.066562395118,0.000503653798930381
1374.1665623951178,0.00047591205097111984
1374.2665623951177,0.00044960581777234165
1374.3665623951176,0.00042466627680568805
1374.4665623951175,0.00040102759621129646
1374.5665623951174,0.0003786268215786617
1374.6665623951174,0.0003574037661412233
1374.7665623951173,0.00033730090432641146
1374.8665623951172,0.00031826326860144566
1374.966562395117,0.00030023834955387666
1375.066562395117,0.0002831759991448111
1375.166562395117,0.0002670283370717579
1375.2665623951168,0.000251749660177308
1375.3665623951167,0.00023729635483916468
1375.4665623951166,0.0002236268122765815
1375.5665623951165,0.00021070134670787483
1375.6665623951164,0.00019848211629343787
1375.7665623951164,0.00018693304679856429
1375.8665623951163,0.00017601975791037503
1375.9665623951162,0.00016570949214322618
1376.066562395116,0.0001559710462671897
1376.166562395116,0.00014677470519445707
1376.266562395116,0.0001380921782589171
1376.3665623951158,0.00012989653782459248
1376.4665623951157,0.00012216216015916337
1376.5665623951156,0.00011486466850940083
1376.6665623951155,0.00010798087831600667
1376.7665623951154,0.00010148874450607515
1376.8665623951154,9.536731080217956e-05
1376.9665623951153,8.959666098791973e-05
1377.0665623951152,8.415787207064249e-05
1377.166562395115,7.903296928296956e-05
1377.266562395115,7.420488286572829e-05
1377.366562395115,6.965740657586759e-05
1377.4665623951148,6.537515786396679e-05
1377.5665623951147,6.134353966699273e-05
1377.6665623951146,5.754870376303067e-05
1377.7665623951145,5.397751563580282e-05
1377.8665623951144,5.0617520797897436e-05
1377.9665623951144,4.7456912522750296e-05
1378.0665623951143,4.44845009365468e-05
1378.1665623951142,4.1689683422355796e-05
1378.266562395114,3.9062416289944525e-05
1378.366562395114,3.6593187665872825e-05
1378.466562395114,3.4272991559608624e-05
1378.5665623951138,3.209330306255327e-05
1378.6665623951137,3.00460546380061e-05
1378.7665623951136,2.8123613461232145e-05
1378.8665623951135,2.631875976992917e-05
1378.9665623951134,2.4624666186507455e-05
1379.0665623951134,2.3034877974708113e-05
1379.1665623951133,2.154329419418478e-05
1379.2665623951132,2.0144149717759097e-05
1379.366562395113,1.8831998077134256e-05
1379.466562395113,1.7601695103908514e-05
1379.566562395113,1.64483833337723e-05
1379.6665623951128,1.536747714279921e-05
1379.7665623951127,1.4354648585749322e-05
1379.8665623951126,1.3405813907293206e-05
1379.9665623951125,1.2517120698037062e-05
1380.0665623951124,1.1684935668182633e-05
1380.1665623951124,1.0905833012587879e-05
1380.2665623951123,1.0176583341908209e-05
1380.3665623951122,9.494143155390592e-06
1380.466562395112,8.855644831765484e-06
1380.566562395112,8.25838711553345e-06
1380.666562395112,7.699826076773638e-06
1380.7665623951118,7.177566523412107e-06
1380.8665623951117,6.689353845675921e-06
1380.9665623951116,6.233066273227895e-06
1381.0665623951115,5.806707526223242e-06
1381.1665623951114,5.408399842255973e-06
1381.2665623951114,5.0363773618682055e-06
1381.3665623951113,4.6889798559804286e-06
1381.4665623951112,4.364646779265301e-06
1381.566562395111,4.061911634131863e-06
1381.666562395111,3.779396630611386e-06
1381.766562395111,3.5158076280406246e-06
1381.8665623951108,3.2699293450235995e-06
1381.9665623951107,3.0406208247190597e-06
1382.0665623951106,2.826811143048134e-06
1382.1665623951105,2.6274953479454057e-06
1382.2665623951104,2.441730618287543e-06
1382.3665623951103,2.2686326316262903e-06
1382.4665623951103,2.1073721303284987e-06
1382.5665623951102,1.9571716761840563e-06
1382.66656239511,1.8173025839847117e-06
1382.76656239511,1.6870820250022559e-06
1382.86656239511,1.565870291704339e-06
1382.9665623951098,1.453068215440547e-06
1383.0665623951097,1.3481147292105044e-06
1383.1665623951096,1.2504845679904659e-06
1383.2665623951095,1.159686099445072e-06
1383.3665623951094,1.0752592781875305e-06
1383.4665623951093,9.967737170743428e-07
1383.5665623951093,9.238268693307947e-07
1383.6665623951092,8.560423156005923e-07
1383.766562395109,7.930681502980578e-07
1383.866562395109,7.345754619144318e-07
1383.966562395109,6.802569021914215e-07
1384.0665623951088,6.298253393255551e-07
1384.1665623951087,5.830125906066878e-07
1384.2665623951086,5.395682301232628e-07
1384.3665623951085,4.992584673862406e-07
1384.4665623951084,4.6186509293317766e-07
1384.5665623951083,4.271844871742058e-07
1384.6665623951083,3.950266889329477e-07
1384.7665623951082,3.6521452031791154e-07
1384.866562395108,3.375827647342362e-07
1384.966562395108,3.119773950118142e-07
1385.066562395108,2.8825484878429614e-07
1385.1665623951078,2.6628134840459756e-07
1385.2665623951077,2.459322628263889e-07
1385.3665623951076,2.270915090181842e-07
1385.4665623951075,2.0965099060712695e-07
1385.5665623951074,1.9351007157379117e-07
1385.6665623951073,1.7857508293746378e-07
1385.7665623951073,1.647588604837636e-07
1385.8665623951072,1.5198031169326225e-07
1385.966562395107,1.401640101312871e-07
1386.066562395107,1.2923981565552356e-07
1386.166562395107,1.1914251888958764e-07
1386.2665623951068,1.0981150849768392e-07
1386.3665623951067,1.0119045987791927e-07
1386.4665623951066,9.322704397009698e-08
1386.5665623951065,8.587265494800018e-08
1386.6665623951064,7.908215563648996e-08
1386.7665623951063,7.28136395603835e-08
1386.8665623951063,6.702820859519208e-08
1386.9665623951062,6.16897652495698e-08
1387.066562395106,5.6764818665893946e-08
1387.166562395106,5.222230347892941e-08
1387.266562395106,4.803341072317803e-08
1387.3665623951058,4.417143002738661e-08
1387.4665623951057,4.061160237995719e-08
1387.5665623951056,3.7330982791779346e-08
1387.6665623951055,3.4308312223406997e-08
1387.7665623951054,3.152389818166173e-08
1387.8665623951053,2.895950342676517e-08
1387.9665623951053,2.6598242265100443e-08
1388.0665623951052,2.4424483934771736e-08
1388.166562395105,2.242376262137539e-08
1388.266562395105,2.0582693669916215e-08
1388.366562395105,1.8888895585674063e-08
1388.4665623951048,1.733091744215159e-08
1388.5665623951047,1.589817133808101e-08
1388.6665623951046,1.4580869567928212e-08
1388.7665623951045,1.336996619146942e-08
1388.8665623951044,1.2257102707906336e-08
1388.9665623951043,1.1234557558698264e-08
1389.0665623951043,1.029519920088529e-08
1389.1665623951042,9.432442509217836e-09
1389.266562395104,8.640208280955253e-09
1389.366562395104,7.912885631801206e-09
1389.466562395104,7.24529708516151e-09
1389.5665623951038,6.632666169791951e-09
1389.6665623951037,6.070587352991492e-09
1389.7665623951036,5.554998147843262e-09
1389.8665623951035,5.082153243646047e-09
1389.9665623951034,4.648600518660872e-09
1390.0665623951033,4.251158803651849e-09
1390.1665623951033,3.886897273470892e-09
1390.2665623951032,3.5531163521504768e-09
1390.366562395103,3.247330024665263e-09
1390.466562395103,2.9672494557279642e-09
1390.566562395103,2.710767822731108e-09
1390.6665623951028,2.4759462762580044e-09
1390.7665623951027,2.2610009474919336e-09
1390.8665623951026,2.064290927375509e-09
1390.9665623951025,1.8843071475362864e-09
1391.0665623951024,1.7196620978213559e-09
1391.1665623951023,1.5690803197941318e-09
1391.2665623951023,1.4313896197598797e-09
1391.3665623951022,1.3055129488214547e-09
1391.466562395102,1.190460901140266e-09
1391.566562395102,1.0853247850063298e-09
1391.666562395102,9.8927022452066e-10
1391.7665623951018,9.015312526774074e-10
1391.8665623951017,8.214048594164878e-10
1391.9665623951016,7.482459608116753e-10
1392.0665623951015,6.814627579775075e-10
1392.1665623951014,6.205124565312708e-10
1392.2665623951013,5.648973195451427e-10
1392.3665623951013,5.141610288777275e-10
1392.4665623951012,4.678853315937057e-10
1392.566562395101,4.2568694987352043e-10
1392.666562395101,3.872147343904231e-10
1392.766562395101,3.5214704259768e-10
1392.8665623951008,3.201893247312936e-10
1392.9665623951007,2.9107190160055586e-10
1393.0665623951006,2.645479194158853e-10
1393.1665623951005,2.4039146799745314e-10
1393.2665623951004,2.1839584972403638e-10
1393.3665623951003,1.983719875251175e-10
1393.4665623951003,1.8014696109515373e-10
1393.5665623951002,1.6356266132181974e-10
1393.6665623951,1.4847455367433065e-10
1393.7665623951,1.3475054199755138e-10
1393.8665623951,1.2226992480637112e-10
1393.9665623950998,1.1092243677632934e-10
1394.0665623950997,1.0060736868386687e-10
1394.1665623950996,9.123275956613132e-11
1394.2665623950995,8.271465534868083e-11
1394.3665623950994,7.497642863251738e-11
1394.4665623950993,6.794815474205707e-11
1394.5665623950993,6.156603951531922e-11
1394.6665623950992,5.577189466890092e-11
1394.766562395099,5.051265689527928e-11
1394.866562395099,4.5739947150519e-11
1394.966562395099,4.1409666868315784e-11
1395.0665623950988,3.748162809314292e-11
1395.1665623950987,3.391921476258861e-11
1395.2665623950986,3.068907258821287e-11
1395.3665623950985,2.7760825186746193e-11
1395.4665623950984,2.5106814300401936e-11
1395.5665623950983,2.2701862117660592e-11
1395.6665623950983,2.052305386513619e-11
1395.7665623950982,1.854953898806753e-11
1395.866562395098,1.6762349372496785e-11
1395.966562395098,1.5144233187157736e-11
1396.066562395098,1.3679503038292708e-11
1396.1665623950978,1.2353897236780632e-11
1396.2665623950977,1.1154453074780415e-11
1396.3665623950976,1.0069391099189456e-11
1396.4665623950975,9.088009452195278e-12
1396.5665623950974,8.200587425582958e-12
1396.6665623950973,7.398297445770974e-12
1396.7665623950973,6.6731247712413766e-12
1396.8665623950972,6.017794243543112e-12
1396.966562395097,5.425703487782269e-12
1397.066562395097,4.890862008835019e-12
1397.166562395097,4.407835675778279e-12
1397.2665623950968,3.971696129541546e-12
1397.3665623950967,3.577974687838009e-12
1397.4665623950966,3.2226203573034697e-12
1397.5665623950965,2.901961595710112e-12
1397.6665623950964,2.6126714973600996e-12
1397.7665623950963,2.351736102514955e-12
1397.8665623950963,2.116425557180566e-12
1397.9665623950962,1.904267872924212e-12
1398.066562395096,1.7130250578210355e-12
1398.166562395096,1.5406714092658576e-12
1398.266562395096,1.3853737773872337e-12
1398.3665623950958,1.2454736242963197e-12
1398.4665623950957,1.1194707195148104e-12
1398.5665623950956,1.0060083257672132e-12
1398.6665623950955,9.038597419967373e-13
1398.7665623950954,8.119160820654637e-13
1398.8665623950953,7.291751782178749e-13
1398.9665623950953,6.547315081016864e-13
1399.0665623950952,5.877670530267565e-13
1399.166562395095,5.275430032697299e-13
1399.266562395095,4.733922336623256e-13
1399.366562395095,4.2471247949259843e-13
1399.4665623950948,3.8096014895471195e-13
1399.5665623950947,3.416447140525282e-13
1399.6665623950946,3.063236270407394e-13
1399.7665623950945,2.7459771421593095e-13
1399.8665623950944,2.461070031865681e-13
1399.9665623950943,2.2052694369056285e-13
1400.0665623950943,1.97564985623697e-13
1400.1665623950942,1.7695748122129104e-13
1400.266562395094,1.5846688132582988e-13
1400.366562395094,1.4187919839984292e-13
1400.466562395094,1.270017114285034e-13
1400.5665623950938,1.1366089012126999e-13
1400.6665623950937,1.01700517885197e-13
1400.7665623950936,9.09799949219873e-14
1400.8665623950935,8.137280451221824e-14
1400.9665623950934,7.276512710821376e-14
1401.0665623950933,6.505458827509217e-14
1401.1665623950933,5.814912780984785e-14
1401.2665623950932,5.1965978542148743e-14
1401.366562395093,4.6430744388116135e-14
1401.466562395093,4.1476568199048605e-14
1401.566562395093,3.704338082945027e-14
1401.6665623950928,3.30772236506646e-14
1401.7665623950927,2.9529637465030276e-14
1401.8665623950926,2.6357111437338453e-14
1401.9665623950925,2.352058626141935e-14
1402.0665623950924,2.0985006325397e-14
1402.1665623950923,1.871891613448275e-14
1402.2665623950923,1.6694096699676627e-14
1402.3665623950922,1.4885238008554596e-14
1402.466562395092,1.3269644064209301e-14
1402.566562395092,1.1826967313829398e-14
1402.666562395092,1.0538969592485023e-14
1402.7665623950918,9.389306983297341e-15
1402.8665623950917,8.363336244906466e-15
1402.9665623950916,7.44794068339658e-15
1403.0665623950915,6.631373550743463e-15
1403.1665623950914,5.903117237388032e-15
1403.2665623950913,5.253756694498646e-15
1403.3665623950913,4.674865673494917e-15
1403.4665623950912,4.158904507944171e-15
1403.566562395091,3.699128287361928e-15
1403.666562395091,3.2895043849668054e-15
1403.766562395091,2.9246384031775905e-15
1403.8665623950908,2.5997076926033063e-15
1403.9665623950907,2.310401683386065e-15
1404.0665623950906,2.052868342845997e-15
1404.1665623950905,1.823666141203382e-15
1404.2665623950904,1.6197209684059403e-15
1404.3665623950903,1.4382875003891538e-15
1404.4665623950902,1.2769145630146206e-15
1404.5665623950902,1.1334140869758044e-15
1404.66656239509,1.0058332876001104e-15
1404.76656239509,8.924297401320212e-16
1404.8665623950899,7.916490541364267e-16
1404.9665623950898,7.021048804617803e-16
1405.0665623950897,6.225610110624299e-16
1405.1665623950896,5.51915356182902e-16
1405.2665623950895,4.891856052122541e-16
1405.3665623950894,4.3349639715537537e-16
1405.4665623950893,3.8406784435308514e-16
1405.5665623950892,3.402052690027803e-16
1405.6665623950892,3.0129002636068276e-16
1405.766562395089,2.667713013998595e-16
1405.866562395089,2.3615877729723238e-16
1405.9665623950889,2.0901608455479583e-16
1406.0665623950888,1.8495494894033914e-16
1406.1665623950887,1.6362996486541426e-16
1406.2665623950886,1.4473392839685322e-16
1406.3665623950885,1.279936709077381e-16
1406.4665623950884,1.1316634049094464e-16
1406.5665623950883,1.0003608375222578e-16
1406.6665623950882,8.841108553277513e-17
1406.7665623950882,7.812092853933572e-17
1406.866562395088,6.90142388341075e-17
1406.966562395088,6.09565867024886e-17
1407.0665623950879,5.382861561538442e-17
1407.1665623950878,4.7524374871480317e-17
1407.2665623950877,4.1949834076980474e-17
1407.3665623950876,3.702155992594012e-17
1407.4665623950875,3.266553781063531e-17
1407.5665623950874,2.881612264276394e-17
1407.6665623950873,2.5415104924676352e-17
1407.7665623950872,2.2410879595022368e-17
1407.8665623950872,1.9757706502964193e-17
1407.966562395087,1.7415052555423252e-17
1408.066562395087,1.5347006647075102e-17
1408.1665623950869,1.3521759435900755e-17
1408.2665623950868,1.1911140879646484e-17
1408.3665623950867,1.0490209210970956e-17
1408.4665623950866,9.236885710735249e-18
1408.5665623950865,8.13163024821879e-18
1408.6665623950864,7.15715310158398e-18
1408.7665623950863,6.298159058431141e-18
1408.8665623950862,5.54112023086835e-18
1408.9665623950862,4.874074407615958e-18
1409.066562395086,4.2864461121720745e-18
1409.166562395086,3.768887845359159e-18
1409.2665623950859,3.3131392665906344e-18
1409.3665623950858,2.911902314461745e-18
1409.4665623950857,2.5587304869323872e-18
1409.5665623950856,2.247930697265688e-18
1409.6665623950855,1.9744762965397946e-18
1409.7665623950854,1.7339300092324339e-18
1409.8665623950853,1.5223756671146976e-18
1409.9665623950852,1.3363577502988185e-18
1410.0665623950852,1.1728278543884629e-18
1410.166562395085,1.029097300730896e-18
1410.266562395085,9.027951940686008e-19
1410.3665623950849,7.918313095939771e-19
1410.4665623950848,6.94363260562277e-19
1410.5665623950847,6.087674591433177e-19
1410.6665623950846,5.33613437918944e-19
1410.7665623950845,4.676411481014885e-19
1410.8665623950844,4.0974089381914573e-19
1410.9665623950843,3.589356002762126e-19
1411.0665623950842,3.1436514777719982e-19
1411.1665623950842,2.752725339721342e-19
1411.266562395084,2.4099165365589427e-19
1411.366562395084,2.1093650941010696e-19
1411.4665623950839,1.8459168764543179e-19
1411.5665623950838,1.6150395348164716e-19
1411.6665623950837,1.4127483465764513e-19
1411.7665623950836,1.2355407952874904e-19
1411.8665623950835,1.0803388739489985e-19
1411.9665623950834,9.444382109706343e-20
1412.0665623950833,8.254632218724254e-20
1412.1665623950832,7.213275816792575e-20
1412.2665623950832,6.301993944150451e-20
1412.366562395083,5.504705082651536e-20
1412.466562395083,4.80729488898274e-20
1412.5665623950829,4.1973782004912697e-20
1412.6665623950828,3.664089505859983e-20
1412.7665623950827,3.197898516555605e-20
1412.8665623950826,2.7904478676300377e-20
1412.9665623950825,2.4344103238753763e-20
1413.0665623950824,2.123363174653325e-20
1413.1665623950823,1.851677772511313e-20
1413.2665623950822,1.6144224110075288e-20
1413.3665623950822,1.4072769495981953e-20
1413.466562395082,1.2264577811787294e-20
1413.566562395082,1.068651903753461e-20
1413.6665623950819,9.309590042421417e-21
1413.7665623950818,8.10840591846574e-21
1413.8665623950817,7.060753326688011e-21
1413.9665623950816,6.1471983814423796e-21
1414.0665623950815,5.350742488785105e-21
1414.1665623950814,4.656520340291162e-21
