1214.2665623952632,3.4961951417061575e-124
1214.3665623952631,5.1657962027614945e-124
1214.466562395263,7.630659064105499e-124
1214.566562395263,1.1268601174387792e-123
1214.6665623952629,1.6636468583909526e-123
1214.7665623952628,2.4554746649088217e-123
1214.8665623952627,3.623205343860416e-123
1214.9665623952626,5.344826552729828e-123
1215.0665623952625,7.882381704697731e-123
1215.1665623952624,1.1621561495842513e-122
1215.2665623952623,1.7129894368375086e-122
1215.3665623952622,2.5242249933583334e-122
1215.4665623952621,3.718644119105381e-122
1215.566562395262,5.476768072475142e-122
1215.666562395262,8.06393948238955e-122
1215.7665623952619,1.187007183123886e-121
1215.8665623952618,1.746797701109957e-121
1215.9665623952617,2.5698930725841713e-121
1216.0665623952616,3.779816122178704e-121
1216.1665623952615,5.5578838928500045e-121
1216.2665623952614,8.170176601569715e-121
1216.3665623952613,1.2007057645092448e-120
1216.4665623952612,1.764107005577228e-120
1216.5665623952611,2.591173127158033e-120
1216.666562395261,3.804968929305801e-120
1216.766562395261,5.585846228049165e-120
1216.8665623952609,8.198039649652124e-120
1216.9665623952608,1.2028576383299498e-119
1217.0665623952607,1.7644185852324364e-119
1217.1665623952606,2.587451359606867e-119
1217.2665623952605,3.793376439939879e-119
1217.3665623952604,5.559847352516887e-119
1217.4665623952603,8.146723393974361e-119
1217.5665623952602,1.1934005982914962e-118
1217.6665623952601,1.7477234319618228e-118
1217.76656239526,2.55883536286133e-118
1217.86656239526,3.7453736992807384e-118
1217.9665623952599,5.480638362994957e-118
1218.0665623952598,8.017709442175014e-118
1218.1665623952597,1.1726074746850171e-117
1218.2665623952596,1.7145027272083206e-117
1218.3665623952595,2.5061489528838032e-117
1218.4665623952594,3.662340811020875e-117
1218.5665623952593,5.350493129824844e-117
1218.6665623952592,7.814695175774604e-117
1218.7665623952591,1.1410730581269304e-116
1218.866562395259,1.6657048020285395e-116
1218.966562395259,2.4308927678051128e-116
1219.0665623952589,3.5466370182570333e-116
1219.1665623952588,5.173099851964656e-116
1219.2665623952587,7.543417713935467e-116
1219.3665623952586,1.0996858341717336e-115
1219.4665623952585,1.6027001640807787e-115
1219.5665623952584,2.3351732633401477e-115
1219.6665623952583,3.401489346431445e-115
1219.7665623952582,4.953387433221823e-115
1219.8665623952581,7.211384603524839e-115
1219.966562395258,1.0495864032483306e-114
1220.066562395258,1.5272175677730747e-114
1220.1665623952579,2.221604792736427e-114
1220.2665623952578,3.23084314273573e-114
1220.3665623952577,4.6972980846697705e-114
1220.4665623952576,6.827528874826884e-114
1220.5665623952575,9.921153009108718e-114
1220.6665623952574,1.4412652880802487e-113
1220.7665623952573,2.093191121299309e-113
1220.8665623952572,3.039184167917906e-113
1220.9665623952571,4.411520785611702e-113
1221.066562395257,6.401810564979899e-113
1221.166562395257,9.287535467867368e-113
1221.2665623952569,1.3470425958929607e-112
1221.3665623952568,1.9531938597442287e-112
1221.4665623952567,2.8313434188126907e-112
1221.5665623952566,4.1032022568706283e-112
1221.6665623952565,5.944789460309288e-112
1221.7665623952564,8.610595921421679e-112
1221.8665623952563,1.2468468639456225e-111
1221.9665623952562,1.8049958297900183e-111
1222.0665623952561,2.6122964836316157e-111
1222.166562395256,3.779652790690202e-111
1222.266562395256,5.4671944921738156e-111
1222.3665623952559,7.906063880173603e-111
1222.4665623952558,1.1429817382725143e-110
1222.5665623952557,1.651967281537961e-110
1222.6665623952556,2.3869689454634058e-110
1222.7665623952555,3.448063645460401e-110
1222.8665623952554,4.979513976416753e-110
1222.9665623952553,7.189220684598821e-110
1223.0665623952552,1.0376714121143787e-109
1223.1665623952551,1.4973422060585283e-109
1223.266562395255,2.1600582259360273e-109
1223.366562395255,3.1152508780620975e-109
1223.4665623952549,4.491627928429867e-109
1223.5665623952548,6.474372719198681e-109
1223.6665623952547,9.329852947511105e-109
1223.7665623952546,1.3441108204955324e-108
1223.8665623952545,1.9358804470152464e-108
1223.9665623952544,2.787437682058509e-108
1224.0665623952543,4.012499373349231e-108
1224.1665623952542,5.7744146400761946e-108
1224.2665623952541,8.30776362580934e-108
1224.366562395254,1.1949327781357777e-107
1224.466562395254,1.7182485844320816e-107
1224.5665623952539,2.4700838295761177e-107
1224.6665623952538,3.5499363620969875e-107
1224.7665623952537,5.100498454627856e-107
1224.8665623952536,7.326353171561958e-107
1224.9665623952535,1.0520739264928747e-106
1225.0665623952534,1.5103856207375076e-106
1225.1665623952533,2.1677670189489544e-106
1225.2665623952532,3.1104308023299796e-106
1225.3665623952531,4.461816045670299e-106
1225.466562395253,6.398614639291752e-106
1225.566562395253,9.17367662399345e-106
1225.6665623952529,1.3148738131314744e-105
1225.7665623952528,1.884117149507891e-105
1225.8665623952527,2.6990747134499662e-105
1225.9665623952526,3.865494750059221e-105
1226.0665623952525,5.5345006965597604e-105
1226.1665623952524,7.922002634734595e-105
1226.2665623952523,1.1336387850697414e-104
1226.3665623952522,1.6218010857071794e-104
1226.4665623952521,2.3195495540143992e-104
1226.566562395252,3.316598505486253e-104
1226.666562395252,4.7409494392796344e-104
1226.7665623952519,6.775181346463236e-104
1226.8665623952518,9.679651064063885e-104
1226.9665623952517,1.3825525805997106e-103
1227.0665623952516,1.9741801906010354e-103
1227.1665623952515,2.8182213442124005e-103
1227.2665623952514,4.022041868241787e-103
1227.3665623952513,5.738537869168743e-103
1227.4665623952512,8.185384676169778e-103
1227.5665623952511,1.1672398703237825e-102
1227.666562395251,1.6640421036669688e-102
1227.766562395251,2.3716559374328407e-102
1227.8665623952509,3.379264894904259e-102
1227.9665623952508,4.8136661412107756e-102
1228.0665623952507,6.855085444675749e-102
1228.1665623952506,9.759621078198112e-102
1228.2665623952505,1.3891086562168054e-101
1228.3665623952504,1.9766175921844203e-101
1228.4665623952503,2.8118507975996743e-101
1228.5665623952502,3.998941637929855e-101
1228.6665623952501,5.6856619807351846e-101
1228.76656239525,8.08165273528976e-101
1228.86656239525,1.1484246633590312e-100
1228.9665623952499,1.6315035150909278e-100
1229.0665623952498,2.317163582197158e-100
1229.1665623952497,3.2900958631304294e-100
1229.2665623952496,4.67028718893906e-100
1229.3665623952495,6.627684097567139e-100
1229.4665623952494,9.40292971857739e-100
1229.5665623952493,1.333668081675246e-99
1229.6665623952492,1.8911043876194365e-99
1229.7665623952491,2.6808124050208147e-99
1229.866562395249,3.7992731992818926e-99
1229.966562395249,5.38291845798447e-99
1230.0665623952489,7.624620903766163e-99
1230.1665623952488,1.079696981460854e-98
1230.2665623952487,1.5285114500764092e-98
1230.3665623952486,2.163309626923606e-98
1230.4665623952485,3.060919068492802e-98
1230.5665623952484,4.329803510707424e-98
1230.6665623952483,6.123048606106753e-98
1230.7665623952482,8.656660850244069e-98
1230.8665623952481,1.2235346605021202e-97
1230.966562395248,1.7288818997510153e-97
1231.066562395248,2.4422918255267895e-97
1231.1665623952479,3.44915698704483e-97
1231.2665623952478,4.869804701803595e-97
1231.3665623952477,6.873743233107929e-97
1231.4665623952476,9.699698676855676e-97
1231.5665623952475,1.368378866697181e-96
1231.6665623952474,1.9299126418629022e-96
1231.7665623952473,2.721147735877504e-96
1231.8665623952472,3.835745361075257e-96
1231.9665623952471,5.405434302653603e-96
1232.066562395247,7.615432894358753e-96
1232.166562395247,1.0726098359987228e-95
1232.2665623952469,1.5103309850611294e-95
1232.3665623952468,2.1261096890070123e-95
1232.4665623952467,2.9921432275149822e-95
1232.5665623952466,4.2098077921927795e-95
1232.6665623952465,5.9214127466489576e-95
1232.7665623952464,8.326674314805379e-95
1232.8665623952463,1.1705797302472875e-94
1232.9665623952462,1.6451806708980523e-94
1233.0665623952461,2.3115823753971427e-94
1233.166562395246,3.24704515438213e-94
1233.266562395246,4.559848977572261e-94
1233.3665623952459,6.401706622206239e-94
1233.4665623952458,8.985127685142931e-94
1233.5665623952457,1.2607701451989544e-93
1233.6665623952456,1.7686046265947223e-93
1233.7665623952455,2.480326050864606e-93
1233.8665623952454,3.4775226712388213e-93
1233.9665623952453,4.87432342767102e-93
1234.0665623952452,6.8303332419420655e-93
1234.1665623952451,9.568692984236509e-93
1234.266562395245,1.3401287526861001e-92
1234.366562395245,1.876392150176511e-92
1234.4665623952449,2.6265390804623277e-92
1234.5665623952448,3.675592055326623e-92
1234.6665623952447,5.142258664155775e-92
1234.7665623952446,7.192232371509977e-92
1234.8665623952445,1.0056727433940051e-91
1234.9665623952444,1.4058300631108568e-91
1235.0665623952443,1.964681475504044e-91
1235.1665623952442,2.744951350415649e-91
1235.2665623952441,3.834072585310477e-91
1235.366562395244,5.353886828264608e-91
1235.466562395244,7.474139859723285e-91
1235.5665623952439,1.043125185613306e-90
1235.6665623952438,1.4554417197755997e-90
1235.7665623952437,2.030188603126008e-90
1235.8665623952436,2.8311385842821027e-90
1235.9665623952435,3.947017474723373e-90
1236.0665623952434,5.501234362971846e-90
1236.1665623952433,7.6653929413220704e-90
1236.2665623952432,1.0678048157666406e-89
1236.3665623952431,1.4870737425719988e-89
1236.466562395243,2.070409791215346e-89
1236.566562395243,2.881796421508166e-89
1236.6665623952429,4.010083908333732e-89
1236.7665623952428,5.578620260015883e-89
1236.8665623952427,7.758599191268477e-89
1236.9665623952426,1.0787554710350324e-88
1237.0665623952425,1.4994979735377114e-88
1237.1665623952424,2.0837803217809525e-88
1237.2665623952423,2.8949506124260127e-88
1237.3665623952422,4.0208101091644054e-88
1237.4665623952421,5.583019498392469e-88
1237.566562395242,7.750110656681322e-88
1237.666562395242,1.0755481056051954e-87
1237.7665623952419,1.4922272046103344e-87
1237.8665623952418,2.069775511573333e-87
1237.9665623952417,2.870084694657383e-87
1238.0665623952416,3.9787747990302044e-87
1238.1665623952415,5.514259267005617e-87
1238.2665623952414,7.640260779755609e-87
1238.3665623952413,1.0583086852632927e-86
1238.4665623952412,1.4655468814209363e-86
1238.5665623952411,2.0289448782765222e-86
1238.666562395241,2.8081736414198388e-86
1238.766562395241,3.885624654798203e-86
1238.8665623952409,5.375030229243731e-86
1238.9665623952408,7.433342662870101e-86
1239.0665623952407,1.027709978093985e-85
1239.1665623952406,1.4204965074218873e-85
1239.2665623952405,1.962876360775825e-85
1239.3665623952404,2.711620425955037e-85
1239.4665623952403,3.7449672660752e-85
1239.5665623952402,5.170711805968174e-85
1239.6665623952401,7.137330650709503e-85
1239.76656239524,9.849279870341108e-85
1239.86656239524,1.3588024370172345e-84
1239.9665623952399,1.8740938408413226e-84
1240.0665623952398,2.5841012552794656e-84
1240.1665623952397,3.5621392936119634e-84
1240.2665623952396,4.909027291185026e-84
1240.3665623952395,6.763370398135301e-84
1240.4665623952394,9.315669570389253e-84
1240.5665623952393,1.2827681144302608e-83
1240.6665623952392,1.7658971848271806e-83
1240.7665623952391,2.430333367479042e-83
1240.866562395239,3.343870596210379e-83
1240.966562395239,4.599559620031137e-83
1241.0665623952389,6.325082873835665e-83
1241.1665623952388,8.695596221673097e-83
1241.2665623952387,1.1951314843585331e-82
1241.3665623952386,1.6421589336603958e-82
1241.4665623952385,2.2557858310243666e-82
1241.5665623952384,3.097873781011894e-82
1241.6665623952383,4.253170088591858e-82
1241.7665623952382,5.837742845680795e-82
1241.8665623952381,8.010513321634627e-82
1241.966562395238,1.0989018666899138e-81
1242.066562395238,1.5070950819628322e-81
1242.1665623952379,2.0663580265382763e-81
1242.2665623952378,2.8323940136811377e-81
1242.3665623952377,3.8813690771438625e-81
1242.4665623952376,5.317400751363415e-81
1242.5665623952375,7.282777152469079e-81
1242.6665623952374,9.97189798557348e-81
1242.7665623952373,1.3650287867434087e-80
1242.8665623952372,1.8680520411109496e-80
1242.9665623952371,2.5557555283960067e-80
1243.066562395237,3.495689293082367e-80
1243.166562395237,4.780017836429325e-80
1243.2665623952369,6.5344552389442596e-80
1243.3665623952368,8.930431323129784e-80
1243.4665623952367,1.220165271860313e-79
1243.5665623952366,1.666664029445025e-79
1243.6665623952365,2.275939127594732e-79
1243.7665623952364,3.107108359403509e-79
1243.8665623952363,4.240678359261723e-79
1243.9665623952362,5.786253359630356e-79
1244.0665623952361,7.893011495480884e-79
1244.166562395236,1.0763938359428223e-78
1244.266562395236,1.4675160042765672e-78
1244.3665623952359,2.0002195502146895e-78
1244.4665623952358,2.7255594964004334e-78
1244.5665623952357,3.7129306967908284e-78
1244.6665623952356,5.0566302309892995e-78
1244.7665623952355,6.884758769026383e-78
1244.8665623952354,9.371291268776702e-78
1244.9665623952353,1.2752440981340518e-77
1245.0665623952352,1.7348837755798232e-77
1245.1665623952351,2.3595578321755422e-77
1245.266562395235,3.2082931522756797e-77
1245.366562395235,4.3611461388259196e-77
1245.4665623952349,5.926665448809833e-77
1245.5665623952348,8.051992522881823e-77
1245.6665623952347,1.0936528538725609e-76
1245.7665623952346,1.485042201966922e-76
1245.8665623952345,2.0159570631568262e-76
1245.9665623952344,2.7359423242285012e-76
1246.0665623952343,3.712066733308207e-76
1246.1665623952342,5.0350963989892865e-76
1246.2665623952341,6.827834437466566e-76
1246.366562395234,9.256383747364501e-76
1246.466562395234,1.254535334518478e-75
1246.5665623952339,1.6998383459909152e-75
1246.6665623952338,2.3025842180311383e-75
1246.7665623952337,3.118218922265062e-75
1246.8665623952336,4.2216367229427072e-75
1246.9665623952335,5.713974432255263e-75
1247.0665623952334,7.731769599161104e-75
1247.1665623952333,1.04593017477516e-74
1247.2665623952332,1.4145218435608272e-74
1247.3665623952331,1.912492768611949e-74
1247.466562395233,2.5850748497327564e-74
1247.566562395233,3.4932496204057273e-74
1247.6665623952329,4.719209919653332e-74
1247.7665623952328,6.373707791063477e-74
1247.8665623952327,8.605937331522175e-74
1247.9665623952326,1.1616823391501434e-73
1248.0665623952325,1.567688498033154e-73
1248.1665623952324,2.1150241685059256e-73
1248.2665623952323,2.852686680192636e-73
1248.3665623952322,3.846590826635286e-73
1248.4665623952321,5.185385945182233e-73
1248.566562395232,6.988264885200671e-73
1248.666562395232,9.415444065154802e-73
1248.7665623952319,1.2682224433605162e-72
1248.8665623952318,1.707785173109257e-72
1248.9665623952317,2.299080724487562e-72
1249.0665623952316,3.094271229873742e-72
1249.1665623952315,4.1633767799262476e-72
1249.2665623952314,5.600363668355329e-72
1249.3665623952313,7.53129953462463e-72
1249.4665623952312,1.0125274111404702e-71
1249.5665623952311,1.360901946444749e-71
1249.666562395231,1.8286477610706707e-71
1249.766562395231,2.456498251470021e-71
1249.8665623952309,3.299028272825393e-71
1249.9665623952308,4.4293377015137844e-71
1250.0665623952307,5.945313031549202e-71
1250.1665623952306,7.977996404984326e-71
1250.2665623952305,1.0702768308129055e-70
1250.3665623952304,1.4354285804103869e-70
1250.4665623952303,1.9246432087635084e-70
1250.5665623952302,2.5798951227400655e-70
1250.6665623952301,3.457299861483799e-70
1250.76656239523,4.63185785924907e-70
1250.86656239523,6.203782673686561e-70
1250.9665623952299,8.306940600003008e-70
1251.0665623952298,1.1120103049358466e-69
1251.1665623952297,1.4881945032115127e-69
1251.2665623952296,1.991103142234602e-69
1251.3665623952295,2.663244242213274e-69
1251.4665623952294,3.561323399304978e-69
1251.5665623952293,4.760965199849442e-69
1251.6665623952292,6.36299787553949e-69
1251.7665623952291,8.501816495245669e-69
1251.866562395229,1.1356509089500784e-68
1251.966562395229,1.5165654445945292e-68
1252.0665623952289,2.024699786265669e-68
1252.1665623952288,2.702360568052068e-68
1252.2665623952287,3.6058622403521224e-68
1252.3665623952286,4.810144728758859e-68
1252.4665623952285,6.414906549478464e-68
1252.5665623952284,8.552748507209628e-68
1252.6665623952283,1.139998413565306e-67
1252.7665623952282,1.5190986210201862e-67
1252.8665623952281,2.0237220767739856e-67
1252.966562395228,2.6952493299577267e-67
1253.066562395228,3.588642543935464e-67
1253.1665623952279,4.776883322329826e-67
1253.2665623952278,6.356854089296561e-67
1253.3665623952277,8.457130457329568e-67
1253.4665623952276,1.1248302679732249e-66
1253.5665623952275,1.4956643285784939e-66
1253.6665623952274,1.988220076974686e-66
1253.7665623952273,2.6422746090727907e-66
1253.8665623952272,3.510545653679667e-66
1253.9665623952271,4.6628825507862523e-66
1254.066562395227,6.191808345051851e-66
1254.166562395227,8.21984657078768e-66
1254.2665623952269,1.0909204793171927e-65
1254.3665623952268,1.4474569485363004e-65
1254.4665623952267,1.9200007292446518e-65
1254.5665623952266,2.546128447669516e-65
1254.6665623952265,3.3755333430971757e-65
1254.7665623952264,4.473914422815122e-65
1254.8665623952263,5.928108181196573e-65
1254.9665623952262,7.852858022418745e-65
1255.0665623952261,1.0399741589072644e-64
1255.166562395226,1.3768940655591358e-64
1255.266562395226,1.8224754444936607e-64
1255.3665623952259,2.4116041370489186e-64
1255.4665623952258,3.1903147541633895e-64
1255.5665623952257,4.2193370763159586e-64
1255.6665623952256,5.5787652728171864e-64
1255.7665623952255,7.374203751422257e-64
1255.8665623952254,9.744854404825685e-64
1255.9665623952253,1.2874155603605555e-63
1256.0665623952252,1.700377424938706e-63
1256.1665623952251,2.2452002624231292e-63
1256.266562395225,2.963794007430974e-63
1256.366562395225,3.911326984872102e-63
1256.4665623952249,5.160400519997041e-63
1256.5665623952248,6.806531735832955e-63
1256.6665623952247,8.97535250964904e-63
1256.7665623952246,1.1832059171375078e-62
1256.8665623952245,1.5593813237848911e-62
1256.9665623952244,2.0546010301925156e-62
1257.0665623952243,2.706361782260456e-62
1257.1665623952242,3.5639153469794544e-62
1257.2665623952241,4.691936058929229e-62
1257.366562395224,6.1753271135688325e-62
1257.466562395224,8.12551745472596e-62
1257.5665623952239,1.0688709280177757e-61
1257.6665623952238,1.4056677458833567e-61
1257.7665623952237,1.8480906588408764e-61
1257.8665623952236,2.429109214641977e-61
1257.9665623952235,3.191934629170106e-61
1258.0665623952234,4.193185861347014e-61
1258.1665623952233,5.507029647026343e-61
1258.2665623952232,7.230592621221253e-61
1258.3665623952231,9.491034458524183e-61
1258.466562395223,1.245478927682283e-60
1258.566562395223,1.633963667430823e-60
1258.6665623952229,2.1430464486816792e-60
1258.7665623952228,2.809984667417913e-60
1258.8665623952227,3.6834899875017426e-60
1258.9665623952226,4.82723247537174e-60
1259.0665623952225,6.324411400225084e-60
1259.1665623952224,8.283715760571945e-60
1259.2665623952223,1.0847094945202306e-59
1259.3665623952222,1.4199886465936153e-59
1259.4665623952221,1.8584012113524483e-59
1259.566562395222,2.4315167470584696e-59
1259.666562395222,3.180520709352477e-59
1259.7665623952219,4.15912878043224e-59
1259.8665623952218,5.43737999702168e-59
1259.9665623952217,7.106572320132215e-59
1260.0665623952216,9.285682974644575e-59
1260.1665623952215,1.2129717932670826e-58
1260.2665623952214,1.5840567220378203e-58
1260.3665623952213,2.0681114218799405e-58
1260.4665623952212,2.6993569348946345e-58
1260.5665623952211,3.522328640641867e-58
1260.666562395221,4.5949692635085296e-58
1260.766562395221,5.9926446336969296e-58
1260.8665623952209,7.813356061874744e-58
1260.9665623952208,1.0184504037868581e-57
1261.0665623952207,1.3271662556074656e-57
1261.1665623952206,1.7289958638835122e-57
1261.2665623952205,2.2518826522420666e-57
1261.3665623952204,2.9321132033132173e-57
1261.4665623952203,3.8167954803087186e-57
1261.5665623952202,4.967069335517242e-57
1261.6665623952201,6.462264547198786e-57
1261.76656239522,8.405284554580673e-57
1261.86656239522,1.09295752871493e-56
1261.9665623952199,1.4208143300813837e-56
1262.0665623952198,1.8465222653218504e-56
1262.1665623952197,2.399136434381411e-56
1262.2665623952196,3.116294699755517e-56
1262.3665623952195,4.0467397303903725e-56
1262.4665623952194,5.253578220961014e-56
1262.5665623952193,6.81849160155455e-56
1262.6665623952192,8.847174520875636e-56
1262.7665623952191,1.1476357173331297e-55
1262.866562395219,1.488287024208531e-55
1262.966562395219,1.929534339060044e-55
1263.0665623952189,2.5009298256791717e-55
1263.1665623952188,3.2406615572340784e-55
1263.2665623952187,4.19806371855267e-55
1263.3665623952186,5.436852516520255e-55
1263.4665623952185,7.03929645788754e-55
1263.5665623952184,9.11158931676346e-55
1263.6665623952183,1.1790770741188816e-54
1263.7665623952182,1.5253637835483852e-54
1263.8665623952181,1.9728217346757534e-54
1263.966562395218,2.5508530149078176e-54
1264.066562395218,3.2973587632619374e-54
1264.1665623952179,4.261182626412966e-54
1264.2665623952178,5.505252849220681e-54
1264.3665623952177,7.110621643829121e-54
1264.4665623952176,9.181656644287753e-54
1264.5665623952175,1.1852711204866972e-53
1264.6665623952174,1.529669245256457e-53
1264.7665623952173,1.9736063996491025e-53
1264.8665623952172,2.545697123241956e-53
1264.9665623952171,3.2827370459639243e-53
1265.066562395217,4.232029029546249e-53
1265.166562395217,5.45436701232639e-53
1265.2665623952169,7.0278624674519205e-53
1265.3665623952168,9.05285007303955e-53
1265.4665623952167,1.1658175246020373e-52
1265.5665623952166,1.5009250577798252e-52
1265.6665623952165,1.931837598782063e-52
1265.7665623952164,2.4857955026401956e-52
1265.8665623952163,3.1977415421783124e-52
1265.9665623952162,4.112486613574796e-52
1266.0665623952161,5.287480918110518e-52
1266.166562395216,6.79635892094205e-52
1266.266562395216,8.733472896223444e-52
1266.3665623952159,1.1219689152497906e-51
1266.4665623952158,1.440979658158001e-51
1266.5665623952157,1.8501973423487392e-51
1266.6665623952156,2.374988072684643e-51
1266.7665623952155,3.0478107071969127e-51
1266.8665623952154,3.910188781225865e-51
1266.9665623952153,5.01522749350663e-51
1267.0665623952152,6.43082553174909e-51
1267.1665623952151,8.243772427809215e-51
1267.266562395215,1.0564974153143817e-50
1267.366562395215,1.3536115791335206e-50
1267.4665623952149,1.7338154157325161e-50
1267.5665623952148,2.220213999190437e-50
1267.6665623952147,2.8423004953170217e-50
1267.7665623952146,3.637712079375837e-50
1267.8665623952145,4.654465665785085e-50
1267.9665623952144,5.953803777096184e-50
1268.0665623952143,7.613816064699424e-50
1268.1665623952142,9.734046619545306e-50
1268.2665623952141,1.2441353794970396e-49
1268.366562395214,1.5897360989685343e-49
1268.466562395214,2.030792773384943e-49
1268.5665623952139,2.5935185575651014e-49
1268.6665623952138,3.3112829113996744e-49
1268.7665623952137,4.226553719437289e-49
1268.8665623952136,5.393363304860501e-49
1268.9665623952135,6.880438798293906e-49
1269.0665623952134,8.775174747355465e-49
1269.1665623952133,1.1188673187638758e-48
1269.2665623952132,1.4262136246847787e-48
1269.3665623952131,1.817497200952814e-48
1269.466562395213,2.3155069976949044e-48
1269.566562395213,2.9491823242859854e-48
1269.6665623952128,3.755262705952703e-48
1269.7665623952128,4.780377609077937e-48
1269.8665623952127,6.083692579584552e-48
1269.9665623952126,7.740259022630498e-48
1270.0665623952125,9.845253562377365e-48
1270.1665623952124,1.2519341743867093e-47
1270.2665623952123,1.5915462399662854e-47
1270.3665623952122,2.0227406603150683e-47
1270.4665623952121,2.570066291949636e-47
1270.566562395212,3.264612386269364e-47
1270.666562395212,4.1457403631267756e-47
1270.7665623952118,5.263271256587609e-47
1270.8665623952118,6.680247969872373e-47
1270.9665623952117,8.476422424314275e-47
1271.0665623952116,1.075265662155428e-46
1271.1665623952115,1.3636475606447738e-46
1271.2665623952114,1.7289071888876005e-46
1271.3665623952113,2.191413827750313e-46
1271.4665623952112,2.7769003337160034e-46
1271.5665623952111,3.5178665867853556e-46
1271.666562395211,4.455347826339496e-46
1271.766562395211,5.641142129181467e-46
1271.8665623952108,7.140615470588577e-46
1271.9665623952108,9.03623316086476e-46
1272.0665623952107,1.14320045273271e-45
1272.1665623952106,1.4459075468053605e-45
1272.2665623952105,1.8282763382545545e-45
1272.3665623952104,2.3111404041811634e-45
1272.4665623952103,2.920747401742853e-45
1272.5665623952102,3.6901570122314605e-45
1272.6665623952101,4.66099748940469e-45
1272.76656239521,5.885672193130162e-45
1272.86656239521,7.43013061882823e-45
1272.9665623952098,9.377347376864043e-45
1273.0665623952098,1.183168878534182e-44
1273.1665623952097,1.4924392025854181e-44
1273.2665623952096,1.882043843405302e-44
1273.3665623952095,2.3727173273307543e-44
1273.4665623952094,2.990511278347289e-44
1273.5665623952093,3.7681489787047285e-44
1273.6665623952092,4.746722712854479e-44
1273.7665623952091,5.977820051743289e-44
1273.866562395209,7.526186740621934e-44
1273.966562395209,9.473060690334717e-44
1274.0665623952088,1.1920345051426826e-43
1274.1665623952088,1.4995830104769058e-43
1274.2665623952087,1.8859725762397506e-43
1274.3665623952086,2.3712831363265794e-43
1274.4665623952085,2.980675031024434e-43
1274.5665623952084,3.745665782928049e-43
1274.6665623952083,4.705725558789045e-43
1274.7665623952082,5.910270311125399e-43
1274.8665623952081,7.421151035977733e-43
1274.966562395208,9.315761776816441e-43
1275.066562395208,1.169091910178684e-42
1275.1665623952078,1.4667703212237206e-42
1275.2665623952078,1.839749737864521e-42
1275.3665623952077,2.3069520245292586e-42
1275.4665623952076,2.8920217424306396e-42
1275.5665623952075,3.6244968092697706e-42
1275.6665623952074,4.541267320024388e-42
1275.7665623952073,5.688392957836561e-42
1275.8665623952072,7.123366513339508e-42
1275.9665623952071,8.917932236308614e-42
1276.066562395207,1.1161594049323533e-41
1276.166562395207,1.396598127668667e-41
1276.2665623952068,1.7470279989063665e-41
1276.3665623952068,2.184798819730682e-41
1276.4665623952067,2.7315315249606353e-41
1276.5665623952066,3.414162273924437e-41
1276.6665623952065,4.2662399530469786e-41
1276.7665623952064,5.329538149837403e-41
1276.8665623952063,6.656057261531536e-41
1276.9665623952062,8.310510471808982e-41
1277.0665623952061,1.037340968221146e-40
1277.166562395206,1.2944895128517762e-40
1277.266562395206,1.6149486588833449e-40
1277.3665623952058,2.0141976331505885e-40
1277.4665623952058,2.5114736145532113e-40
1277.5665623952057,3.1306775270956596e-40
1277.6665623952056,3.90149656686497e-40
1277.7665623952055,4.860794936855897e-40
1277.8665623952054,6.054336396022454e-40
1277.9665623952053,7.538917199000095e-40
1278.0665623952052,9.385006469049321e-40
1278.1665623952051,1.1680013818944244e-39
1278.266562395205,1.4532332108945117e-39
1278.366562395205,1.8076337832454847e-39
1278.4665623952048,2.247857425387478e-39
1278.5665623952048,2.7945394939397474e-39
1278.6665623952047,3.47324099923468e-39
1278.7665623952046,4.315615692086296e-39
1278.8665623952045,5.360851605333291e-39
1278.9665623952044,6.657451098109615e-39
1279.0665623952043,8.265428280829538e-39
1279.1665623952042,1.0259020935461078e-38
1279.2665623952041,1.2730036464951445e-38
1279.366562395204,1.579197895920557e-38
1279.466562395204,1.958513831902182e-38
1279.5665623952038,2.428286396276183e-38
1279.6665623952038,3.009929670353389e-38
1279.7665623952037,3.729889507063072e-38
1279.8665623952036,4.620816928166887e-38
1279.9665623952035,5.723013046249089e-38
1280.0665623952034,7.086207848928286e-38
1280.1665623952033,8.771749379695395e-38
1280.2665623952032,1.085529725359009e-37
1280.3665623952031,1.343013577489618e-37
1280.466562395203,1.6611248056023704e-37
1280.566562395203,2.0540324544264585e-37
1280.6665623952028,2.5391918556088895e-37
1280.7665623952028,3.1381009396591063e-37
1280.8665623952027,3.877229235705097e-37
1280.9665623952026,4.7891586718973595e-37
1281.0665623952025,5.9139840755245485e-37
1281.1665623952024,7.301032015328866e-37
1281.2665623952023,9.010969761395697e-37
1281.3665623952022,1.1118392187220262e-36
1281.4665623952021,1.3714994046176563e-36
1281.566562395202,1.6913459002788265e-36
1281.666562395202,2.0852226040502063e-36
1281.7665623952018,2.57013295618449e-36
1281.8665623952018,3.166955305555877e-36
1281.9665623952017,3.9013189346243224e-36
1282.0665623952016,4.804676525470403e-36
1282.1665623952015,5.915616752272958e-36
1282.2665623952014,7.281470318373316e-36
1282.3665623952013,8.960274494550152e-36
1282.4665623952012,1.1023175515548398e-35
1282.5665623952011,1.3557365608474816e-35
1282.666562395201,1.6669672632364695e-35
1282.766562395201,2.0490946120073958e-35
1282.8665623952008,2.51814149232395e-35
1282.9665623952008,3.093722987143843e-35
1283.0665623952007,3.7998451327213316e-35
1283.1665623952006,4.665879801879017e-35
1283.2665623952005,5.727754220728969e-35
1283.3665623952004,7.029401969469357e-35
1283.4665623952003,8.624532455240302e-35
1283.5665623952002,1.0578788156288376e-34
1283.6665623952001,1.2972373883768307e-34
1283.7665623952,1.5903260449586852e-34
1283.8665623952,1.9491087142398304e-34
1283.9665623951998,2.388191411785385e-34
1284.0665623951998,2.925400819353181e-34
1284.1665623951997,3.582488480078543e-34
1284.2665623951996,4.385987643198486e-34
1284.3665623951995,5.368255558087745e-34
1284.4665623951994,6.568741001834179e-34
1284.5665623951993,8.035525282670213e-34
1284.6665623951992,9.827195201295673e-34
1284.7665623951991,1.201511884522339e-33
1284.866562395199,1.4686210086325429e-33
1284.966562395199,1.794628578984923e-33
1285.0665623951988,2.192414167685325e-33
1285.1665623951988,2.6776499297980094e-33
1285.2665623951987,3.2694008622871585e-33
1285.3665623951986,3.990852946879148e-33
1285.4665623951985,4.8701961760202106e-33
1285.5665623951984,5.9416951085256436e-33
1285.6665623951983,7.246986419019805e-33
1285.7665623951982,8.836651132936457e-33
1285.8665623951981,1.0772119165517163e-32
1285.966562395198,1.3127975756347614e-32
1286.066562395198,1.5994753828241018e-32
1286.1665623951978,1.9482313702889348e-32
1286.2665623951978,2.3723932579135508e-32
1286.3665623951977,2.8881251447972676e-32
1286.4665623951976,3.5150257552195137e-32
1286.5665623951975,4.2768517143547337e-32
1286.6665623951974,5.202391740114809e-32
1286.7665623951973,6.326522945784952e-32
1286.8665623951972,7.691486834259328e-32
1286.9665623951971,9.348430245330134e-32
1287.066562395197,1.1359265752390258e-31
1287.166562395197,1.3798917105427775e-31
1287.2665623951968,1.675802865636336e-31
1287.3665623951968,2.034623372749383e-31
1287.4665623951967,2.469609612921379e-31
1287.5665623951966,2.9967862139948295e-31
1287.6665623951965,3.635518799614076e-31
1287.7665623951964,4.409204122061919e-31
1287.8665623951963,5.346101404107952e-31
1287.9665623951962,6.4803335029016074e-31
1288.0665623951961,7.853092249180603e-31
1288.166562395196,9.514089195154988e-31
1288.266562395196,1.1523301248336259e-30
1288.3665623951958,1.3953070543818516e-30
1288.4665623951958,1.6890629733503435e-30
1288.5665623951957,2.044113802875598e-30
1288.6665623951956,2.4731330277989224e-30
1288.7665623951955,2.9913901635472135e-30
1288.8665623951954,3.617277462960832e-30
1288.9665623951953,4.372942443982817e-30
1289.0665623951952,5.285047286107309e-30
1289.1665623951951,6.385680286975662e-30
1289.266562395195,7.713449521093681e-30
1289.366562395195,9.314794755826893e-30
1289.4665623951948,1.1245560740744396e-29
1289.5665623951948,1.3572883415375036e-29
1289.6665623951947,1.637745063967638e-29
1289.7665623951946,1.9756211052841614e-29
1289.8665623951945,2.3825618980313652e-29
1289.9665623951944,2.872552037684667e-29
1290.0665623951943,3.462380513906118e-29
1290.1665623951942,4.172197536658003e-29
1290.2665623951941,5.026180803577613e-29
1290.366562395194,6.05333249521823e-29
1290.466562395194,7.288432380868112e-29
1290.5665623951938,8.77317729330932e-29
1290.6665623951938,1.055754303276167e-28
1290.7665623951937,1.2701411662332177e-28
1290.8665623951936,1.5276515365806832e-28
1290.9665623951935,1.836875779805729e-28
1291.0665623951934,2.2080985458339683e-28
1291.1665623951933,2.653629540051351e-28
1291.2665623951932,3.188198196800957e-28
1291.3665623951931,3.8294244686337463e-28
1291.466562395193,4.5983802531378375e-28
1291.566562395193,5.52025871913028e-28
1291.6665623951928,6.625172045048859e-28
1291.7665623951928,7.949101938747599e-28
1291.8665623951927,9.535031880956527e-28
1291.9665623951926,1.1434295456038305e-27
1292.0665623951925,1.3708181558858328e-27
1292.1665623951924,1.642984487924315e-27
1292.2665623951923,1.968657908248664e-27
1292.3665623951922,2.3582520781614713e-27
1292.466562395192,2.824186503670097e-27
1292.566562395192,3.381268807472064e-27
1292.666562395192,4.047149062042604e-27
1292.7665623951918,4.842859615993533e-27
1292.8665623951917,5.793456320799325e-27
1292.9665623951917,6.9287799905167e-27
1293.0665623951916,8.284360384290846e-27
1293.1665623951915,9.902489085670228e-27
1293.2665623951914,1.183349247637479e-26
1293.3665623951913,1.413724169738031e-26
1293.4665623951912,1.688494321252913e-26
1293.566562395191,2.0161261522290016e-26
1293.666562395191,2.4066834932857337e-26
1293.766562395191,2.872125632134068e-26
1293.8665623951908,3.4266603848452687e-26
1293.9665623951907,4.0871621904880115e-26
1294.0665623951907,4.873667064632316e-26
1294.1665623951906,5.809958375623997e-26
1294.2665623951905,6.924259913947289e-26
1294.3665623951904,8.250055675690083e-26
1294.4665623951903,9.827059253846503e-26
1294.5665623951902,1.1702359817091442e-25
1294.66656239519,1.3931776461616197e-25
1294.76656239519,1.6581458372857588e-25
1294.86656239519,1.9729774877224895e-25
1294.9665623951898,2.3469547271082503e-25
1295.0665623951897,2.7910683486515803e-25
1295.1665623951897,3.3183287426332783e-25
1295.2665623951896,3.944132744997453e-25
1295.3665623951895,4.6866963339949385e-25
1295.4665623951894,5.567564850219213e-25
1295.5665623951893,6.61221445942038e-25
1295.6665623951892,7.850760974728567e-25
1295.766562395189,9.318794965564766e-25
1295.866562395189,1.1058365374896804e-24
1295.966562395189,1.3119137726725283e-24
1296.0665623951888,1.5559757527631307e-24
1296.1665623951887,1.844945476175818e-24
1296.2665623951887,2.1869931578256225e-24
1296.3665623951886,2.5917582526227623e-24
1296.4665623951885,3.0706105182065493e-24
1296.5665623951884,3.636956894466791e-24
1296.6665623951883,4.306602138643153e-24
1296.7665623951882,5.098172512299301e-24
1296.866562395188,6.033613402948583e-24
1296.966562395188,7.138773616632623e-24
1297.066562395188,8.444091242641191e-24
1297.1665623951878,9.985398519367232e-24
1297.2665623951877,1.1804866080991095e-23
1297.3665623951877,1.3952110408005767e-23
1297.4665623951876,1.648549232160866e-23
1297.5665623951875,1.9473639046872737e-23
1297.6665623951874,2.2997227831831625e-23
1297.7665623951873,2.7151075476235463e-23
1297.8665623951872,3.204658554235222e-23
1297.966562395187,3.7814613662036915e-23
1298.066562395187,4.460882141813518e-23
1298.166562395187,5.2609600994612406e-23
1298.2665623951868,6.20286664259417e-23
1298.3665623951867,7.31144231421262e-23
1298.4665623951867,8.615824596037914e-23
1298.5665623951866,1.0150181713404585e-22
1298.6665623951865,1.1954570101568399e-22
1298.7665623951864,1.407593608823001e-22
1298.8665623951863,1.6569285715236903e-22
1298.9665623951862,1.9499050534381158e-22
1299.066562395186,2.294068175439882e-22
1299.166562395186,2.6982510388672194e-22
1299.266562395186,3.172791717132055e-22
1299.3665623951858,3.7297863106889464e-22
1299.4665623951857,4.383383975006719e-22
1299.5665623951857,5.150130785498826e-22
1299.6665623951856,6.049370409456171e-22
1299.7665623951855,7.103710836644118e-22
1299.8665623951854,8.33956790479152e-22
1299.9665623951853,9.7877980753319e-22
1300.0665623951852,1.1484434904937988e-21
1300.166562395185,1.3471545961657716e-21
1300.266562395185,1.5798229599278214e-21
1300.366562395185,1.8521774085751452e-21
1300.4665623951848,2.170900514542054e-21
1300.5665623951847,2.5437852094441418e-21
1300.6665623951847,2.9799167509449325e-21
1300.7665623951846,3.489884086926205e-21
1300.8665623951845,4.086025296109019e-21
1300.9665623951844,4.78271251761252e-21
1301.0665623951843,5.596682628368147e-21
1301.1665623951842,6.547420903980112e-21
1301.266562395184,7.657606025237687e-21
1301.366562395184,8.953626091676109e-21
1301.466562395184,1.0466176801334683e-20
1301.5665623951838,1.223095468200621e-20
1301.6665623951837,1.4289460248036858e-20
1301.7665623951837,1.6689928247399642e-20
1301.8665623951836,1.948840480135258e-20
1301.9665623951835,2.2749994275145666e-20
1302.0665623951834,2.6550302212135725e-20
1302.1665623951833,3.097710468309717e-20
1302.2665623951832,3.6132279025165e-20
1302.366562395183,4.213403625960413e-20
1302.466562395183,4.911950158631059e-20
1302.566562395183,5.72476963720307e-20
1302.6665623951828,6.67029831120692e-20
1302.7665623951827,7.769904410407406e-20
1302.8665623951827,9.048347520157307e-20
1302.9665623951826,1.0534308821347386e-19
1303.0665623951825,1.2261002951109335e-19
1303.1665623951824,1.4266883845648423e-19
1303.2665623951823,1.659645876713873e-19
1303.3665623951822,1.930122682638974e-19
1303.466562395182,2.2440760730618743e-19
1303.566562395182,2.608395325524295e-19
1303.666562395182,3.0310453110386756e-19
1303.7665623951818,3.5212318504130904e-19
1303.8665623951817,4.0895920860687234e-19
1303.9665623951817,4.748413590712334e-19
1304.0665623951816,5.511886478171879e-19
1304.1665623951815,6.396393403700421e-19
1304.2665623951814,7.420843052089539e-19
1304.3665623951813,8.607053524501857e-19
1304.4665623951812,9.980192963254779e-19
1304.566562395181,1.1569285814027293e-18
1304.666562395181,1.3407794335499687e-18
1304.766562395181,1.5534286348154246e-18
1304.8665623951808,1.799320179059107e-18
1304.9665623951807,2.0835732450196316e-18
1305.0665623951807,2.412083128592795e-18
1305.1665623951806,2.791637009907878e-18
1305.2665623951805,3.230046697253995e-18
1305.3665623951804,3.736300793499939e-18
1305.4665623951803,4.3207390764327176e-18
1305.5665623951802,4.9952522781577634e-18
1305.66656239518,5.7735108968633894e-18
1305.76656239518,6.67122718422458e-18
1305.86656239518,7.706455031860554e-18
1305.9665623951798,8.899933140008957e-18
1306.0665623951797,1.0275477601639287e-17
1306.1665623951797,1.1860430887698232e-17
1306.2665623951796,1.3686175187740791e-17
1306.3665623951795,1.5788719160330517e-17
1306.4665623951794,1.8209368396776628e-17
1306.5665623951793,2.099549131976663e-17
1306.6665623951792,2.4201393847582047e-17
1306.766562395179,2.7889317980033843e-17
1306.866562395179,3.213058153248262e-17
1306.966562395179,3.7006878591405213e-17
1307.0665623951788,4.2611762925143995e-17
1307.1665623951787,4.9052339597555794e-17
1307.2665623951787,5.645119344629842e-17
1307.3665623951786,6.494858695331076e-17
1307.4665623951785,7.470496441111204e-17
1307.5665623951784,8.590380424065924e-17
1307.6665623951783,9.875486691877861e-17
1307.7665623951782,1.134978923089651e-16
1307.866562395178,1.304068073525339e-16
1307.966562395178,1.497945131731071e-16
1308.066562395178,1.7201832979502545e-16
1308.1665623951778,1.9748618700869812e-16
1308.2665623951777,2.2666366158309563e-16
1308.3665623951777,2.6008197419584596e-16
1308.4665623951776,2.983470743136086e-16
1308.5665623951775,3.4214995802193636e-16
1308.6665623951774,3.922783827124952e-16
1308.7665623951773,4.496301638535473e-16
1308.8665623951772,5.152282630964718e-16
1308.966562395177,5.902379040422143e-16
1309.066562395177,6.759859824837872e-16
1309.166562395177,7.739830722749378e-16
1309.2665623951768,8.859483666234777e-16
1309.3665623951767,1.013837938098814e-15
1309.4665623951767,1.1598767495681614e-15
1309.5665623951766,1.3265949032963486e-15
1309.6665623951765,1.5168686773006917e-15
1309.7665623951764,1.7339669675711413e-15
1309.8665623951763,1.981603832873142e-15
1309.9665623951762,2.2639979265778197e-15
1310.066562395176,2.585939698466466e-15
1310.166562395176,2.9528673600212806e-15
1310.266562395176,3.370952730780724e-15
1310.3665623951758,3.847198222509115e-15
1310.4665623951757,4.3895463739973455e-15
1310.5665623951757,5.007003524268108e-15
1310.6665623951756,5.709779408032893e-15
1310.7665623951755,6.5094446769117155e-15
1310.8665623951754,7.419108595947372e-15
1310.9665623951753,8.453619440393365e-15
1311.0665623951752,9.629790426051223e-15
1311.166562395175,1.0966654351388134e-14
1311.266562395175,1.2485750515511567e-14
1311.366562395175,1.4211447907528284e-14
1311.4665623951748,1.617130914509956e-14
1311.5665623951747,1.8396500178946506e-14
1311.6665623951747,2.092225138211635e-14
1311.7665623951746,2.378837631517145e-14
1311.8665623951745,2.7039855209070536e-14
1311.9665623951744,3.0727491045217554e-14
1312.0665623951743,3.4908647046762794e-14
1312.1665623951742,3.964807543762611e-14
1312.266562395174,4.501884848792387e-14
1312.366562395174,5.110340415988323e-14
1312.466562395174,5.799472011170741e-14
1312.5665623951738,6.579763142460414e-14
1312.6665623951737,7.463030920843093e-14
1312.7665623951737,8.462591923424475e-14
1312.8665623951736,9.593448195961946e-14
1312.9665623951735,1.0872495777952826e-13
1313.0665623951734,1.231875840789438e-13
1313.1665623951733,1.3953649371315578e-13
1313.2665623951732,1.580126479311748e-13
1313.366562395173,1.7888712052315824e-13
1313.466562395173,2.0246477415485503e-13
1313.566562395173,2.2908837449522026e-13
1313.6665623951728,2.5914319289671303e-13
1313.7665623951727,2.9306215410559166e-13
1313.8665623951727,3.313315918214329e-13
1313.9665623951726,3.7449768195698203e-13
1314.0665623951725,4.231736312437649e-13
1314.1665623951724,4.780477074655026e-13
1314.2665623951723,5.398922071680561e-13
1314.3665623951722,6.095734672881437e-13
1314.466562395172,6.880630388696487e-13
1314.566562395172,7.764501540129443e-13
1314.666562395172,8.759556315576788e-13
1314.7665623951718,9.879473828740948e-13
1314.8665623951717,1.1139576966873488e-12
1314.9665623951716,1.2557025012531231e-12
1315.0665623951716,1.4151028236287822e-12
1315.1665623951715,1.5943086894461625e-12
1315.2665623951714,1.7957257327155137e-12
1315.3665623951713,2.0220448140207345e-12
1315.4665623951712,2.276274977274271e-12
1315.566562395171,2.561780110281074e-12
1315.666562395171,2.8823197130390176e-12
1315.766562395171,3.2420942203323818e-12
1315.8665623951708,3.6457953721429055e-12
1315.9665623951707,4.098662177134129e-12
1316.0665623951706,4.6065430714223134e-12
1316.1665623951706,5.175964937538991e-12
1316.2665623951705,5.814209717467949e-12
1316.3665623951704,6.529399429510262e-12
1316.4665623951703,7.330590482152894e-12
1316.5665623951702,8.227878269811066e-12
1316.66656239517,9.23251313606619e-12
1316.76656239517,1.0357028900689407e-11
1316.86656239517,1.1615385268255435e-11
1316.9665623951698,1.3023125569534339e-11
1317.0665623951697,1.4597551433204637e-11
1317.1665623951696,1.635791614596861e-11
1317.2665623951696,1.832563863518319e-11
1317.3665623951695,2.052454020107138e-11
1317.4665623951694,2.2981106337012755e-11
1317.5665623951693,2.5724776208000976e-11
1317.6665623951692,2.8788262610953458e-11
1317.766562395169,3.220790551813946e-11
1317.866562395169,3.602406260873256e-11
1317.966562395169,4.028154052573596e-11
1318.0665623951688,4.503007095881736e-11
1318.1665623951687,5.032483605069114e-11
1318.2665623951686,5.6227048058596555e-11
1318.3665623951686,6.280458867636296e-11
1318.4665623951685,7.013271394007644e-11
1318.5665623951684,7.829483120523625e-11
1318.6665623951683,8.738335529963774e-11
1318.7665623951682,9.750065162850766e-11
1318.866562395168,1.0876007474144357e-10
1318.966562395168,1.2128711166967311e-10
1319.066562395168,1.3522064021268244e-10
1319.1665623951678,1.5071431330142929e-10
1319.2665623951677,1.6793808159769278e-10
1319.3665623951676,1.8707986761270834e-10
1319.4665623951676,2.0834740585069129e-10
1319.5665623951675,2.319702648124029e-10
1319.6665623951674,2.582020681394003e-10
1319.7665623951673,2.8732293375054786e-10
1319.8665623951672,3.1964215152910174e-10
1319.966562395167,3.555011219721235e-10
1320.066562395167,3.952765802261697e-10
1320.166562395167,4.3938413211677683e-10
1320.2665623951668,4.882821311480439e-10
1320.3665623951667,5.424759280173418e-10
1320.4665623951666,6.025225269745817e-10
1320.5665623951666,6.690356863727536e-10
1320.6665623951665,7.426915040246295e-10
1320.7665623951664,8.242345315192198e-10
1320.8665623951663,9.144844654818661e-10
1320.9665623951662,1.014343467905981e-09
1321.066562395166,1.1248041721664678e-09
1321.166562395166,1.2469584361707906e-09
1321.266562395166,1.3820069093404851e-09
1321.3665623951658,1.531269485773455e-09
1321.4665623951657,1.6961967220470862e-09
1321.5665623951656,1.878382304717203e-09
1321.6665623951656,2.079576659684651e-09
1321.7665623951655,2.301701803277434e-09
1321.8665623951654,2.5468675431731456e-09
1321.9665623951653,2.817389146207191e-09
1322.0665623951652,3.11580659972319e-09
1322.166562395165,3.4449056034726052e-09
1322.266562395165,3.8077404402135055e-09
1322.366562395165,4.207658885148962e-09
1322.4665623951648,4.648329327243922e-09
1322.5665623951647,5.133770289327805e-09
1322.6665623951646,5.668382548796954e-09
1322.7665623951646,6.256984076745175e-09
1322.8665623951645,6.904848030550531e-09
1322.9665623951644,7.617744053409952e-09
1323.0665623951643,8.401983154125555e-09
1323.1665623951642,9.264466461698834e-09
1323.266562395164,1.0212738172074238e-08
1323.366562395164,1.1255043028794688e-08
1323.466562395164,1.2400388705492817e-08
1323.5665623951638,1.365861348615899e-08
1323.6665623951637,1.5040459669111895e-08
1323.7665623951636,1.6557653152687198e-08
1323.8665623951636,1.8222989694972183e-08
1323.9665623951635,2.0050428376600703e-08
1324.0665623951634,2.2055192834824674e-08
1324.1665623951633,2.4253880878947215e-08
1324.2665623951632,2.6664583141912357e-08
1324.366562395163,2.9307011470550436e-08
1324.466562395163,3.220263780787496e-08
1324.566562395163,3.53748443750911e-08
1324.6665623951628,3.884908601881339e-08
1324.7665623951627,4.26530656505995e-08
1324.8665623951626,4.681692377152418e-08
1324.9665623951626,5.13734431443403e-08
1325.0665623951625,5.635826975007197e-08
1325.1665623951624,6.18101512448878e-08
1325.2665623951623,6.77711942170711e-08
1325.3665623951622,7.428714163311876e-08
1325.466562395162,8.140767195673972e-08
1325.566562395162,8.918672152508111e-08
1325.666562395162,9.768283187318609e-08
1325.7665623951618,1.0695952381082782e-07
1325.8665623951617,1.170857001757565e-07
1325.9665623951616,1.2813607931443726e-07
1326.0665623951616,1.4019166147585004e-07
1326.1665623951615,1.5334023044629468e-07
1326.2665623951614,1.6767689290372455e-07
1326.3665623951613,1.8330465812935696e-07
1326.4665623951612,2.0033506088257686e-07
1326.566562395161,2.1888883042286687e-07
1326.666562395161,2.3909660885012387e-07
1326.766562395161,2.6109972213270854e-07
1326.8665623951608,2.8505100740133536e-07
1326.9665623951607,3.111157003069965e-07
1327.0665623951606,3.394723864729605e-07
1327.1665623951606,3.7031402131496064e-07
1327.2665623951605,4.0384902276061315e-07
1327.3665623951604,4.403024416692772e-07
1327.4665623951603,4.79917215037583e-07
1327.5665623951602,5.229555073742279e-07
1327.66656239516,5.697001459409916e-07
1327.76656239516,6.204561558856447e-07
1327.86656239516,6.755524016372787e-07
1327.9665623951598,7.353433412960062e-07
1328.0665623951597,8.002109011275965e-07
1328.1665623951596,8.705664776699325e-07
1328.2665623951596,9.468530753729592e-07
1328.3665623951595,1.0295475881273346e-06
1328.4665623951594,1.1191632334901025e-06
1328.5665623951593,1.2162521488889375e-06
1328.6665623951592,1.3214081595802288e-06
1328.766562395159,1.4352697286512694e-06
1328.866562395159,1.5585230998935575e-06
1328.966562395159,1.691905644933116e-06
1329.0665623951588,1.8362094265856083e-06
1329.1665623951587,1.99228499100889e-06
1329.2665623951586,2.1610454018546588e-06
1329.3665623951586,2.3434705302735782e-06
1329.4665623951585,2.540611615306246e-06
1329.5665623951584,2.753596109894552e-06
1329.6665623951583,2.9836328284765185e-06
1329.7665623951582,3.232017412880897e-06
1329.866562395158,3.5001381340177845e-06
1329.966562395158,3.789482047667109e-06
1330.066562395158,4.101641523499028e-06
1330.1665623951578,4.438321167318671e-06
1330.2665623951577,4.8013451574126926e-06
1330.3665623951576,5.1926650167864375e-06
1330.4665623951576,5.614367844018043e-06
1330.5665623951575,6.068685026419587e-06
1330.6665623951574,6.558001460184829e-06
1330.7665623951573,7.0848653032181395e-06
1330.8665623951572,7.651998287378821e-06
1330.966562395157,8.26230661793917e-06
1331.066562395157,8.918892489142608e-06
1331.166562395157,9.625066245858685e-06
1331.2665623951568,1.03843592224637e-05
1331.3665623951567,1.120053729122907e-05
1331.4665623951566,1.2077615153672255e-05
1331.5665623951566,1.301987140951479e-05
1331.6665623951565,1.4031864439099725e-05
1331.7665623951564,1.5118449136342138e-05
1331.8665623951563,1.6284794530520662e-05
1331.9665623951562,1.753640233646391e-05
1332.066562395156,1.887912647393839e-05
1332.166562395156,2.031919359830497e-05
1332.266562395156,2.1863224685773297e-05
1332.3665623951558,2.351825771784649e-05
1332.4665623951557,2.529177151080916e-05
1332.5665623951556,2.7191710737365565e-05
1332.6665623951556,2.9226512188778526e-05
1332.7665623951555,3.1405132327090646e-05
1332.8665623951554,3.3737076178221824e-05
1332.9665623951553,3.623242761792661e-05
1333.0665623951552,3.8901881103759804e-05
1333.166562395155,4.175677490732807e-05
1333.266562395155,4.4809125902202974e-05
1333.366562395155,4.807166596391896e-05
1333.4665623951548,5.155788003948694e-05
1333.5665623951547,5.528204594480147e-05
1333.6665623951546,5.925927594920865e-05
1333.7665623951546,6.350556020732345e-05
1333.8665623951545,6.803781209893057e-05
1333.9665623951544,7.287391553847063e-05
1334.0665623951543,7.803277431618673e-05
1334.1665623951542,8.353436353348755e-05
1334.266562395154,8.939978319545694e-05
1334.366562395154,9.565131402369935e-05
1334.466562395154,0.00010231247555284816
1334.5665623951538,0.0001094080865740741
1334.6665623951537,0.00011696432798879498
1334.7665623951536,0.00012500880813550079
1334.8665623951536,0.00013357063065217492
1334.9665623951535,0.00014268046493616892
1335.0665623951534,0.00015237061926259878
1335.1665623951533,0.00016267511662135226
1335.2665623951532,0.0001736297733316048
1335.366562395153,0.00018527228049134868
1335.466562395153,0.00019764228831782452
1335.566562395153,0.0002107814934328876
1335.6665623951528,0.00022473372914524203
1335.7665623951527,0.0002395450587791367
1335.8665623951526,0.0002552638720964708
1335.9665623951526,0.00027194098485638885
1336.0665623951525,0.00028962974155322764
1336.1665623951524,0.0003083861213702081
1336.2665623951523,0.0003282688473824567
1336.3665623951522,0.00034933949903880675
1336.466562395152,0.0003716626279473925
1336.566562395152,0.000395305876985229
1336.666562395152,0.00042034010274681816
1336.7665623951518,0.00044683950134130656
1336.8665623951517,0.00047488173754181736
1336.9665623951516,0.0005045480772843058
1337.0665623951515,0.0005359235235066204
1337.1665623951515,0.0005690969553113709
1337.2665623951514,0.0006041612704287442
1337.3665623951513,0.0006412135309475055
1337.4665623951512,0.0006803551122741196
1337.566562395151,0.0007216918552711844
1337.666562395151,0.0007653342215172103
1337.766562395151,0.0008113974516201684
1337.8665623951508,0.0008600017265072101
1337.9665623951507,0.0009112723316024706
1338.0665623951506,0.0009653398237939703
1338.1665623951505,0.0010223402010792657
1338.2665623951505,0.001082415074767739
1338.3665623951504,0.0011457118441051677
1338.4665623951503,0.0012123838731736088
1338.5665623951502,0.0012825906699065297
1338.66656239515,0.0013564980670456766
1338.76656239515,0.0014342784048522565
1338.86656239515,0.0015161107153707656
1338.9665623951498,0.0016021809080291186
1339.0665623951497,0.0016926819563437105
1339.1665623951496,0.0017878140854827185
1339.2665623951495,0.0018877849604251671
1339.3665623951495,0.0019928098744373657
1339.4665623951494,0.0021031119375719406
1339.5665623951493,0.002218922264878187
1339.6665623951492,0.0023404801639956216
1339.766562395149,0.0024680333217856217
1339.866562395149,0.0026018379896388384
1339.966562395149,0.002742159167078763
1340.0665623951488,0.0028892707832643234
1340.1665623951487,0.0030434558759769507
1340.2665623951486,0.0032050067676598916
1340.3665623951485,0.0033742252380601174
1340.4665623951485,0.003551422693005597
1340.5665623951484,0.003736920328833332
1340.6665623951483,0.003931049291966336
1340.7665623951482,0.004134150833120637
1340.866562395148,0.004346576455606598
1340.966562395148,0.0045686880571723975
1341.066562395148,0.004800858064821291
1341.1665623951478,0.0050434695620186374
1341.2665623951477,0.005296916407689398
1341.3665623951476,0.005561603346392176
1341.4665623951475,0.005837946109041631
1341.5665623951475,0.006126371503537964
1341.6665623951474,0.006427317494649223
1341.7665623951473,0.0067412332724805
1341.8665623951472,0.007068579308852964
1341.966562395147,0.007409827400905855
1342.066562395147,0.007765460701225329
1342.166562395147,0.008135973733796197
1342.2665623951468,0.00852187239506603
1342.3665623951467,0.00892367393940523
1342.4665623951466,0.009341906948242816
1342.5665623951465,0.0097771112821547
1342.6665623951465,0.010229838015179824
1342.7665623951464,0.010700649350639913
1342.8665623951463,0.011190118517740075
1342.9665623951462,0.011698829648231263
1343.066562395146,0.012227377632420522
1343.166562395146,0.012776367953822195
1343.266562395146,0.013346416501751925
1343.3665623951458,0.013938149361176285
1343.4665623951457,0.01455220257914359
1343.5665623951456,0.015189221907136377
1343.6665623951455,0.015849862518702976
1343.7665623951455,0.01653478870174482
1343.8665623951454,0.017244673524857455
1343.9665623951453,0.017980198477146964
1344.0665623951452,0.01874205308096922
1344.166562395145,0.019530934477067934
1344.266562395145,0.02034754698161783
1344.366562395145,0.021192601614712578
1344.4665623951448,0.022066815599872145
1344.5665623951447,0.022970911834182654
1344.6665623951446,0.02390561832872158
1344.7665623951445,0.02487166761896398
1344.8665623951445,0.02586979614491106
1344.9665623951444,0.02690074360072915
1345.0665623951443,0.02796525225373792
1345.1665623951442,0.02906406623263834
1345.266562395144,0.03019793078492616
1345.366562395144,0.03136759150349331
1345.466562395144,0.03257379352247882
1345.5665623951438,0.03381728068249259
1345.6665623951437,0.0350987946653986
1345.7665623951436,0.03641907409890986
1345.8665623951435,0.037778853631315085
1345.9665623951435,0.039178862976726146
1346.0665623951434,0.040619825931307224
1346.1665623951433,0.042102459361018724
1346.2665623951432,0.04362747216148406
1346.366562395143,0.045195564190663125
1346.466562395143,0.0468074251750931
1346.566562395143,0.04846373359053615
1346.6665623951428,0.05016515551795251
1346.7665623951427,0.051912343475797325
1346.8665623951426,0.053705935229721474
1346.9665623951425,0.05554655258083662
1347.0665623951425,0.05743480013378721
1347.1665623951424,0.05937126404595384
1347.2665623951423,0.061356510759193725
1347.3665623951422,0.0633910857156057
1347.466562395142,0.06547551205888813
1347.566562395142,0.06761028932293804
1347.666562395142,0.06979589210941958
1347.7665623951418,0.07203276875610737
1347.8665623951417,0.07432133999788781
1347.9665623951416,0.07666199762237615
1348.0665623951415,0.07905510312218014
1348.1665623951415,0.08150098634591356
1348.2665623951414,0.08399994415012976
1348.3665623951413,0.08655223905441366
1348.4665623951412,0.08915809790193312
1348.566562395141,0.09181771052781088
1348.666562395141,0.09453122843773627
1348.766562395141,0.09729876349928822
1348.8665623951408,0.10012038664849233
1348.9665623951407,0.10299612661417912
1349.0665623951406,0.10592596866275346
1349.1665623951405,0.10890985336602066
1349.2665623951405,0.11194767539474892
1349.3665623951404,0.11503928234067338
1349.4665623951403,0.11818447356967068
1349.5665623951402,0.12138299910884946
1349.66656239514,0.12463455857031325
1349.76656239514,0.12793880011435876
1349.86656239514,0.13129531945487202
1349.9665623951398,0.13470365890967873
1350.0665623951397,0.1381633064985928
1350.1665623951396,0.1416736950918888
1350.2665623951395,0.14523420161189896
1350.3665623951395,0.148844146290403
1350.4665623951394,0.1525027919844422
1350.5665623951393,0.1562093435531431
1350.6665623951392,0.15996294729808538
1350.766562395139,0.16376269046968955
1350.866562395139,0.16760760084203416
1350.966562395139,0.17149664635844236
1351.0665623951388,0.17542873485009616
1351.1665623951387,0.17940271382985185
1351.2665623951386,0.18341737036333888
1351.3665623951385,0.18747143101932326
1351.4665623951385,0.19156356190121215
1351.5665623951384,0.19569236876146415
1351.6665623951383,0.19985639720055004
1351.7665623951382,0.2040541329519855
1351.866562395138,0.2082840022548257
1351.966562395138,0.21254437231487472
1352.066562395138,0.21683355185572153
1352.1665623951378,0.22114979176056593
1352.2665623951377,0.2254912858056444
1352.3665623951376,0.22985617148591023
1352.4665623951375,0.2342425309334572
1352.5665623951375,0.23864839192901183
1352.6665623951374,0.24307172900664709
1352.7665623951373,0.24751046465169776
1352.8665623951372,0.25196247059167814
1352.966562395137,0.25642556917982434
1353.066562395137,0.2608975348706995
1353.166562395137,0.26537609578711563
1353.2665623951368,0.2698589353774379
1353.3665623951367,0.27434369416215154
1353.4665623951366,0.27882797156838035
1353.5665623951365,0.28330932785085694
1353.6665623951365,0.2877852860976578
1353.7665623951364,0.2922533343188239
1353.8665623951363,0.2967109276158031
1353.9665623951362,0.3011554904294629
1354.066562395136,0.30558441886423754
1354.166562395136,0.30999508308579266
1354.266562395136,0.3143848297894105
1354.3665623951358,0.31875098473612407
1354.4665623951357,0.32309085535345583
1354.5665623951356,0.3274017333974513
1354.6665623951355,0.3316808976725316
1354.7665623951355,0.3359256168055352
1354.8665623951354,0.34013315207016614
1354.9665623951353,0.3443007602579197
1355.0665623951352,0.34842569659141936
1355.166562395135,0.352505217675965
1355.266562395135,0.35653658448497066
1355.366562395135,0.36051706537485034
1355.4665623951348,0.3644439391248051
1355.5665623951347,0.36831449799686233
1355.6665623951346,0.3721260508114295
1355.7665623951345,0.3758759260335412
1355.8665623951345,0.379561474864907
1355.9665623951344,0.3831800743368065
1356.0665623951343,0.38672913039882273
1356.1665623951342,0.39020608099836684
1356.266562395134,0.3936083991459129
1356.366562395134,0.396933595960842
1356.466562395134,0.4001792236927852
1356.5665623951338,0.4033428787133551
1356.6665623951337,0.40642220447316874
1356.7665623951336,0.40941489441908724
1356.8665623951335,0.4123186948666325
1356.9665623951335,0.415131407822586
1357.0665623951334,0.41785089375283263
1357.1665623951333,0.42047507429057857
1357.2665623951332,0.4230019348801532
1357.366562395133,0.4254295273516921
1357.466562395133,0.4277559724221007
1357.566562395133,0.42997946211780824
1357.6665623951328,0.432098262114942
1357.7665623951327,0.4341107139926858
1357.8665623951326,0.43601523739572434
1357.9665623951325,0.4378103321018294
1358.0665623951325,0.4394945799908017
1358.1665623951324,0.4410666469111516
1358.2665623951323,0.4425252844410801
1358.3665623951322,0.4438693315405068
1358.466562395132,0.44509771609108406
1358.566562395132,0.44620945632133946
1358.666562395132,0.4472036621142933
1358.7665623951318,0.44807953619511415
1358.8665623951317,0.44883637519659353
1358.9665623951316,0.44947357060044757
1359.0665623951315,0.44999060955268083
1359.1665623951315,0.45038707555148333
1359.2665623951314,0.4506626490063705
1359.3665623951313,0.4508171076675126
1359.4665623951312,0.45085309772570215
1359.566562395131,0.45084376654139935
1359.666562395131,0.450821584597191
1359.766562395131,0.4507865537899001
1359.8665623951308,0.45073867711495547
1359.9665623951307,0.4506779586659645
1360.0665623951306,0.45060440363413
1360.1665623951305,0.45051801830751065
1360.2665623951304,0.4504188100701247
1360.3665623951304,0.4503067874008984
1360.4665623951303,0.45018195987245796
1360.5665623951302,0.4500443381497664
1360.66656239513,0.44989393398860494
1360.76656239513,0.44973076023389913
1360.86656239513,0.44955483081789094
1360.9665623951298,0.44936616075815566
1361.0665623951297,0.44916476615546574
1361.1665623951296,0.4489506641915009
1361.2665623951295,0.44872387312640477
1361.3665623951294,0.44848441229618935
1361.4665623951294,0.4482323021099877
1361.5665623951293,0.4479675640471549
1361.6665623951292,0.44769022065421754
1361.766562395129,0.4474002955416742
1361.866562395129,0.447097813380645
1361.966562395129,0.4467827998993729
1362.0665623951288,0.44645528187957656
1362.1665623951287,0.44611528715265536
1362.2665623951286,0.44576284459574794
1362.3665623951285,0.44539798412764464
1362.4665623951284,0.4450207367045544
1362.5665623951284,0.4446311343157277
1362.6665623951283,0.44422920997893567
1362.7665623951282,0.4438149977358066
1362.866562395128,0.44338853264702116
1362.966562395128,0.44294985078736604
1363.066562395128,0.4424989892406485
1363.1665623951278,0.4420359860944722
1363.2665623951277,0.44156088043487435
1363.3665623951276,0.44107371234082754
1363.4665623951275,0.44057452287860477
1363.5665623951274,0.4400633540960106
1363.6665623951274,0.4395402490164788
1363.7665623951273,0.43900525163303783
1363.8665623951272,0.4384584069021451
1363.966562395127,0.4378997607373918
1364.066562395127,0.4373293600030786
1364.166562395127,0.4367472525076649
1364.2665623951268,0.4361534869970908
1364.3665623951267,0.43554811314797565
1364.4665623951266,0.4349311815606921
1364.5665623951265,0.4343027437523192
1364.6665623951264,0.4336628521494735
1364.7665623951264,0.43301156008102193
1364.8665623951263,0.43234892177067663
1364.9665623951262,0.43167499232947293
1365.066562395126,0.4309898277481326
1365.166562395126,0.43029348488931385
1365.266562395126,0.42958602147974895
1365.3665623951258,0.42886749610227176
1365.4665623951257,0.4281379681877359
1365.5665623951256,0.42739749800682614
1365.6665623951255,0.4266461466617635
1365.7665623951254,0.42588397607790623
1365.8665623951254,0.4251110489952487
1365.9665623951253,0.4243274289598187
1366.0665623951252,0.42353318031497583
1366.166562395125,0.42272836819261234
1366.266562395125,0.4219130585042577
1366.366562395125,0.4210873179320893
1366.4665623951248,0.4202512139198503
1366.5665623951247,0.41940481466367713
1366.6665623951246,0.4185481891028372
1366.7665623951245,0.41768140691038025
1366.8665623951244,0.4168045384837035
1366.9665623951244,0.4159176549350335
1367.0665623951243,0.41502082808182555
1367.1665623951242,0.4141141304370834
1367.266562395124,0.413197635199601
1367.366562395124,0.4122714162441267
1367.466562395124,0.4113355481114541
1367.5665623951238,0.41039010599843917
1367.6665623951237,0.4094351657479471
1367.7665623951236,0.40847080383872975
1367.8665623951235,0.40749709737523654
1367.9665623951234,0.40651412407735943
1368.0665623951234,0.4055219622701149
1368.1665623951233,0.4045206908732647
1368.2665623951232,0.40351038939087697
1368.366562395123,0.4024911379008297
1368.466562395123,0.4014630170442589
1368.566562395123,0.40042610801495243
1368.6665623951228,0.39938049254869323
1368.7665623951227,0.3983262529125514
1368.8665623951226,0.3972634718941299
1368.9665623951225,0.39619223279076293
1369.0665623951224,0.3951126193986717
1369.1665623951224,0.3940247160020775
1369.2665623951223,0.3929286073622752
1369.3665623951222,0.3918243787066685
1369.466562395122,0.3907121157177695
1369.566562395122,0.3895919045221638
1369.666562395122,0.38846383167944437
1369.7665623951218,0.38732798417111425
1369.8665623951217,0.38618444938946217
1369.9665623951216,0.38503331512641165
1370.0665623951215,0.38387466956234584
1370.1665623951214,0.3827086012549106
1370.2665623951214,0.38153519912779704
1370.3665623951213,0.38035455245950645
1370.4665623951212,0.3791667508720983
1370.566562395121,0.37797188431992446
1370.666562395121,0.37677004307835116
1370.766562395121,0.3755613177324706
1370.8665623951208,0.37434579916580385
1370.9665623951207,0.3731235785489982
1371.0665623951206,0.3718947473285192
1371.1665623951205,0.37065939721534047
1371.2665623951204,0.36941762017363367
1371.3665623951204,0.36816950840945856
1371.4665623951203,0.36691515435945754
1371.5665623951202,0.3656546506795546
1371.66656239512,0.3643880902336621
1371.76656239512,0.363115566082396
1371.86656239512,0.36183717147180244
1371.9665623951198,0.36055299982209676
1372.0665623951197,0.3592631447164177
1372.1665623951196,0.35796769988959787
1372.2665623951195,0.3566667592169525
1372.3665623951194,0.3553604167030891
1372.4665623951194,0.35404876647073824
1372.5665623951193,0.35273190274960947
1372.6665623951192,0.3514099198652718
1372.766562395119,0.3500829122280628
1372.866562395119,0.3487509743220262
1372.966562395119,0.3474142006938813
1373.0665623951188,0.3460726859420246
1373.1665623951187,0.3447265247055668
1373.2665623951186,0.34337581165340564
1373.3665623951185,0.3420206414733371
1373.4665623951184,0.34066110886120626
1373.5665623951184,0.3392973085101
1373.6665623951183,0.3379293350995823
1373.7665623951182,0.33655728328497525
1373.866562395118,0.3351812476866858
1373.966562395118,0.3338013228795809
1374.066562395118,0.33241760338241294
1374.1665623951178,0.33103018364729536
1374.2665623951177,0.3296391580492325
1374.3665623951176,0.3282446208757033
1374.4665623951175,0.32684666631630105
1374.5665623951174,0.325445388452431
1374.6665623951174,0.3240408812470667
1374.7665623951173,0.3226332385345677
1374.8665623951172,0.32122255401055844
1374.966562395117,0.3198089212218711
1375.066562395117,0.31839243355655367
1375.166562395117,0.31697318423394416
1375.2665623951168,0.3155512662948125
1375.3665623951167,0.31412677259157207
1375.4665623951166,0.31269979577856116
1375.5665623951165,0.31127042830239704
1375.6665623951164,0.3098387623924027
1375.7665623951164,0.3084048900511084
1375.8665623951163,0.3069689030448289
1375.9665623951162,0.30553089289431773
1376.066562395116,0.3040909508655
1376.166562395116,0.3026491679602841
1376.266562395116,0.3012056349074553
1376.3665623951158,0.2997604421536497
1376.4665623951157,0.29831367985441243
1376.5665623951156,0.2968654378653395
1376.6665623951155,0.295415805733305
1376.7665623951154,0.2939648726877746
1376.8665623951154,0.29251272763220665
1376.9665623951153,0.29105945913554154
1377.0665623951152,0.2896051554237807
1377.166562395115,0.2881499043716559
1377.266562395115,0.28669379349439017
1377.366562395115,0.28523690993955103
1377.4665623951148,0.2837793404789969
1377.5665623951147,0.28232117150091823
1377.6665623951146,0.280862489001973
1377.7665623951145,0.27940337857951875
1377.8665623951144,0.27794392542394114
1377.9665623951144,0.27648421431108017
1378.0665623951143,0.2750243295947548
1378.1665623951142,0.2735643551993868
1378.266562395114,0.27210437461272413
1378.366562395114,0.2706444708786653
1378.466562395114,0.26918472659018483
1378.5665623951138,0.267725223882361
1378.6665623951137,0.26626604442550517
1378.7665623951136,0.26480726941839583
1378.8665623951135,0.26334897958161524
1378.9665623951134,0.261891255150991
1379.0665623951134,0.2604341758711421
1379.1665623951133,0.2589778209891313
1379.2665623951132,0.2575222692482224
1379.366562395113,0.25606759888174463
1379.466562395113,0.2546138876070636
1379.566562395113,0.2531612126196597
1379.6665623951128,0.25170965058731404
1379.7665623951127,0.2502592776444028
1379.8665623951126,0.24881016938629957
1379.9665623951125,0.24736240086388675
1380.0665623951124,0.24591604657817615
1380.1665623951124,0.24447118047503835
1380.2665623951123,0.2430278759400426
1380.3665623951122,0.24158620579340587
1380.466562395112,0.24014624228505208
1380.566562395112,0.23870805708978213
1380.666562395112,0.23727172130255364
1380.7665623951118,0.23583730543387177
1380.8665623951117,0.23440487940529064
1380.9665623951116,0.23297451254502552
1381.0665623951115,0.2315462735836759
1381.1665623951114,0.23012023065005976
1381.2665623951114,0.2286964512671583
1381.3665623951113,0.22727500234817222
1381.4665623951112,0.22585595019268864
1381.566562395111,0.2244393604829592
1381.666562395111,0.2230252982802888
1381.766562395111,0.22161382802153545
1381.8665623951108,0.22020501351572042
1381.9665623951107,0.21879891794074965
1382.0665623951106,0.21739560384024487
1382.1665623951105,0.2159951331204856
1382.2665623951104,0.21459756704746089
1382.3665623951103,0.21320296624403137
1382.4665623951103,0.2118113906872004
1382.5665623951102,0.21042289970549535
1382.66656239511,0.20903755197645743
1382.76656239511,0.2076554055242409
1382.86656239511,0.20627651771732058
1382.9665623951098,0.20490094526630773
1383.0665623951097,0.20352874422187386
1383.1665623951096,0.20215996997278204
1383.2665623951095,0.20079467724402536
1383.3665623951094,0.1994329200950724
1383.4665623951093,0.19807475191821874
1383.5665623951093,0.1967202254370446
1383.6665623951092,0.19536939270497777
1383.766562395109,0.1940223051039619
1383.866562395109,0.19267901334322873
1383.966562395109,0.1913395674581748
1384.0665623951088,0.1900040168093414
1384.1665623951087,0.18867241008149743
1384.2665623951086,0.18734479528282483
1384.3665623951085,0.18602121974420538
1384.4665623951084,0.18470173011860938
1384.5665623951083,0.18338637238058403
1384.6665623951083,0.1820751918258426
1384.7665623951082,0.18076823307095252
1384.866562395108,0.1794655400531221
1384.966562395108,0.17816715603008534
1385.066562395108,0.17687312358008428
1385.1665623951078,0.17558348460194756
1385.2665623951077,0.17429828031526523
1385.3665623951076,0.17301755126065846
1385.4665623951075,0.1717413373001441
1385.5665623951074,0.17046967761759244
1385.6665623951073,0.1692026107192781
1385.7665623951073,0.16794017443452344
1385.8665623951072,0.16668240591643257
1385.966562395107,0.16542934164271642
1386.066562395107,0.16418101741660762
1386.166562395107,0.1629374683678639
1386.2665623951068,0.16169872895385984
1386.3665623951067,0.16046483296076564
1386.4665623951066,0.15923581350481253
1386.5665623951065,0.15801170303364323
1386.6665623951064,0.15679253332774762
1386.7665623951063,0.15557833550198133
1386.8665623951063,0.15436914000716784
1386.9665623951062,0.1531649766317821
1387.066562395106,0.1519658745037152
1387.166562395106,0.1507718620921191
1387.266562395106,0.1495829672093304
1387.3665623951058,0.14839921701287243
1387.4665623951057,0.14722063800753438
1387.5665623951056,0.1460472560475266
1387.6665623951055,0.14487909633871146
1387.7665623951054,0.14371618344090814
1387.8665623951053,0.14255854127027104
1387.9665623951053,0.14140619310174027
1388.0665623951052,0.1402591615715637
1388.166562395105,0.13911746867988892
1388.266562395105,0.13798113579342494
1388.366562395105,0.13685018364817197
1388.4665623951048,0.13572463235221838
1388.5665623951047,0.13460450138860416
1388.6665623951046,0.13348980961824922
1388.7665623951045,0.13238057528294628
1388.8665623951044,0.1312768160084165
1388.9665623951043,0.13017854880742757
1389.0665623951043,0.12908579008297252
1389.1665623951042,0.12799855563150858
1389.266562395104,0.1269168606462554
1389.366562395104,0.12584071972055044
1389.466562395104,0.12477014685126175
1389.5665623951038,0.12370515544225633
1389.6665623951037,0.12264575830792304
1389.7665623951036,0.12159196767674951
1389.8665623951035,0.12054379519495116
1389.9665623951034,0.11950125193015212
1390.0665623951033,0.11846434837511628
1390.1665623951033,0.11743309445152787
1390.2665623951032,0.11640749951382047
1390.366562395103,0.11538757235305279
1390.466562395103,0.11437332120083092
1390.566562395103,0.11336475373327573
1390.6665623951028,0.11236187707503406
1390.7665623951027,0.11136469780333295
1390.8665623951026,0.11037322195207566
1390.9665623951025,0.10938745501597866
1391.0665623951024,0.10840740195474809
1391.1665623951023,0.10743306719729519
1391.2665623951023,0.1064644546459891
1391.3665623951022,0.10550156768094626
1391.466562395102,0.10454440916435541
1391.566562395102,0.10359298144483685
1391.666562395102,0.10264728636183516
1391.7665623951018,0.10170732525004435
1391.8665623951017,0.10077309894386394
1391.9665623951016,0.0998446077818858
1392.0665623951015,0.09892185161140962
1392.1665623951014,0.09800482979298705
1392.2665623951013,0.09709354120499249
1392.3665623951013,0.09618798424822039
1392.4665623951012,0.09528815685050734
1392.566562395101,0.09439405647137823
1392.666562395101,0.0935056801067157
1392.766562395101,0.09262302429345125
1392.8665623951008,0.09174608511427759
1392.9665623951007,0.0908748582023811
1393.0665623951006,0.09000933874619298
1393.1665623951005,0.08914952149415878
1393.2665623951004,0.08829540075952463
1393.3665623951003,0.08744697042514006
1393.4665623951003,0.08660422394827542
1393.5665623951002,0.08576715436545358
1393.6665623951,0.08493575429729495
1393.7665623951,0.08411001595337472
1393.8665623951,0.08328993113709118
1393.9665623950998,0.08247549125054451
1394.0665623950997,0.0816666872994251
1394.1665623950996,0.08086350989791015
1394.2665623950995,0.08006594927356803
1394.3665623950994,0.07927399527226912
1394.4665623950993,0.07848763736310262
1394.5665623950993,0.07770686464329808
1394.6665623950992,0.07693166584315092
1394.766562395099,0.07616202933095126
1394.866562395099,0.07539794311791465
1394.966562395099,0.0746393948631144
1395.0665623950988,0.07388637187841456
1395.1665623950987,0.07313886113340219
1395.2665623950986,0.07239684926031884
1395.3665623950985,0.07166032255898977
1395.4665623950984,0.07092926700175067
1395.5665623950983,0.0702036682383705
1395.6665623950983,0.06948351160096991
1395.7665623950982,0.06876878210893479
1395.866562395098,0.06805946447382347
1395.966562395098,0.06735554310426715
1396.066562395098,0.06665700211086321
1396.1665623950978,0.06596382531105983
1396.2665623950977,0.06527599623403167
1396.3665623950976,0.06459349812554589
1396.4665623950975,0.06391631395281773
1396.5665623950974,0.06324442640935458
1396.6665623950973,0.06257781791978856
1396.7665623950973,0.061916470644696096
1396.8665623950972,0.061260366485404505
1396.966562395097,0.06060948708878442
1397.066562395097,0.059963813852027564
1397.166562395097,0.05932332792740942
1397.2665623950968,0.05868801022703576
1397.3665623950967,0.05805784142757262
1397.4665623950966,0.05743280197495918
1397.5665623950965,0.056812872089102594
1397.6665623950964,0.056198031768554674
1397.7665623950963,0.05558826079516924
1397.8665623950963,0.05498353873874012
1397.9665623950962,0.05438384496161874
1398.066562395096,0.05378915862331099
1398.166562395096,0.053199458685052985
1398.266562395096,0.05261472391436461
1398.3665623950958,0.05203493288958097
1398.4665623950957,0.051460064004360706
1398.5665623950956,0.050890095472171
1398.6665623950955,0.050325005330748504
1398.7665623950954,0.049764771446536106
1398.8665623950953,0.04920937151909433
1398.9665623950953,0.04865878308548777
1399.0665623950952,0.04811298352464537
1399.166562395095,0.0475719500616946
1399.266562395095,0.0470356597722687
1399.366562395095,0.04650408958678681
1399.4665623950948,0.04597721629470658
1399.5665623950947,0.045455016548748554
1399.6665623950946,0.04493746686909229
1399.7665623950945,0.04442454364754373
1399.8665623950944,0.043916223151673046
1399.9665623950943,0.04341248152892333
1400.0665623950943,0.04291329481068904
1400.1665623950942,0.04241863891636433
1400.266562395094,0.04192848965736072
1400.366562395094,0.04144282274109378
1400.466562395094,0.040961613774938586
1400.5665623950938,0.04048483827015357
1400.6665623950937,0.04001247164577244
1400.7665623950936,0.039544489232464036
1400.8665623950935,0.03908086627635966
1400.9665623950934,0.03862157794284756
1401.0665623950933,0.03816659932033465
1401.1665623950933,0.037715905423974815
1401.2665623950932,0.03726947119936378
1401.366562395093,0.03682727152620025
1401.466562395093,0.03638928122191314
1401.566562395093,0.0359554750452545
1401.6665623950928,0.03552582769985833
1401.7665623950927,0.03510031383776454
1401.8665623950926,0.03467890806290837
1401.9665623950925,0.034261584934574825
1402.0665623950924,0.03384831897081787
1402.1665623950923,0.033439084651844704
1402.2665623950923,0.03303385642336417
1402.3665623950922,0.03263260869990004
1402.466562395092,0.032235315868068354
1402.566562395092,0.03184195228981901
1402.666562395092,0.031452492305641455
1402.7665623950918,0.031066910237734436
1402.8665623950917,0.03068518039313932
1402.9665623950916,0.030307277066837515
1403.0665623950915,0.029933174544811467
1403.1665623950914,0.029562847107069235
1403.2665623950913,0.0291962690306326
1403.3665623950913,0.028833414592488824
1403.4665623950912,0.028474258072505698
1403.566562395091,0.028118773756310042
1403.666562395091,0.027766935938129605
1403.766562395091,0.027418718923598318
1403.8665623950908,0.027074097032524776
1403.9665623950907,0.026733044601624137
1404.0665623950906,0.02639553598721326
1404.1665623950905,0.026061545567869257
1404.2665623950904,0.025731047747051174
1404.3665623950903,0.02540401695568524
1404.4665623950902,0.025080427654713296
1404.5665623950902,0.02476025433760475
1404.66656239509,0.024443471532831825
1404.76656239509,0.024130053806308473
1404.8665623950899,0.023819975763792658
1404.9665623950898,0.02351321205325224
1405.0665623950897,0.023209737367194675
1405.1665623950896,0.022909526444960207
1405.2665623950895,0.022612554074979054
1405.3665623950894,0.022318795096992375
1405.4665623950893,0.02202822440423721
1405.5665623950892,0.021740816945595563
1405.6665623950892,0.021456547727707654
1405.766562395089,0.021175391817049326
1405.866562395089,0.02089732434197396
1405.9665623950889,0.020622320494718963
1406.0665623950888,0.02035035553337667
1406.1665623950887,0.02008140478383025
1406.2665623950886,0.019815443641654374
1406.3665623950885,0.019552447573980926
1406.4665623950884,0.019292392121329993
1406.5665623950883,0.01903525289940612
1406.6665623950882,0.018781005600859997
1406.7665623950882,0.01852962599701597
1406.866562395088,0.018281089939565162
1406.966562395088,0.01803537336222474
1407.0665623950879,0.017792452282363258
1407.1665623950878,0.017552302802592352
1407.2665623950877,0.017314901112324917
1407.3665623950876,0.01708022348930009
1407.4665623950875,0.016848246301075006
1407.5665623950874,0.016618946006483695
1407.6665623950873,0.01639229915706331
1407.7665623950872,0.01616828239844772
1407.8665623950872,0.01594687247172895
1407.966562395087,0.015728046214786382
1408.066562395087,0.015511780563584224
1408.1665623950869,0.015298052553437122
1408.2665623950868,0.015086839320244474
1408.3665623950867,0.014878118101693504
1408.4665623950866,0.014671866238431254
1408.5665623950865,0.014468061175205878
1408.6665623950864,0.014266680461977363
1408.7665623950863,0.014067701754997965
1408.8665623950862,0.013871102817862585
1408.9665623950862,0.013676861522529277
1409.066562395086,0.01348495585031022
1409.166562395086,0.013295363892833312
1409.2665623950859,0.013108063852974708
1409.3665623950858,0.0129230340457625
1409.4665623950857,0.012740252899251805
1409.5665623950856,0.012559698955371514
1409.6665623950855,0.012381350870742986
1409.7665623950854,0.012205187417470882
1409.8665623950853,0.01203118748390648
1409.9665623950852,0.011859330075383668
1410.0665623950852,0.011689594314927878
1410.166562395085,0.011521959443938325
1410.266562395085,0.011356404822843658
1410.3665623950849,0.011192909931731408
1410.4665623950848,0.0110314543709515
1410.5665623950847,0.010872017861693995
1410.6665623950846,0.010714580246541497
1410.7665623950845,0.010559121489996352
1410.8665623950844,0.010405621678982955
1410.9665623950843,0.010254061023325515
1411.0665623950842,0.010104419856201441
1411.1665623950842,0.009956678634570712
1411.266562395084,0.009810817939581452
1411.366562395084,0.009666818476952003
1411.4665623950839,0.009524661077329822
1411.5665623950838,0.009384326696627403
1411.6665623950837,0.009245796416335562
1411.7665623950836,0.009109051443814332
1411.8665623950835,0.008974073112561782
1411.9665623950834,0.008840842882460974
1412.0665623950833,0.008709342340005456
1412.1665623950832,0.008579553198503438
1412.2665623950832,0.008451457298261031
1412.366562395083,0.008325036606744747
1412.466562395083,0.008200273218723672
1412.5665623950829,0.008077149356391408
1412.6665623950828,0.007955647369468227
1412.7665623950827,0.007835749735283655
1412.8665623950826,0.007717439058839716
1412.9665623950825,0.007600698072855223
1413.0665623950824,0.007485509637791294
1413.1665623950823,0.007371856741858444
1413.2665623950822,0.007259722501005478
1413.3665623950822,0.007149090158890477
1413.466562395082,0.007039943086834209
1413.566562395082,0.006932264783756163
1413.6665623950819,0.006826038876093475
1413.7665623950818,0.0067212491177031375
1413.8665623950817,0.0066178793897476215
1413.9665623950816,0.006515913700564276
1414.0665623950815,0.00641533618551873
1414.1665623950814,0.0063161311068426354
