1214.2665623952632,1.1089765368234745
1214.3665623952631,1.1090651447114586
1214.466562395263,1.1091541802761842
1214.566562395263,1.109243644923275
1214.6665623952629,1.1093335400585804
1214.7665623952628,1.1094238670881422
1214.8665623952627,1.10951462741816
1214.9665623952626,1.1096058224549568
1215.0665623952625,1.109697453604945
1215.1665623952624,1.1097895222745924
1215.2665623952623,1.1098820298703855
1215.3665623952622,1.1099749777987962
1215.4665623952621,1.1100683674662457
1215.566562395262,1.1101622002790692
1215.666562395262,1.1102564776434798
1215.7665623952619,1.1103512009655339
1215.8665623952618,1.1104463716510935
1215.9665623952617,1.1105419911057908
1216.0665623952616,1.1106380607349917
1216.1665623952615,1.110734581943759
1216.2665623952614,1.1108315561368156
1216.3665623952613,1.1109289847185067
1216.4665623952612,1.1110268690927638
1216.5665623952611,1.111125210663066
1216.666562395261,1.111224010832403
1216.766562395261,1.1113232710032366
1216.8665623952609,1.1114229925774635
1216.9665623952608,1.111523176956376
1217.0665623952607,1.1116238255406243
1217.1665623952606,1.111724939730177
1217.2665623952605,1.1118265209242826
1217.3665623952604,1.1119285705214306
1217.4665623952603,1.1120310899193122
1217.5665623952602,1.1121340805147801
1217.6665623952601,1.1122375437038092
1217.76656239526,1.1123414808814571
1217.86656239526,1.1124458934418235
1217.9665623952599,1.11255078277801
1218.0665623952598,1.1126561502820789
1218.1665623952597,1.1127619973450147
1218.2665623952596,1.11286832535668
1218.3665623952595,1.1129751357057778
1218.4665623952594,1.1130824297798068
1218.5665623952593,1.1131902089650227
1218.6665623952592,1.1132984746463954
1218.7665623952591,1.1134072282075669
1218.866562395259,1.113516471030809
1218.966562395259,1.1136262044969822
1219.0665623952589,1.1137364299854926
1219.1665623952588,1.1138471488742487
1219.2665623952587,1.1139583625396192
1219.3665623952586,1.11407007235639
1219.4665623952585,1.1141822796977208
1219.5665623952584,1.1142949859351012
1219.6665623952583,1.114408192438308
1219.7665623952582,1.114521900575361
1219.8665623952581,1.1146361117124788
1219.966562395258,1.1147508272140345
1220.066562395258,1.1148660484425121
1220.1665623952579,1.1149817767584613
1220.2665623952578,1.1150980135204531
1220.3665623952577,1.1152147600850342
1220.4665623952576,1.115332017806683
1220.5665623952575,1.1154497880377634
1220.6665623952574,1.1155680721284795
1220.7665623952573,1.1156868714268309
1220.8665623952572,1.1158061872785647
1220.9665623952571,1.115926021027132
1221.066562395257,1.11604637401364
1221.166562395257,1.116167247576806
1221.2665623952569,1.1162886430529113
1221.3665623952568,1.1164105617757538
1221.4665623952567,1.1165330050766018
1221.5665623952566,1.116655974284146
1221.6665623952565,1.116779470724453
1221.7665623952564,1.1169034957209174
1221.8665623952563,1.1170280505942147
1221.9665623952562,1.117153136662253
1222.0665623952561,1.1172787552401249
1222.166562395256,1.1174049076400598
1222.266562395256,1.1175315951713758
1222.3665623952559,1.1176588191404304
1222.4665623952558,1.117786580850572
1222.5665623952557,1.1179148816020923
1222.6665623952556,1.1180437226921753
1222.7665623952555,1.11817310541485
1222.8665623952554,1.1183030310609399
1222.9665623952553,1.118433500918014
1223.0665623952552,1.1185645162703368
1223.1665623952551,1.1186960783988193
1223.266562395255,1.118828188580968
1223.366562395255,1.1189608480908355
1223.4665623952549,1.1190940581989692
1223.5665623952548,1.1192278201723627
1223.6665623952547,1.119362135274403
1223.7665623952546,1.1194970047648212
1223.8665623952545,1.1196324298996412
1223.9665623952544,1.1197684119311286
1224.0665623952543,1.1199049521077395
1224.1665623952542,1.1200420516740686
1224.2665623952541,1.1201797118707986
1224.366562395254,1.1203179339346474
1224.466562395254,1.1204567190983177
1224.5665623952539,1.1205960685904435
1224.6665623952538,1.120735983635539
1224.7665623952537,1.120876465453946
1224.8665623952536,1.1210175152617814
1224.9665623952535,1.1211591342708844
1225.0665623952534,1.1213013236887646
1225.1665623952533,1.1214440847185483
1225.2665623952532,1.1215874185589259
1225.3665623952531,1.121731326404099
1225.466562395253,1.1218758094437262
1225.566562395253,1.1220208688628714
1225.6665623952529,1.1221665058419483
1225.7665623952528,1.1223127215566682
1225.8665623952527,1.1224595171779854
1225.9665623952526,1.122606893872044
1226.0665623952525,1.1227548528001228
1226.1665623952524,1.122903395118582
1226.2665623952523,1.1230525219788088
1226.3665623952522,1.1232022345271626
1226.4665623952521,1.1233525339049204
1226.566562395252,1.1235034212482229
1226.666562395252,1.1236548976880187
1226.7665623952519,1.12380696435001
1226.8665623952518,1.123959622354597
1226.9665623952517,1.124112872816824
1227.0665623952516,1.124266716846322
1227.1665623952515,1.1244211555472563
1227.2665623952514,1.1245761900182678
1227.3665623952513,1.1247318213524193
1227.4665623952512,1.1248880506371397
1227.5665623952511,1.1250448789541678
1227.666562395251,1.1252023073794963
1227.766562395251,1.1253603369833158
1227.8665623952509,1.1255189688299592
1227.9665623952508,1.1256782039778446
1228.0665623952507,1.1258380434794195
1228.1665623952506,1.1259984883811045
1228.2665623952505,1.1261595397232367
1228.3665623952504,1.1263211985400126
1228.4665623952503,1.1264834658594318
1228.5665623952502,1.1266463427032403
1228.6665623952501,1.1268098300868732
1228.76656239525,1.1269739290193985
1228.86656239525,1.127138640503459
1228.9665623952499,1.1273039655352153
1229.0665623952498,1.12746990510429
1229.1665623952497,1.1276364601937088
1229.2665623952496,1.1278036317798428
1229.3665623952495,1.1279714208323532
1229.4665623952494,1.1281398283141315
1229.5665623952493,1.128308855181243
1229.6665623952492,1.1284785023828692
1229.7665623952491,1.128648770861249
1229.866562395249,1.128819661551622
1229.966562395249,1.1289911753821704
1230.0665623952489,1.129163313273961
1230.1665623952488,1.1293360761408857
1230.2665623952487,1.1295094648896065
1230.3665623952486,1.1296834804194942
1230.4665623952485,1.1298581236225724
1230.5665623952484,1.1300333953834578
1230.6665623952483,1.1302092965793031
1230.7665623952482,1.1303858280797376
1230.8665623952481,1.1305629907468093
1230.966562395248,1.1307407854349263
1231.066562395248,1.1309192129907988
1231.1665623952479,1.1310982742533793
1231.2665623952478,1.1312779700538058
1231.3665623952477,1.1314583012153412
1231.4665623952476,1.1316392685533165
1231.5665623952475,1.1318208728750707
1231.6665623952474,1.1320031149798926
1231.7665623952473,1.132185995658962
1231.8665623952472,1.1323695156952909
1231.9665623952471,1.132553675863665
1232.066562395247,1.1327384769305842
1232.166562395247,1.1329239196542042
1232.2665623952469,1.133110004784277
1232.3665623952468,1.1332967330620933
1232.4665623952467,1.133484105220422
1232.5665623952466,1.133672121983452
1232.6665623952465,1.1338607840667336
1232.7665623952464,1.1340500921771186
1232.8665623952463,1.1342400470127023
1232.9665623952462,1.1344306492627638
1233.0665623952461,1.1346218996077075
1233.166562395246,1.1348137987190032
1233.266562395246,1.1350063472591287
1233.3665623952459,1.1351995458815092
1233.4665623952458,1.1353933952304593
1233.5665623952457,1.1355878959411236
1233.6665623952456,1.1357830486394183
1233.7665623952455,1.1359788539419708
1233.8665623952454,1.1361753124560627
1233.9665623952453,1.1363724247795697
1234.0665623952452,1.1365701915009025
1234.1665623952451,1.1367686131989487
1234.266562395245,1.1369676904430135
1234.366562395245,1.1371674237927611
1234.4665623952449,1.137367813798155
1234.5665623952448,1.137568860999401
1234.6665623952447,1.1377705659268864
1234.7665623952446,1.1379729291011227
1234.8665623952445,1.1381759510326865
1234.9665623952444,1.1383796322221607
1235.0665623952443,1.1385839731600758
1235.1665623952442,1.138788974326852
1235.2665623952441,1.13899463619274
1235.366562395244,1.1392009592177634
1235.466562395244,1.1394079438516587
1235.5665623952439,1.1396155905338183
1235.6665623952438,1.1398238996932324
1235.7665623952437,1.1400328717484294
1235.8665623952436,1.1402425071074191
1235.9665623952435,1.1404528061676338
1236.0665623952434,1.1406637693158705
1236.1665623952433,1.1408753969282326
1236.2665623952432,1.1410876893700728
1236.3665623952431,1.141300646995934
1236.466562395243,1.1415142701494931
1236.566562395243,1.1417285591635018
1236.6665623952429,1.14194351435973
1236.7665623952428,1.1421591360489078
1236.8665623952427,1.1423754245306685
1236.9665623952426,1.1425923800934907
1237.0665623952425,1.1428100030146415
1237.1665623952424,1.1430282935601188
1237.2665623952423,1.1432472519845953
1237.3665623952422,1.1434668785313602
1237.4665623952421,1.1436871734322631
1237.566562395242,1.1439081369076576
1237.666562395242,1.1441297691663435
1237.7665623952419,1.144352070405511
1237.8665623952418,1.144575040810685
1237.9665623952417,1.1447986805556667
1238.0665623952416,1.1450229898024797
1238.1665623952415,1.1452479687013126
1238.2665623952414,1.145473617390463
1238.3665623952413,1.1456999359962823
1238.4665623952412,1.1459269246331196
1238.5665623952411,1.1461545834032665
1238.666562395241,1.1463829123969005
1238.766562395241,1.1466119116920315
1238.8665623952409,1.1468415813544455
1238.9665623952408,1.147071921437649
1239.0665623952407,1.147302931982816
1239.1665623952406,1.1475346130187312
1239.2665623952405,1.147766964561737
1239.3665623952404,1.1479999866156776
1239.4665623952403,1.1482336791718466
1239.5665623952402,1.1484680422089308
1239.6665623952401,1.1487030756929575
1239.76656239524,1.1489387795772408
1239.86656239524,1.149175153802327
1239.9665623952399,1.149412198295942
1240.0665623952398,1.1496499129729374
1240.1665623952397,1.1498882977352383
1240.2665623952396,1.150127352471789
1240.3665623952395,1.150367077058501
1240.4665623952394,1.1506074713582009
1240.5665623952393,1.1508485352205766
1240.6665623952392,1.1510902684821265
1240.7665623952391,1.1513326709661067
1240.866562395239,1.151575742482479
1240.966562395239,1.1518194828278603
1241.0665623952389,1.1520638917854698
1241.1665623952388,1.1523089691250783
1241.2665623952387,1.1525547146029578
1241.3665623952386,1.1528011279618293
1241.4665623952385,1.153048208930814
1241.5665623952384,1.153295957225381
1241.6665623952383,1.1535443725472982
1241.7665623952382,1.153793454584582
1241.8665623952381,1.154043203011448
1241.966562395238,1.1542936174882608
1242.066562395238,1.1545446976614842
1242.1665623952379,1.1547964431636342
1242.2665623952378,1.155048853613228
1242.3665623952377,1.155301928614736
1242.4665623952376,1.1555556677585341
1242.5665623952375,1.155810070620855
1242.6665623952374,1.15606513676374
1242.7665623952373,1.156320865734992
1242.8665623952372,1.1565772570681276
1242.9665623952371,1.15683431028233
1243.066562395237,1.1570920248824026
1243.166562395237,1.1573504003587218
1243.2665623952369,1.1576094361871905
1243.3665623952368,1.1578691318291927
1243.4665623952367,1.158129486731547
1243.5665623952366,1.158390500326461
1243.6665623952365,1.1586521720314864
1243.7665623952364,1.1589145012494737
1243.8665623952363,1.1591774873685274
1243.9665623952362,1.1594411297619618
1244.0665623952361,1.1597054277882561
1244.166562395236,1.1599703807910113
1244.266562395236,1.160235988098906
1244.3665623952359,1.1605022490256531
1244.4665623952358,1.1607691628699575
1244.5665623952357,1.1610367289154715
1244.6665623952356,1.1613049464307548
1244.7665623952355,1.1615738146692305
1244.8665623952354,1.1618433328691438
1244.9665623952353,1.1621135002535206
1245.0665623952352,1.162384316030126
1245.1665623952351,1.1626557793914236
1245.266562395235,1.162927889514535
1245.366562395235,1.1632006455611987
1245.4665623952349,1.1634740466777316
1245.5665623952348,1.1637480919949874
1245.6665623952347,1.1640227806283192
1245.7665623952346,1.1642981116775395
1245.8665623952345,1.1645740842268812
1245.9665623952344,1.1648506973449604
1246.0665623952343,1.1651279500847374
1246.1665623952342,1.1654058414834794
1246.2665623952341,1.1656843705627233
1246.366562395234,1.1659635363282388
1246.466562395234,1.1662433377699917
1246.5665623952339,1.1665237738621068
1246.6665623952338,1.1668048435628338
1246.7665623952337,1.1670865458145103
1246.8665623952336,1.1673688795435269
1246.9665623952335,1.1676518436602923
1247.0665623952334,1.1679354370591999
1247.1665623952333,1.1682196586185922
1247.2665623952332,1.1685045072007276
1247.3665623952331,1.1687899816517477
1247.466562395233,1.1690760808016434
1247.566562395233,1.169362803464223
1247.6665623952329,1.1696501484370794
1247.7665623952328,1.1699381145015588
1247.8665623952327,1.1702267004227294
1247.9665623952326,1.1705159049493492
1248.0665623952325,1.1708057268138368
1248.1665623952324,1.1710961647322404
1248.2665623952323,1.171387217404208
1248.3665623952322,1.171678883512958
1248.4665623952321,1.1719711617252497
1248.566562395232,1.172264050691356
1248.666562395232,1.172557549045034
1248.7665623952319,1.1728516554034971
1248.8665623952318,1.1731463683673886
1248.9665623952317,1.1734416865207538
1249.0665623952316,1.1737376084310138
1249.1665623952315,1.1740341326489396
1249.2665623952314,1.1743312577086262
1249.3665623952313,1.1746289821274671
1249.4665623952312,1.1749273044061306
1249.5665623952311,1.1752262230285335
1249.666562395231,1.1755257364618192
1249.766562395231,1.1758258431563333
1249.8665623952309,1.1761265415456004
1249.9665623952308,1.1764278300463018
1250.0665623952307,1.1767297070582539
1250.1665623952306,1.177032170964386
1250.2665623952305,1.1773352201307197
1250.3665623952304,1.177638852906347
1250.4665623952303,1.1779430676234126
1250.5665623952302,1.1782478625970916
1250.6665623952301,1.178553236125572
1250.76656239523,1.1788591864900353
1250.86656239523,1.1791657119546395
1250.9665623952299,1.1794728107664998
1251.0665623952298,1.179780481155673
1251.1665623952297,1.18008872133514
1251.2665623952296,1.1803975295007911
1251.3665623952295,1.180706903831409
1251.4665623952294,1.1810168424886556
1251.5665623952293,1.181327343617056
1251.6665623952292,1.1816384053439868
1251.7665623952291,1.1819500257796618
1251.866562395229,1.1822622030171204
1251.966562395229,1.1825749351322152
1252.0665623952289,1.1828882201836017
1252.1665623952288,1.1832020562127272
1252.2665623952287,1.1835164412438222
1252.3665623952286,1.1838313732838905
1252.4665623952285,1.184146850322702
1252.5665623952284,1.1844628703327844
1252.6665623952283,1.1847794312694182
1252.7665623952282,1.1850965310706296
1252.8665623952281,1.1854141676571865
1252.966562395228,1.185732338932595
1253.066562395228,1.1860510427830964
1253.1665623952279,1.186370277077665
1253.2665623952278,1.1866900396680082
1253.3665623952277,1.187010328388567
1253.4665623952276,1.1873311410565168
1253.5665623952275,1.187652475471772
1253.6665623952274,1.1879743294169889
1253.7665623952273,1.188296700657572
1253.8665623952272,1.1886195869416818
1253.9665623952271,1.1889429860002432
1254.066562395227,1.1892668955469563
1254.166562395227,1.1895913132783091
1254.2665623952269,1.1899162368735914
1254.3665623952268,1.190241663994912
1254.4665623952267,1.1905675922872176
1254.5665623952266,1.190894019378313
1254.6665623952265,1.191220942878886
1254.7665623952264,1.191548360382533
1254.8665623952263,1.1918762694657892
1254.9665623952262,1.1922046676881604
1255.0665623952261,1.1925335525921597
1255.166562395226,1.1928629217033468
1255.266562395226,1.193192772530372
1255.3665623952259,1.193523102565023
1255.4665623952258,1.1938539092822789
1255.5665623952257,1.1941851901403662
1255.6665623952256,1.1945169425808215
1255.7665623952255,1.1948491640285606
1255.8665623952254,1.1951818518919521
1255.9665623952253,1.1955150035628985
1256.0665623952252,1.195848616416925
1256.1665623952251,1.1961826878132744
1256.266562395225,1.1965172150950119
1256.366562395225,1.1968521955891378
1256.4665623952249,1.1971876266067103
1256.5665623952248,1.1975235054429787
1256.6665623952247,1.1978598293775273
1256.7665623952246,1.1981965956744323
1256.8665623952245,1.1985338015824298
1256.9665623952244,1.198871444335101
1257.0665623952243,1.199209521151069
1257.1665623952242,1.1995480292342138
1257.2665623952241,1.199886965773905
1257.366562395224,1.2002263279452525
1257.466562395224,1.200566112909377
1257.5665623952239,1.2009063178137038
1257.6665623952238,1.2012469397922794
1257.7665623952237,1.2015879759661123
1257.8665623952236,1.2019294234435436
1257.9665623952235,1.2022712793206431
1258.0665623952234,1.2026135406816398
1258.1665623952233,1.202956204599385
1258.2665623952232,1.2032992681358505
1258.3665623952231,1.2036427283426683
1258.466562395223,1.2039865822617086
1258.566562395223,1.204330826925705
1258.6665623952229,1.204675459358926
1258.7665623952228,1.205020476577899
1258.8665623952227,1.2053658755921888
1258.9665623952226,1.2057116534052346
1259.0665623952225,1.2060578070152508
1259.1665623952224,1.2064043334161945
1259.2665623952223,1.2067512295988057
1259.3665623952222,1.2070984925517245
1259.4665623952221,1.2074461192626913
1259.566562395222,1.2077941067198341
1259.666562395222,1.2081424519130508
1259.7665623952219,1.2084911518354913
1259.8665623952218,1.2088402034851482
1259.9665623952217,1.2091896038665595
1260.0665623952216,1.209539349992636
1260.1665623952215,1.209889438886616
1260.2665623952214,1.2102398675841608
1260.3665623952213,1.2105906331355958
1260.4665623952212,1.2109417326083083
1260.5665623952211,1.2112931630893142
1260.666562395221,1.2116449216879999
1260.766562395221,1.211997005539053
1260.8665623952209,1.2123494118055937
1260.9665623952208,1.21270213768252
1261.0665623952207,1.2130551804000749
1261.1665623952206,1.2134085372276566
1261.2665623952205,1.2137622054778807
1261.3665623952204,1.2141161825109101
1261.4665623952203,1.2144704657390726
1261.5665623952202,1.2148250526317763
1261.6665623952201,1.2151799407207469
1261.76656239522,1.2155351276056008
1261.86656239522,1.2158906109597742
1261.9665623952199,1.2162463885368306
1262.0665623952198,1.216602458177164
1262.1665623952197,1.2169588178151232
1262.2665623952196,1.2173154654865783
1262.3665623952195,1.217672399336954
1262.4665623952194,1.2180296176297545
1262.5665623952193,1.2183871187556072
1262.6665623952192,1.2187449012418503
1262.7665623952191,1.2191029637626951
1262.866562395219,1.2194613051499907
1262.966562395219,1.2198199244046222
1263.0665623952189,1.2201788207085755
1263.1665623952188,1.2205379934376988
1263.2665623952187,1.2208974421751984
1263.3665623952186,1.221257166725902
1263.4665623952185,1.221617167131327
1263.5665623952184,1.221977443685591
1263.6665623952183,1.2223379969522066
1263.7665623952182,1.222698827781795
1263.8665623952181,1.2230599373307671
1263.966562395218,1.2234213270810113
1264.066562395218,1.2237829988606301
1264.1665623952179,1.2241449548657781
1264.2665623952178,1.2245071976836384
1264.3665623952177,1.2248697303165954
1264.4665623952176,1.2252325562076443
1264.5665623952175,1.2255956792670941
1264.6665623952174,1.2259591039006097
1264.7665623952173,1.2263228350386515
1264.8665623952172,1.22668687816736
1264.9665623952171,1.2270512393609436
1265.066562395217,1.2274159253156236
1265.166562395217,1.2277809433851918
1265.2665623952169,1.228146301618238
1265.3665623952168,1.2285120087971049
1265.4665623952167,1.2288780744786278
1265.5665623952166,1.2292445090367186
1265.6665623952165,1.22961132370685
1265.7665623952164,1.2299785306325017
1265.8665623952163,1.230346142913628
1265.9665623952162,1.2307141746571997
1266.0665623952161,1.231082641029888
1266.166562395216,1.2314515583129406
1266.266562395216,1.2318209439593113
1266.3665623952159,1.2321908166530995
1266.4665623952158,1.2325611963713552
1266.5665623952157,1.2329321044483037
1266.6665623952156,1.2333035636420433
1266.7665623952155,1.2336755982037673
1266.8665623952154,1.2340482339495602
1266.9665623952153,1.2344214983348158
1267.0665623952152,1.2347954205313207
1267.1665623952151,1.2351700315070462
1267.266562395215,1.235545364108688
1267.366562395215,1.2359214531469875
1267.4665623952149,1.2362983354848702
1267.5665623952148,1.2366760501284242
1267.6665623952147,1.2370546383207461
1267.7665623952146,1.237434143638672
1267.8665623952145,1.2378146120924052
1267.9665623952144,1.2381960922280508
1268.0665623952143,1.2385786352330594
1268.1665623952142,1.238962295044572
1268.2665623952141,1.2393471284606594
1268.366562395214,1.239733195254435
1268.466562395214,1.2401205582910149
1268.5665623952139,1.2405092836472926
1268.6665623952138,1.240899440734485
1268.7665623952137,1.241291102423397
1268.8665623952136,1.2416843451723434
1268.9665623952135,1.2420792491576602
1269.0665623952134,1.2424758984067192
1269.1665623952133,1.2428743809333562
1269.2665623952132,1.2432747888756084
1269.3665623952131,1.2436772186356455
1269.466562395213,1.2440817710217662
1269.566562395213,1.2444885513923194
1269.6665623952128,1.2448976698013987
1269.7665623952128,1.2453092411461377
1269.8665623952127,1.2457233853154313
1269.9665623952126,1.2461402273398807
1270.0665623952125,1.246559897542757
1270.1665623952124,1.2469825316917533
1270.2665623952123,1.2474082711512853
1270.3665623952122,1.2478372630350851
1270.4665623952121,1.24826966035881
1270.566562395212,1.24870562219238
1270.666562395212,1.2491453138117365
1270.7665623952118,1.2495889068496955
1270.8665623952118,1.2500365794455583
1270.9665623952117,1.250488516393119
1271.0665623952116,1.250944909286691
1271.1665623952115,1.2514059566647662
1271.2665623952114,1.2518718641508857
1271.3665623952113,1.2523428445913038
1271.4665623952112,1.2528191181889947
1271.5665623952111,1.2533009126335373
1271.666562395211,1.2537884632264027
1271.766562395211,1.2542820130011463
1271.8665623952108,1.2547818128379882
1271.9665623952108,1.255288121572257
1272.0665623952107,1.2558012060961505
1272.1665623952106,1.2563213414532515
1272.2665623952105,1.256848810925228
1272.3665623952104,1.2573839061101268
1272.4665623952103,1.257926926991659
1272.5665623952102,1.258478181998866
1272.6665623952101,1.259037988055538
1272.76656239521,1.2596066706187543
1272.86656239521,1.2601845637058933
1272.9665623952098,1.2607720099094664
1273.0665623952098,1.2613693603991138
1273.1665623952097,1.2619769749100935
1273.2665623952096,1.2625952217175975
1273.3665623952095,1.263224477596223
1273.4665623952094,1.2638651277639201
1273.5665623952093,1.2645175658097492
1273.6665623952092,1.265182193604772
1273.7665623952091,1.2658594211954115
1273.866562395209,1.2665496666786178
1273.966562395209,1.2672533560581902
1274.0665623952088,1.2679709230816059
1274.1665623952088,1.2687028090567303
1274.2665623952087,1.2694494626477866
1274.3665623952086,1.2702113396499863
1274.4665623952085,1.270988902742237
1274.5665623952084,1.2717826212173668
1274.6665623952083,1.2725929706893275
1274.7665623952082,1.2734204327768657
1274.8665623952081,1.2742654947631753
1274.966562395208,1.2751286492310825
1275.066562395208,1.2760103936733422
1275.1665623952078,1.2769112300776646
1275.2665623952078,1.2778316644861236
1275.3665623952077,1.2787722065286513
1275.4665623952076,1.279733368930353
1275.5665623952075,1.2807156669924313
1275.6665623952074,1.2817196180465615
1275.7665623952073,1.2827457408825969
1275.8665623952072,1.283794555149554
1275.9665623952071,1.2848665807298738
1276.066562395207,1.285962337087015
1276.166562395207,1.2870823425865012
1276.2665623952068,1.2882271137906027
1276.3665623952068,1.289397164726901
1276.4665623952067,1.2905930061310549
1276.5665623952066,1.2918151446641506
1276.6665623952065,1.2930640821050965
1276.7665623952064,1.29434031451859
1276.8665623952063,1.2956443313992687
1276.9665623952062,1.2969766147927202
1277.0665623952061,1.2983376383941188
1277.166562395206,1.2997278666253211
1277.266562395206,1.3011477536913465
1277.3665623952058,1.3025977426172337
1277.4665623952058,1.304078264266361
1277.5665623952057,1.3055897363413878
1277.6665623952056,1.3071325623690617
1277.7665623952055,1.3087071306702154
1277.8665623952054,1.310313813316361
1277.9665623952053,1.3119529650743633
1278.0665623952052,1.313624922340764
1278.1665623952051,1.3153300020673941
1278.266562395205,1.317068500680003
1278.366562395205,1.3188406929916934
1278.4665623952048,1.3206468311130404
1278.5665623952048,1.3224871433608314
1278.6665623952047,1.3243618331674385
1278.7665623952046,1.3262710779929032
1278.8665623952045,1.328215028241873
1278.9665623952044,1.330193806187588
1279.0665623952043,1.3322075049051807
1279.1665623952042,1.3342561872165906
1279.2665623952041,1.3363398846494619
1279.366562395204,1.3384585964124172
1279.466562395204,1.3406122883891571
1279.5665623952038,1.3428008921538581
1279.6665623952038,1.3450243040103769
1279.7665623952037,1.347282384057791
1279.8665623952036,1.349574955284825
1279.9665623952035,1.3519018026957252
1280.0665623952034,1.3542626724701479
1280.1665623952033,1.3566572711596327
1280.2665623952032,1.359085264923225
1280.3665623952031,1.3615462788047914
1280.466562395203,1.3640398960545657
1280.566562395203,1.3665656574974263
1280.6665623952028,1.3691230609503742
1280.7665623952028,1.3717115606916486
1280.8665623952027,1.3743305669838537
1280.9665623952026,1.3769794456534359
1281.0665623952025,1.3796575177287664
1281.1665623952024,1.3823640591390345
1281.2665623952023,1.3850983004760664
1281.3665623952022,1.3878594268211095
1281.4665623952021,1.3906465776385213
1281.566562395202,1.3934588467382154
1281.666562395202,1.396295282308602
1281.7665623952018,1.3991548870216524
1281.8665623952018,1.4020366182115984
1281.9665623952017,1.404939388128648
1282.0665623952016,1.4078620642689725
1282.1665623952015,1.410803469782077
1282.2665623952014,1.4137623839565245
1282.3665623952013,1.416737542784833
1282.4665623952012,1.4197276396082115
1282.5665623952011,1.4227313258416376
1282.666562395201,1.4257472117796197
1282.766562395201,1.4287738674828097
1282.8665623952008,1.431809823745468
1282.9665623952008,1.4348535731435996
1283.0665623952007,1.4379035711634005
1283.1665623952006,1.4409582374094776
1283.2665623952005,1.4440159568921094
1283.3665623952004,1.4470750813926412
1283.4665623952003,1.4501339309059094
1283.5665623952002,1.4531907951584093
1283.6665623952001,1.4562439352007277
1283.7665623952,1.4592915850725734
1283.8665623952,1.4623319535385555
1283.9665623951998,1.4653632258926643
1284.0665623951998,1.4683835658292392
1284.1665623951997,1.471391117378009
1284.2665623951996,1.4743840069006267
1284.3665623951995,1.4773603451459365
1284.4665623951994,1.480318229361043
1284.5665623951993,1.4832557454550854
1284.6665623951992,1.486170970212457
1284.7665623951991,1.489061973552058
1284.866562395199,1.4919268208290188
1284.966562395199,1.4947635751751838
1285.0665623951988,1.4975702998745204
1285.1665623951988,1.50034506076948
1285.2665623951987,1.5030859286942246
1285.3665623951986,1.505790981930522
1285.4665623951985,1.508458308682004
1285.5665623951984,1.5110860095624021
1285.6665623951983,1.5136722000932767
1285.7665623951982,1.5162150132067014
1285.8665623951981,1.5187126017482835
1285.966562395198,1.5211631409758692
1286.066562395198,1.5235648310492265
1286.1665623951978,1.5259158995059783
1286.2665623951978,1.5282146037190425
1286.3665623951977,1.5304592333308205
1286.4665623951976,1.5326481126593936
1286.5665623951975,1.5347796030719967
1286.6665623951974,1.53685210532107
1286.7665623951973,1.5388640618382339
1286.8665623951972,1.540813958981583
1286.9665623951971,1.5427003292317618
1287.066562395197,1.5445217533323619
1287.166562395197,1.5462768623702678
1287.2665623951968,1.547964339791685
1287.3665623951968,1.5495829233496823
1287.4665623951967,1.551131406979223
1287.5665623951966,1.5526086425957701
1287.6665623951965,1.5540135418137133
1287.7665623951964,1.5553450775810105
1287.8665623951963,1.5566022857266015
1287.9665623951962,1.5577842664173245
1288.0665623951961,1.5588901855212491
1288.166562395196,1.5599192758745302
1288.266562395196,1.5608708384490826
1288.3665623951958,1.561744243418584
1288.4665623951958,1.5625389311205284
1288.5665623951957,1.5632544129122639
1288.6665623951956,1.5638902719191823
1288.7665623951955,1.564446163673452
1288.8665623951954,1.564921816641917
1288.9665623951953,1.565317032642033
1289.0665623951952,1.56563168714494
1289.1665623951951,1.5658657294650222
1289.266562395195,1.5660191828355507
1289.366562395195,1.5660921443702471
1289.4665623951948,1.5660847849108555
1289.5665623951948,1.5659973487610586
1289.6665623951947,1.5658301533073151
1289.7665623951946,1.565583588527442
1289.8665623951945,1.5652581163880095
1289.9665623951944,1.564854270131849
1290.0665623951943,1.5643726534572169
1290.1665623951942,1.5638139395903807
1290.2665623951941,1.5631788702536287
1290.366562395194,1.5624682545309136
1290.466562395194,1.5616829676335677
1290.5665623951938,1.5608239495687235
1290.6665623951938,1.5598922037132823
1290.7665623951937,1.558888795296462
1290.8665623951936,1.5578148497941409
1290.9665623951935,1.556671551238389
1291.0665623951934,1.5554601404457478
1291.1665623951933,1.5541819131679708
1291.2665623951932,1.552838218169094
1291.3665623951931,1.5514304552328264
1291.466562395193,1.5499600731043954
1291.566562395193,1.5484285673710794
1291.6665623951928,1.5468374782857777
1291.7665623951928,1.5451883885380486
1291.8665623951927,1.5434829209771377
1291.9665623951926,1.5417227362915769
1292.0665623951925,1.5399095306500041
1292.1665623951924,1.538045033307885
1292.2665623951923,1.5361310041848646
1292.3665623951922,1.5341692314174882
1292.466562395192,1.532161528892046
1292.566562395192,1.5301097337622933
1292.666562395192,1.528015703956781
1292.7665623951918,1.5258813156805098
1292.8665623951917,1.5237084609155809
1292.9665623951917,1.5214990449254742
1293.0665623951916,1.5192549837675178
1293.1665623951915,1.5169782018180515
1293.2665623951914,1.5146706293147025
1293.3665623951913,1.5123341999201037
1293.4665623951912,1.5099708483112877
1293.566562395191,1.5075825077988783
1293.666562395191,1.5051711079800851
1293.766562395191,1.5027385724293871
1293.8665623951908,1.5002868164306453
1293.9665623951907,1.4978177447542618
1294.0665623951907,1.4953332494828386
1294.1665623951906,1.4928352078886475
1294.2665623951905,1.4903254803660522
1294.3665623951904,1.4878059084218747
1294.4665623951903,1.4852783127265068
1294.5665623951902,1.4827444912284147
1294.66656239519,1.4802062173344923
1294.76656239519,1.4776652381585418
1294.86656239519,1.475123272839984
1294.9665623951898,1.4725820109346988
1295.0665623951897,1.4700431108797307
1295.1665623951897,1.4675081985333835
1295.2665623951896,1.4649788657920562
1295.3665623951895,1.4624566692849794
1295.4665623951894,1.4599431291478164
1295.5665623951893,1.457439727875916
1295.6665623951892,1.4549479092578146
1295.766562395189,1.4524690773894007
1295.866562395189,1.4500045957689742
1295.966562395189,1.447555786473261
1296.0665623951888,1.4451239294142606
1296.1665623951887,1.4427102616766385
1296.2665623951887,1.4403159769352132
1296.3665623951886,1.4379422249519132
1296.4665623951885,1.4355901111514389
1296.5665623951884,1.4332606962746994
1296.6665623951883,1.4309549961089567
1296.7665623951882,1.428673981293465
1296.866562395188,1.4264185771992617
1296.966562395188,1.4241896638816378
1297.066562395188,1.4219880761036947
1297.1665623951878,1.4198146034292796
1297.2665623951877,1.4176699903834846
1297.3665623951877,1.4155549366787954
1297.4665623951876,1.4134700975048775
1297.5665623951875,1.4114160838799097
1297.6665623951874,1.4093934630612872
1297.7665623951873,1.4074027590134488
1297.8665623951872,1.405444452930523
1297.966562395187,1.4035189838114182
1298.066562395187,1.4016267490849492
1298.166562395187,1.399768105282534
1298.2665623951868,1.3979433687559675
1298.3665623951867,1.3961528164377541
1298.4665623951867,1.3943966866414457
1298.5665623951866,1.3926751798994341
1298.6665623951865,1.3909884598356264
1298.7665623951864,1.3893366540704326
1298.8665623951863,1.3877198551555077
1298.9665623951862,1.3861381215356876
1299.066562395186,1.384591478535587
1299.166562395186,1.3830799193683434
1299.266562395186,1.3816034061640208
1299.3665623951858,1.3801618710152204
1299.4665623951857,1.3787552170374833
1299.5665623951857,1.3773833194421115
1299.6665623951856,1.3760460266190835
1299.7665623951855,1.3747431612277905
1299.8665623951854,1.3734745212933746
1299.9665623951853,1.3722398813065082
1300.0665623951852,1.3710389933245197
1300.166562395185,1.3698715880718337
1300.266562395185,1.3687373760377581
1300.366562395185,1.367636048569732
1300.4665623951848,1.3665672789602081
1300.5665623951847,1.3655307235254284
1300.6665623951847,1.3645260226744231
1300.7665623951846,1.3635528019666454
1300.8665623951845,1.3626106731567262
1300.9665623951844,1.3616992352249213
1301.0665623951843,1.360818075391902
1301.1665623951842,1.3599667701166167
1301.266562395184,1.3591448860760384
1301.366562395184,1.358351981125692
1301.466562395184,1.3575876052399358
1301.5665623951838,1.3568513014310524
1301.6665623951837,1.356142606646285
1301.7665623951837,1.3554610526420356
1301.8665623951836,1.354806166834513
1301.9665623951835,1.3541774731262035
1302.0665623951834,1.3535744927076103
1302.1665623951833,1.3529967448337739
1302.2665623951832,1.3524437475751707
1302.366562395183,1.3519150185426487
1302.466562395183,1.351410075586124
1302.566562395183,1.3509284374668442
1302.6665623951828,1.3504696245030676
1302.7665623951827,1.3500331591890875
1302.8665623951827,1.3496185667875773
1302.9665623951826,1.3492253758952995
1303.0665623951825,1.348853118982266
1303.1665623951824,1.3485013329045006
1303.2665623951823,1.348169559390595
1303.3665623951822,1.3478573455023017
1303.466562395182,1.3475642440694495
1303.566562395182,1.3472898140995122
1303.666562395182,1.3470336211621958
1303.7665623951818,1.346795237749451
1303.8665623951817,1.3465742436113486
1303.9665623951817,1.3463702260682897
1304.0665623951816,1.3461827803000486
1304.1665623951815,1.3460115096121745
1304.2665623951814,1.3458560256803047
1304.3665623951813,1.3457159487729573
1304.4665623951812,1.345590907953398
1304.566562395181,1.3454805412611863
1304.666562395181,1.3453844958740262
1304.766562395181,1.3453024282505552
1304.8665623951808,1.3452340042547166
1304.9665623951807,1.3451788992623719
1305.0665623951807,1.3451367982508102
1305.1665623951806,1.3451073958718216
1305.2665623951805,1.345090396509001
1305.3665623951804,1.3450855143199503
1305.4665623951803,1.3450924732640464
1305.5665623951802,1.3451110071164405
1305.66656239518,1.3451408594689485
1305.76656239518,1.3451817837184885
1305.86656239518,1.3452335430437146
1305.9665623951798,1.345295910370488
1306.0665623951797,1.345368668326815
1306.1665623951797,1.3454516091878779
1306.2665623951796,1.3455445348117643
1306.3665623951795,1.3456472565664965
1306.4665623951794,1.345759595248945
1306.5665623951793,1.3458813809961958
1306.6665623951792,1.3460124531899336
1306.766562395179,1.346152660354377
1306.866562395179,1.346301860048296
1306.966562395179,1.3464599187516215
1307.0665623951788,1.3466267117471382
1307.1665623951787,1.3468021229977425
1307.2665623951787,1.3469860450197209
1307.3665623951786,1.3471783787524956
1307.4665623951785,1.347379033425258
1307.5665623951784,1.3475879264209023
1307.6665623951783,1.3478049831376473
1307.7665623951782,1.3480301368487164
1307.866562395178,1.348263328560438
1307.966562395178,1.3485045068690926
1308.066562395178,1.3487536278168404
1308.1665623951778,1.349010654747018
1308.2665623951777,1.349275558159103
1308.3665623951777,1.3495483155636072
1308.4665623951776,1.349828911337156
1308.5665623951775,1.350117336577988
1308.6665623951774,1.3504135889620978
1308.7665623951773,1.350717672600228
1308.8665623951772,1.351029597895898
1308.966562395177,1.3513493814046493
1309.066562395177,1.3516770456946663
1309.166562395177,1.3520126192089221
1309.2665623951768,1.3523561361289826
1309.3665623951767,1.352707636240591
1309.4665623951767,1.353067164801143
1309.5665623951766,1.3534347724091464
1309.6665623951765,1.353810514875755
1309.7665623951764,1.3541944530984482
1309.8665623951763,1.3545866529369202
1309.9665623951762,1.3549871850912347
1310.066562395176,1.3553961249822881
1310.166562395176,1.3558135526346127
1310.266562395176,1.3562395525615536
1310.3665623951758,1.3566742136528285
1310.4665623951757,1.3571176290644877
1310.5665623951757,1.3575698961112714
1310.6665623951756,1.358031116161364
1310.7665623951755,1.358501394533533
1310.8665623951754,1.358980840396633
1310.9665623951753,1.3594695666714598
1311.0665623951752,1.359967689934917
1311.166562395175,1.360475330326469
1311.266562395175,1.3609926114568431
1311.366562395175,1.3615196603189343
1311.4665623951748,1.3620566072008726
1311.5665623951747,1.3626035856012015
1311.6665623951747,1.3631607321461185
1311.7665623951746,1.3637281865087179
1311.8665623951745,1.364306091330184
1311.9665623951744,1.3648945921428741
1312.0665623951743,1.3654938372952268
1312.1665623951742,1.3661039778784356
1312.266562395174,1.3667251676548249
1312.366562395174,1.3673575629878563
1312.466562395174,1.3680013227737065
1312.5665623951738,1.368656608374343
1312.6665623951737,1.3693235835520337
1312.7665623951737,1.3700024144052192
1312.8665623951736,1.3706932693056824
1312.9665623951735,1.3713963188369434
1313.0665623951734,1.3721117357338133
1313.1665623951733,1.37283969482304
1313.2665623951732,1.3735803729649736
1313.366562395173,1.3743339489961914
1313.466562395173,1.3751006036730073
1313.566562395173,1.3758805196158086
1313.6665623951728,1.376673881254149
1313.7665623951727,1.377480874772537
1313.8665623951727,1.378301688056854
1313.9665623951726,1.3791365106413467
1314.0665623951725,1.3799855336561238
1314.1665623951724,1.380848949775106
1314.2665623951723,1.3817269531643668
1314.3665623951722,1.382619739430809
1314.466562395172,1.383527505571122
1314.566562395172,1.384450449920963
1314.666562395172,1.3853887721043154
1314.7665623951718,1.386342672982967
1314.8665623951717,1.3873123546060653
1314.9665623951716,1.3882980201596937
1315.0665623951716,1.3892998739164322
1315.1665623951715,1.390318121184849
1315.2665623951714,1.3913529682588854
1315.3665623951713,1.3924046223670898
1315.4665623951712,1.39347329162166
1315.566562395171,1.394559184967259
1315.666562395171,1.3956625121295623
1315.766562395171,1.3967834835635058
1315.8665623951708,1.3979223104011949
1315.9665623951707,1.3990792043994498
1316.0665623951706,1.4002543778869483
1316.1665623951706,1.4014480437109427
1316.2665623951705,1.4026604151835174
1316.3665623951704,1.403891706027368
1316.4665623951703,1.4051421303210674
1316.5665623951702,1.4064119024438042
1316.66656239517,1.4077012370195652
1316.76656239517,1.4090103488607437
1316.86656239517,1.4103394529111535
1316.9665623951698,1.4116887641884293
1317.0665623951697,1.4130584977258005
1317.1665623951696,1.4144488685132177
1317.2665623951696,1.4158600914378199
1317.3665623951695,1.4172923812237317
1317.4665623951694,1.4187459523711743
1317.5665623951693,1.420221019094883
1317.6665623951692,1.4217177952618214
1317.766562395169,1.4232364943281812
1317.866562395169,1.424777329275666
1317.966562395169,1.4263405125470472
1318.0665623951688,1.4279262559809915
1318.1665623951687,1.4295347707461543
1318.2665623951686,1.4311662672745373
1318.3665623951686,1.4328209551941078
1318.4665623951685,1.4344990432606792
1318.5665623951684,1.436200739289056
1318.6665623951683,1.4379262500834378
1318.7665623951682,1.4396757813670948
1318.866562395168,1.4414495377113097
1318.966562395168,1.443247722463592
1319.066562395168,1.4450705376751765
1319.1665623951678,1.4469181840278025
1319.2665623951677,1.448790860759788
1319.3665623951676,1.4506887655914045
1319.4665623951676,1.4526120946495613
1319.5665623951675,1.4545610423918087
1319.6665623951674,1.456535801529673
1319.7665623951673,1.4585365629513305
1319.8665623951672,1.4605635156436392
1319.966562395167,1.4626168466135345
1320.066562395167,1.4646967408088079
1320.166562395167,1.46680338103828
1320.2665623951668,1.4689369478913885
1320.3665623951667,1.4710976196571988
1320.4665623951666,1.4732855722428653
1320.5665623951666,1.4755009790915494
1320.6665623951665,1.4777440110998254
1320.7665623951664,1.4800148365345813
1320.8665623951663,1.482313620949443
1320.9665623951662,1.4846405271007406
1321.066562395166,1.486995714863036
1321.166562395166,1.4893793411442362
1321.266562395166,1.491791559800314
1321.3665623951658,1.4942325215496617
1321.4665623951657,1.4967023738870977
1321.5665623951656,1.4992012609975556
1321.6665623951656,1.501729323669478
1321.7665623951655,1.5042866992079431
1321.8665623951654,1.5068735213475484
1321.9665623951653,1.5094899201650815
1322.0665623951652,1.5121360219920055
1322.166562395165,1.5148119493267846
1322.266562395165,1.5175178207470836
1322.366562395165,1.5202537508218668
1322.4665623951648,1.523019850023429
1322.5665623951647,1.5258162246393918
1322.6665623951646,1.528642976684687
1322.7665623951646,1.5315002038135725
1322.8665623951645,1.534387999231703
1322.9665623951644,1.5373064516082922
1323.0665623951643,1.5402556449883984
1323.1665623951642,1.5432356587053724
1323.266562395164,1.5462465672934935
1323.366562395164,1.5492884404008367
1323.466562395164,1.5523613427024023
1323.5665623951638,1.5554653338135436
1323.6665623951637,1.5586004682037318
1323.7665623951636,1.561766795110691
1323.8665623951636,1.564964358454944
1323.9665623951635,1.5681931967548026
1324.0665623951634,1.5714533430418465
1324.1665623951633,1.5747448247769193
1324.2665623951632,1.5780676637666915
1324.366562395163,1.5814218760808203
1324.466562395163,1.5848074719697516
1324.566562395163,1.588224455783199
1324.6665623951628,1.591672825889346
1324.7665623951627,1.5951525745948034
1324.8665623951626,1.598663688065371
1324.9665623951626,1.6022061462476387
1325.0665623951625,1.6057799227914695
1325.1665623951624,1.6093849849734088
1325.2665623951623,1.6130212936210548
1325.3665623951622,1.6166888030384405
1325.466562395162,1.620387460932462
1325.566562395162,1.6241172083403992
1325.666562395162,1.62787797955857
1325.7665623951618,1.631669702072163
1325.8665623951617,1.635492296486286
1325.9665623951616,1.6393456764582774
1326.0665623951616,1.6432297486313283
1326.1665623951615,1.6471444125694432
1326.2665623951614,1.6510895606938014
1326.3665623951613,1.655065078220547
1326.4665623951612,1.6590708431000616
1326.566562395161,1.6631067259577565
1326.666562395161,1.6671725900364311
1326.766562395161,1.6712682911402406
1326.8665623951608,1.6753936775803164
1326.9665623951607,1.6795485901220832
1327.0665623951606,1.6837328619343166
1327.1665623951606,1.687946318539983
1327.2665623951605,1.6921887777689102
1327.3665623951604,1.696460049712326
1327.4665623951603,1.7007599366793147
1327.5665623951602,1.7050882331552315
1327.66656239516,1.7094447257621166
1327.76656239516,1.7138291932211611
1327.86656239516,1.7182414063172566
1327.9665623951598,1.7226811278656804
1328.0665623951597,1.7271481126809576
1328.1665623951596,1.7316421075479411
1328.2665623951596,1.7361628511951561
1328.3665623951595,1.7407100742704504
1328.4665623951594,1.7452834993189938
1328.5665623951593,1.7498828407636697
1328.6665623951592,1.7545078048879015
1328.766562395159,1.7591580898209593
1328.866562395159,1.7638333855257855
1328.966562395159,1.7685333737893831
1329.0665623951588,1.773257728215814
1329.1665623951587,1.7780061142218413
1329.2665623951586,1.782778189035267
1329.3665623951586,1.7875736016959993
1329.4665623951585,1.7923919930598984
1329.5665623951584,1.7972329958054396
1329.6665623951583,1.8020962344432352
1329.7665623951582,1.80698132532846
1329.866562395158,1.8118878766762183
1329.966562395158,1.8168154885799024
1330.066562395158,1.8217637530325699
1330.1665623951578,1.8267322539514002
1330.2665623951577,1.8317205672052546
1330.3665623951576,1.8367282606453945
1330.4665623951576,1.841754894139393
1330.5665623951575,1.8468000196082803
1330.6665623951574,1.8518631810669712
1330.7665623951573,1.8569439146680105
1330.8665623951572,1.8620417487486798
1330.966562395157,1.8671562038815073
1331.066562395157,1.8722867929282223
1331.166562395157,1.8774330210971992
1331.2665623951568,1.8825943860044236
1331.3665623951567,1.8877703777380344
1331.4665623951566,1.8929604789264742
1331.5665623951566,1.8981641648102954
1331.6665623951565,1.9033809033176592
1331.7665623951564,1.9086101551435743
1331.8665623951563,1.9138513738329153
1331.9665623951562,1.9191040058672582
1332.066562395156,1.9243674907555857
1332.166562395156,1.9296412611288916
1332.266562395156,1.9349247428387373
1332.3665623951558,1.9402173550597954
1332.4665623951557,1.945518510396424
1332.5665623951556,1.9508276149933184
1332.6665623951556,1.956144068650274
1332.7665623951555,1.9614672649411093
1332.8665623951554,1.9667965913367884
1332.9665623951553,1.9721314293327825
1333.0665623951552,1.9774711545807182
1333.166562395155,1.9828151370243443
1333.266562395155,1.9881627410398695
1333.366562395155,1.9935133255807034
1333.4665623951548,1.9988662443266454
1333.5665623951547,2.004220845837559
1333.6665623951546,2.009576473711577
1333.7665623951546,2.014932466747867
1333.8665623951545,2.020288159114007
1333.9665623951544,2.025642880518002
1334.0665623951543,2.0309959563849773
1334.1665623951542,2.0363467080385957
1334.266562395154,2.0416944528872185
1334.366562395154,2.047038504614857
1334.466562395154,2.052378173376945
1334.5665623951538,2.0577127660009555
1334.6665623951537,2.0630415861919102
1334.7665623951536,2.068363934742786
1334.8665623951536,2.0736791097498726
1334.9665623951535,2.078986406833082
1335.0665623951534,2.084285119361251
1335.1665623951533,2.0895745386824456
1335.2665623951532,2.0948539543592952
1335.366562395153,2.1001226544093643
1335.466562395153,2.1053799255505776
1335.566562395153,2.110625053451712
1335.6665623951528,2.1158573229879556
1335.7665623951527,2.121076018501542
1335.8665623951526,2.1262804240674535
1335.9665623951526,2.1314698237641965
1336.0665623951525,2.1366435019496306
1336.1665623951524,2.141800743541844
1336.2665623951523,2.1469408343050516
1336.3665623951522,2.1520630611404985
1336.466562395152,2.157166712382331
1336.566562395152,2.1622510780984063
1336.666562395152,2.1673154503959964
1336.7665623951518,2.1723591237323334
1336.8665623951517,2.177381395229956
1336.9665623951516,2.182381564996775
1337.0665623951515,2.187358936450802
1337.1665623951515,2.1923128166494594
1337.2665623951514,2.1972425166233807
1337.3665623951513,2.202147351714619
1337.4665623951512,2.2070266419191373
1337.566562395151,2.211879712233492
1337.666562395151,2.2167058930055683
1337.766562395151,2.221504520289237
1337.8665623951508,2.2262749362027945
1337.9665623951507,2.2310164892910196
1338.0665623951506,2.2357285348906872
1338.1665623951505,2.2404104354993573
1338.2665623951505,2.2450615611472413
1338.3665623951504,2.249681289771953
1338.4665623951503,2.2542690075959104
1338.5665623951502,2.258824109506172
1338.66656239515,2.263345999436447
1338.76656239515,2.2678340907510357
1338.86656239515,2.272287806630407
1338.9665623951498,2.2767065804581383
1339.0665623951497,2.2810898562089053
1339.1665623951496,2.2854370888372015
1339.2665623951495,2.2897477446664514
1339.3665623951495,2.2940213017781614
1339.4665623951494,2.2982572504007472
1339.5665623951493,2.3024550932976364
1339.6665623951492,2.306614346154258
1339.766562395149,2.310734537963488
1339.866562395149,2.3148152114091185
1339.966562395149,2.318855923246894
1340.0665623951488,2.3228562446826366
1340.1665623951487,2.326815761746981
1340.2665623951486,2.330734075666201
1340.3665623951485,2.3346108032286113
1340.4665623951485,2.338445577145989
1340.5665623951484,2.3422380464094745
1340.6665623951483,2.3459878766393576
1340.7665623951482,2.3496947504281582
1340.866562395148,2.3533583676764076
1340.966562395148,2.3569784459204803
1341.066562395148,2.360554720651849
1341.1665623951478,2.3640869456271036
1341.2665623951477,2.3675748931680634
1341.3665623951476,2.3710183544512864
1341.4665623951475,2.3744171397862894
1341.5665623951475,2.377771078881757
1341.6665623951474,2.3810800210990184
1341.7665623951473,2.3843438356920554
1341.8665623951472,2.387562412033293
1341.966562395147,2.390735659824421
1342.066562395147,2.3938635092914824
1342.166562395147,2.3969459113634466
1342.2665623951468,2.3999828378335115
1342.3665623951467,2.402974281502331
1342.4665623951466,2.4059202563024
1342.5665623951465,2.4088207974027913
1342.6665623951465,2.4116759612934824
1342.7665623951464,2.4144858258484607
1342.8665623951463,2.417250490366837
1342.9665623951462,2.4199700755911895
1343.066562395146,2.4226447237023567
1343.166562395146,2.4252745982899264
1343.266562395146,2.427859884297651
1343.3665623951458,2.430400787943066
1343.4665623951457,2.432897536610561
1343.5665623951456,2.435350378717213
1343.6665623951455,2.437759583550668
1343.7665623951455,2.440125441078413
1343.8665623951454,2.442448261727776
1343.9665623951453,2.444728376136033
1344.0665623951452,2.4469661348700225
1344.166562395145,2.4491619081147027
1344.266562395145,2.4513160853300997
1344.366562395145,2.4534290748761647
1344.4665623951448,2.4555013036050575
1344.5665623951447,2.457533216420437
1344.6665623951446,2.459525275803373
1344.7665623951445,2.461477961304544
1344.8665623951445,2.463391769002408
1344.9665623951444,2.465267210927136
1345.0665623951443,2.4671048144500762
1345.1665623951442,2.468905121638638
1345.266562395144,2.470668688576504
1345.366562395144,2.472396084649139
1345.466562395144,2.4740878917946425
1345.5665623951438,2.475744703720041
1345.6665623951437,2.4773671250831817
1345.7665623951436,2.4789557706404652
1345.8665623951435,2.4805112643607155
1345.9665623951435,2.4820342385055576
1346.0665623951434,2.483525332676754
1346.1665623951433,2.484985192831016
1346.2665623951432,2.486414470262888
1346.366562395143,2.487813820556376
1346.466562395143,2.489183902506076
1346.566562395143,2.4905253770086357
1346.6665623951428,2.4917797640782533
1346.7665623951427,2.492836704224703
1346.8665623951426,2.493694466812104
1346.9665623951425,2.4943540311118007
1347.0665623951425,2.4948165102543802
1347.1665623951424,2.4950831494609185
1347.2665623951423,2.495155324102371
1347.3665623951422,2.495034537589553
1347.466562395142,2.4947224190964716
1347.566562395142,2.494220721120056
1347.666562395142,2.4935313168796416
1347.7665623951418,2.4926561975598363
1347.8665623951417,2.491597469400696
1347.9665623951416,2.4903573506394188
1348.0665623951415,2.4889381683080227
1348.1665623951415,2.4873423548917613
1348.2665623951414,2.4855724448532834
1348.3665623951413,2.4836310710277845
1348.4665623951412,2.481520960894666
1348.566562395141,2.4792449327314277
1348.666562395141,2.476805891655769
1348.766562395141,2.4742068255620664
1348.8665623951408,2.4714508009586242
1348.9665623951407,2.468540958712267
1349.0665623951406,2.465480509707049
1349.1665623951405,2.4622727304240044
1349.2665623951405,2.4589209584490366
1349.3665623951404,2.455428587916183
1349.4665623951403,2.4517990648936303
1349.5665623951402,2.448035882719968
1349.66656239514,2.4441425772982805
1349.76656239514,2.44012272235576
1349.86656239514,2.435979924676613
1349.9665623951398,2.431717819316083
1350.0665623951397,2.42734006480346
1350.1665623951396,2.4228503383419966
1350.2665623951395,2.418252331013637
1350.3665623951395,2.4135497429964947
1350.4665623951394,2.4087462788029947
1350.5665623951393,2.4038456425465444
1350.6665623951392,2.398851533244587
1350.766562395139,2.393767640165807
1350.866562395139,2.388597638229184
1350.966562395139,2.383345183462512
1351.0665623951388,2.3780139085278735
1351.1665623951387,2.372607418321463
1351.2665623951386,2.36712928565499
1351.3665623951385,2.3615830470257584
1351.4665623951385,2.3559721984823474
1351.5665623951384,2.3503001915926376
1351.6665623951383,2.3445704295207315
1351.7665623951382,2.338786263219114
1351.866562395138,2.332950987742172
1351.966562395138,2.3270678386869657
1352.066562395138,2.3211399887668893
1352.1665623951378,2.3151705445236104
1352.2665623951377,2.3091625431824045
1352.3665623951376,2.303118949655722
1352.4665623951375,2.297042653699534
1352.5665623951375,2.2909364672267083
1352.6665623951374,2.284803121781358
1352.7665623951373,2.278645266177784
1352.8665623951372,2.2724654643073183
1352.966562395137,2.266266193116037
1353.066562395137,2.260049840755978
1353.166562395137,2.2538187049121596
1353.2665623951368,2.247574991307336
1353.3665623951367,2.241320812386107
1353.4665623951366,2.2350581861795944
1353.5665623951365,2.228789035351599
1353.6665623951365,2.22251518642675
1353.7665623951364,2.21623836920082
1353.8665623951363,2.2099602163330196
1353.9665623951362,2.2036822631197257
1354.066562395136,2.197405947448736
1354.166562395136,2.191132609932799
1354.266562395136,2.184863494220812
1354.3665623951358,2.1785997474847325
1354.4665623951357,2.1723424210799127
1354.5665623951356,2.1660924713762215
1354.6665623951355,2.1598507607569974
1354.7665623951355,2.153618058782551
1354.8665623951354,2.1473950435146154
1354.9665623951353,2.1411823029978425
1355.0665623951352,2.134980336894145
1355.166562395135,2.128789558265396
1355.266562395135,2.122610295499716
1355.366562395135,2.1164427943763267
1355.4665623951348,2.1102872202636735
1355.5665623951347,2.104143660445305
1355.6665623951346,2.098012126567742
1355.7665623951345,2.091892557204371
1355.8665623951345,2.0857848205291956
1355.9665623951344,2.0796887170940748
1356.0665623951343,2.0736039827029265
1356.1665623951342,2.0675302913762033
1356.266562395134,2.061467258398806
1356.366562395134,2.055414443444482
1356.466562395134,2.049371353769636
1356.5665623951338,2.043337447469389
1356.6665623951337,2.037312136788646
1356.7665623951336,2.0312947914808683
1356.8665623951335,2.025284742207198
1356.9665623951335,2.0192812839685583
1357.0665623951334,2.0132836795633424
1357.1665623951333,2.0072911630632966
1357.2665623951332,2.0013029433002405
1357.366562395133,1.9953182073562883
1357.466562395133,1.9893361240502978
1357.566562395133,1.9833558474133421
1357.6665623951328,1.9773765201460727
1357.7665623951327,1.9713972770509651
1357.8665623951326,1.9654172484325265
1357.9665623951325,1.9594355634586926
1358.0665623951325,1.953451353476783
1358.1665623951324,1.9474637552775338
1358.2665623951323,1.9414719143009065
1358.3665623951322,1.9354749877775526
1358.466562395132,1.9294721478000116
1358.566562395132,1.9234625843179267
1358.666562395132,1.9174455080517854
1358.7665623951318,1.9114201533199195
1358.8665623951317,1.9053857807737442
1358.9665623951316,1.899341680036461
1359.0665623951315,1.8932871722407114
1359.1665623951315,1.887221612460932
1359.2665623951314,1.8811443920364423
1359.3665623951313,1.8750549407815664
1359.4665623951312,1.8689554998806397
1359.566562395131,1.8629187564237892
1359.666562395131,1.8569766671753152
1359.766562395131,1.8511286686884652
1359.8665623951308,1.8453741488168065
1359.9665623951307,1.8397124485428071
1360.0665623951306,1.8341428638059778
1360.1665623951305,1.8286646473283599
1360.2665623951304,1.8232770104352034
1360.3665623951304,1.8179791248687427
1360.4665623951303,1.8127701245930448
1360.5665623951302,1.80764910758798
1360.66656239513,1.8026151376304211
1360.76656239513,1.7976672460608665
1360.86656239513,1.7928044335337279
1360.9665623951298,1.7880256717496303
1361.0665623951297,1.783329905168109
1361.1665623951296,1.77871605269919
1361.2665623951295,1.7741830093723994
1361.3665623951294,1.7697296479818232
1361.4665623951294,1.7653548207059204
1361.5665623951293,1.7610573607008586
1361.6665623951292,1.7568360836662134
1361.766562395129,1.7526897893819613
1361.866562395129,1.7486172632157493
1361.966562395129,1.7446172775995104
1362.0665623951288,1.7406885934745626
1362.1665623951287,1.7368299617043972
1362.2665623951286,1.7330401244544367
1362.3665623951285,1.7293178165381078
1362.4665623951284,1.7256617667286485
1362.5665623951284,1.7220706990361248
1362.6665623951283,1.7185433339492142
1362.7665623951282,1.7150783896413593
1362.866562395128,1.7116745831409728
1362.966562395128,1.7083306314654254
1363.066562395128,1.7050452527186168
1363.1665623951278,1.701817167151981
1363.2665623951277,1.698645098188837
1363.3665623951276,1.6955277734120509
1363.4665623951275,1.6924639255150278
1363.5665623951274,1.6894522932161014
1363.6665623951274,1.6864916221364417
1363.7665623951273,1.6835806656416465
1363.8665623951272,1.6807181856472289
1363.966562395127,1.6779029533882546
1364.066562395127,1.6751337501534296
1364.166562395127,1.6724093679839724
1364.2665623951268,1.669728610337648
1364.3665623951267,1.667090292718373
1364.4665623951266,1.664493243271839
1364.5665623951265,1.6619363033476295
1364.6665623951264,1.6594183280283406
1364.7665623951264,1.6569381866262378
1364.8665623951263,1.6544947631480151
1364.9665623951262,1.6520869567282392
1365.066562395126,1.6497136820320935
1365.166562395126,1.6473738696280469
1365.266562395126,1.645066466331102
1365.3665623951258,1.6427904355172869
1365.4665623951257,1.6405447574100727
1365.5665623951256,1.6383284293394178
1365.6665623951255,1.6361404659741425
1365.7665623951254,1.6339798995283576
1365.8665623951254,1.6318457799426753
1365.9665623951253,1.6297371750409355
1366.0665623951252,1.627653170663196
1366.166562395125,1.6255928707757308
1366.266562395125,1.6235553975587846
1366.366562395125,1.6215398914728436
1366.4665623951248,1.619545511304167
1366.5665623951247,1.617571434190341
1366.6665623951246,1.615616855626599
1366.7665623951245,1.6136809894536621
1366.8665623951244,1.6117630678278387
1366.9665623951244,1.60986234117413
1367.0665623951243,1.6079780781230664
1367.1665623951242,1.606109565432007
1367.266562395124,1.6042561078916204
1367.366562395124,1.6024170282182526
1367.466562395124,1.6005916669328895
1367.5665623951238,1.5987793822273972
1367.6665623951237,1.5969795498187254
1367.7665623951236,1.5951915627917381
1367.8665623951235,1.593414831431332
1367.9665623951234,1.5916487830444788
1368.0665623951234,1.5898928617728316
1368.1665623951233,1.5881465283965022
1368.2665623951232,1.5864092601296185
1368.366562395123,1.5846805504082493
1368.466562395123,1.5829599086712671
1368.566562395123,1.581246860134712
1368.6665623951228,1.5795409455601968
1368.7665623951227,1.5778417210178828
1368.8665623951226,1.5761487576445399
1368.9665623951225,1.574461641397185
1369.0665623951224,1.572779972802782
1369.1665623951224,1.5711033667044694
1369.2665623951223,1.5694314520047605
1369.3665623951222,1.5677638714061533
1369.466562395122,1.566100281149568
1369.566562395122,1.564440350751008
1369.666562395122,1.5627837627368395
1369.7665623951218,1.561130212378048
1369.8665623951217,1.5594794074238378
1369.9665623951216,1.5578310678349057
1370.0665623951215,1.5561849255167166
1370.1665623951214,1.5545407240530889
1370.2665623951214,1.5528982184403817
1370.3665623951213,1.5512571748225694
1370.4665623951212,1.5496173702274603
1370.566562395121,1.5479785923043172
1370.666562395121,1.5463406390631143
1370.766562395121,1.544703318615653
1370.8665623951208,1.5430664489187507
1370.9665623951207,1.5414298575196947
1371.0665623951206,1.539793381304151
1371.1665623951205,1.5381568662466978
1371.2665623951204,1.5365201671641433
1371.3665623951204,1.53488314747178
1371.4665623951203,1.5332456789427082
1371.5665623951202,1.5316076414703608
1371.66656239512,1.5299689228343387
1371.76656239512,1.5283294184696679
1371.86656239512,1.5266890312395702
1371.9665623951198,1.5250476712118353
1372.0665623951197,1.5234052554388697
1372.1665623951196,1.521761707741491
1372.2665623951195,1.520116958496526
1372.3665623951194,1.5184709444282634
1372.4665623951194,1.5168236084038056
1372.5665623951193,1.5151748992323522
1372.6665623951192,1.513524771468447
1372.766562395119,1.5118731852192053
1372.866562395119,1.5102201059555407
1372.966562395119,1.5085655043273982
1373.0665623951188,1.5069093559829936
1373.1665623951187,1.5052516413920598
1373.2665623951186,1.5035923456730915
1373.3665623951185,1.5019314584245709
1373.4665623951184,1.5002689735601602
1373.5665623951184,1.4986048891478374
1373.6665623951183,1.4969392072529462
1373.7665623951182,1.4952719337851337
1373.866562395118,1.4936030783491365
1373.966562395118,1.4919326540993822
1374.066562395118,1.4902606775983607
1374.1665623951178,1.4885871686787258
1374.2665623951177,1.4869121503090765
1374.3665623951176,1.4852356484633744
1374.4665623951175,1.483557691993938
1374.5665623951174,1.4818783125079695
1374.6665623951174,1.4801975442475521
1374.7665623951173,1.4785154239730645
1374.8665623951172,1.4768319908499534
1374.966562395117,1.4751472863388049
1375.066562395117,1.4734613540886534
1375.166562395117,1.4717742398334661
1375.2665623951168,1.4700859912917434
1375.3665623951167,1.4683966580691679
1375.4665623951166,1.4667062915642415
1375.5665623951165,1.4650149448768468
1375.6665623951164,1.4633226727196647
1375.7665623951164,1.4616295313323897
1375.8665623951163,1.4599355783986732
1375.9665623951162,1.4582408729657335
1376.066562395116,1.4565454753665663
1376.166562395116,1.4548494471446953
1376.266562395116,1.4531528509813934
1376.3665623951158,1.4514557506253178
1376.4665623951157,1.4497582108244929
1376.5665623951156,1.448060297260577
1376.6665623951155,1.4463620764853573
1376.7665623951154,1.4446636158594082
1376.8665623951154,1.4429649834928509
1376.9665623951153,1.4412662481881626
1377.0665623951152,1.4395674793849693
1377.166562395115,1.4378687471067697
1377.266562395115,1.436170121909531
1377.366562395115,1.4344716748321031
1377.4665623951148,1.4327734773483958
1377.5665623951147,1.4310756013212655
1377.6665623951146,1.4293781189580588
1377.7665623951145,1.427681102767762
1377.8665623951144,1.4259846255197084
1377.9665623951144,1.4242887602037873
1378.0665623951143,1.4225935799921177
1378.1665623951142,1.4208991582021275
1378.266562395114,1.4192055682610036
1378.366562395114,1.417512883671459
1378.466562395114,1.4158211779787795
1378.5665623951138,1.4141305247391054
1378.6665623951137,1.4124409974889058
1378.7665623951136,1.4107526697156074
1378.8665623951135,1.4090656148293366
1378.9665623951134,1.407379906135739
1379.0665623951134,1.4056956168098382
1379.1665623951133,1.4040128198708968
1379.2665623951132,1.4023315881582477
1379.366562395113,1.4006519943080598
1379.466562395113,1.3989741107310063
1379.566562395113,1.3972980095908025
1379.6665623951128,1.3956237627835852
1379.7665623951127,1.3939514419181007
1379.8665623951126,1.3922811182966761
1379.9665623951125,1.3906128628969414
1380.0665623951124,1.388946746354283
1380.1665623951124,1.387282838944992
1380.2665623951123,1.3856212105700947
1380.3665623951122,1.383961930739829
1380.466562395112,1.382305068558754
1380.566562395112,1.3806506927114617
1380.666562395112,1.3789988714488741
1380.7665623951118,1.377349672575105
1380.8665623951117,1.3757031634348613
1380.9665623951116,1.3740594109013713
1381.0665623951115,1.3724184813648155
1381.1665623951114,1.3707804407212463
1381.2665623951114,1.3691453543619754
1381.3665623951113,1.3675132871634164
1381.4665623951112,1.3658843034773607
1381.566562395111,1.3642584671216804
1381.666562395111,1.362635841371433
1381.766562395111,1.3610164889503622
1381.8665623951108,1.359400472022775
1381.9665623951107,1.357787852185788
1382.0665623951106,1.356178690461924
1382.1665623951105,1.3545730472920519
1382.2665623951104,1.352970982528656
1382.3665623951103,1.3513725554294245
1382.4665623951103,1.3497778246511443
1382.5665623951102,1.3481868482438963
1382.66656239511,1.3465996836455372
1382.76656239511,1.3450163876764605
1382.86656239511,1.343437016534628
1382.9665623951098,1.341861625790862
1383.0665623951097,1.3402902703843897
1383.1665623951096,1.3387230046186351
1383.2665623951095,1.3371598821572455
1383.3665623951094,1.3356009560203514
1383.4665623951093,1.3340462785810474
1383.5665623951093,1.332495901562091
1383.6665623951092,1.330949876032811
1383.766562395109,1.3294082524062225
1383.866562395109,1.3278710804363367
1383.966562395109,1.3263384092156671
1384.0665623951088,1.3248102871729208
1384.1665623951087,1.3232867620708728
1384.2665623951086,1.321767881004419
1384.3665623951085,1.3202536903988003
1384.4665623951084,1.318744236007995
1384.5665623951083,1.3172395629132765
1384.6665623951083,1.3157397155219288
1384.7665623951082,1.3142447375661188
1384.866562395108,1.3127546721019208
1384.966562395108,1.3112695615084868
1385.066562395108,1.3097894474873646
1385.1665623951078,1.3083143710619547
1385.2665623951077,1.3068443725771055
1385.3665623951076,1.3053794916988446
1385.4665623951075,1.3039197674142398
1385.5665623951074,1.3024652380313888
1385.6665623951073,1.301015941179538
1385.7665623951073,1.2995719138093198
1385.8665623951072,1.2981331921931143
1385.966562395107,1.2966998119255266
1386.066562395107,1.2952718079239807
1386.166562395107,1.2938492144294258
1386.2665623951068,1.292432065007155
1386.3665623951067,1.2910203925477306
1386.4665623951066,1.2896142292680168
1386.5665623951065,1.2882136067123169
1386.6665623951064,1.2868185557536127
1386.7665623951063,1.285429106594903
1386.8665623951063,1.2840452887706433
1386.9665623951062,1.2826671311482785
1387.066562395106,1.281294661929872
1387.166562395106,1.2799279086538287
1387.266562395106,1.278566898196707
1387.3665623951058,1.2772116567751215
1387.4665623951057,1.2758622099477328
1387.5665623951056,1.2745185826173233
1387.6665623951055,1.2731807990329584
1387.7665623951054,1.2718488827922299
1387.8665623951053,1.2705228568435805
1387.9665623951053,1.2692027434887079
1388.0665623951052,1.2678885643850493
1388.166562395105,1.26658034054834
1388.266562395105,1.2652780923552487
1388.366562395105,1.2639818395460876
1388.4665623951048,1.2626916012275933
1388.5665623951047,1.2614073958757805
1388.6665623951046,1.2601292413388647
1388.7665623951045,1.2588571548402536
1388.8665623951044,1.2575911529816057
1388.9665623951043,1.2563312517459544
1389.0665623951043,1.2550774665008972
1389.1665623951042,1.2538298120018483
1389.266562395104,1.2525883023953515
1389.366562395104,1.2513529512224562
1389.466562395104,1.2501237714221503
1389.5665623951038,1.2489007753348544
1389.6665623951037,1.247683974705969
1389.7665623951036,1.2464733806894812
1389.8665623951035,1.2452690038516236
1389.9665623951034,1.2440708541745866
1390.0665623951033,1.242878941060284
1390.1665623951033,1.2416932733341686
1390.2665623951032,1.240513859249097
1390.366562395103,1.2393407064892445
1390.466562395103,1.238173822174066
1390.566562395103,1.237013212862303
1390.6665623951028,1.235858884556037
1390.7665623951027,1.2347108427047853
1390.8665623951026,1.2335690922096396
1390.9665623951025,1.2324336374274485
1391.0665623951024,1.2313044821750359
1391.1665623951023,1.230181629733464
1391.2665623951023,1.2290650828523304
1391.3665623951022,1.2279548437541046
1391.466562395102,1.2268509141384991
1391.566562395102,1.2257532951868764
1391.666562395102,1.2246619875666895
1391.7665623951018,1.2235769914359542
1391.8665623951017,1.222498306447755
1391.9665623951016,1.2214259317547789
1392.0665623951015,1.2203598660138808
1392.1665623951014,1.2193001073906768
1392.2665623951013,1.2182466535641636
1392.3665623951013,1.2171995017313657
1392.4665623951012,1.2161586486120075
1392.566562395101,1.2151240904532083
1392.666562395101,1.2140958230342027
1392.766562395101,1.2130738416710802
1392.8665623951008,1.2120581412215492
1392.9665623951007,1.2110487160897183
1393.0665623951006,1.210045560230898
1393.1665623951005,1.2090486671564205
1393.2665623951004,1.2080580299384756
1393.3665623951003,1.2070736412149639
1393.4665623951003,1.206095493194364
1393.5665623951002,1.2051235776606146
1393.6665623951,1.2041578859780095
1393.7665623951,1.2031984090961045
1393.8665623951,1.2022451375546357
1393.9665623950998,1.2012980614884476
1394.0665623950997,1.200357170632433
1394.1665623950996,1.1994224543264764
1394.2665623950995,1.1984939015204106
1394.3665623950994,1.1975715007789751
1394.4665623950993,1.1966552402867832
1394.5665623950993,1.1957451078532924
1394.6665623950992,1.1948410909177796
1394.766562395099,1.193943176554318
1394.866562395099,1.1930513514767576
1394.966562395099,1.1921656020437053
1395.0665623950988,1.191285914263508
1395.1665623950987,1.1904122737992315
1395.2665623950986,1.189544665973642
1395.3665623950985,1.1886830757741822
1395.4665623950984,1.187827487857947
1395.5665623950983,1.1869778865566534
1395.6665623950983,1.1861342558816077
1395.7665623950982,1.185296579528666
1395.866562395098,1.1844648408831886
1395.966562395098,1.183639023024988
1396.066562395098,1.1828191087332696
1396.1665623950978,1.1820050804915632
1396.2665623950977,1.1811969204926445
1396.3665623950976,1.1803946106434495
1396.4665623950975,1.1795981325699747
1396.5665623950974,1.1788074676221691
1396.6665623950973,1.1780225968788114
1396.7665623950973,1.1772435011523765
1396.8665623950972,1.1764701609938877
1396.966562395097,1.1757025566977541
1397.066562395097,1.174940668306595
1397.166562395097,1.1741844756160462
1397.2665623950968,1.173433958179553
1397.3665623950967,1.1726890953131441
1397.4665623950966,1.17194986610019
1397.5665623950965,1.171216249396141
1397.6665623950964,1.1704882238332504
1397.7665623950963,1.1697657678252733
1397.8665623950963,1.1690488595721507
1397.9665623950962,1.16833747706467
1398.066562395096,1.1676315980891054
1398.166562395096,1.1669312002318368
1398.266562395096,1.1662362608839478
1398.3665623950958,1.1655467572457983
1398.4665623950957,1.1648626663315769
1398.5665623950956,1.1641839649738286
1398.6665623950955,1.1635106298279576
1398.7665623950954,1.1628426373767065
1398.8665623950953,1.1621799639346095
1398.9665623950953,1.1615225856524214
1399.0665623950952,1.1608704785215187
1399.166562395095,1.1602236183782761
1399.266562395095,1.1595819809084145
1399.366562395095,1.158945541651322
1399.4665623950948,1.1583142760043479
1399.5665623950947,1.1576881592270674
1399.6665623950946,1.1570671664455185
1399.7665623950945,1.15645127265641
1399.8665623950944,1.155840452731298
1399.9665623950943,1.1552346814207364
1400.0665623950943,1.1546339333583937
1400.1665623950942,1.1540381830651412
1400.266562395094,1.15344740495311
1400.366562395094,1.1528615733297176
1400.466562395094,1.1522806624016604
1400.5665623950938,1.1517046462788776
1400.6665623950937,1.151133498978482
1400.7665623950936,1.1505671944286568
1400.8665623950935,1.1500057064725224
1400.9665623950934,1.1494490088719673
1401.0665623950933,1.148897075311449
1401.1665623950933,1.1483498794017586
1401.2665623950932,1.1478073946837544
1401.366562395093,1.1472695946320584
1401.466562395093,1.1467364526587214
1401.566562395093,1.1462079421168527
1401.6665623950928,1.1456840363042151
1401.7665623950927,1.145164708466785
1401.8665623950926,1.1446499318022787
1401.9665623950925,1.1441396794636411
1402.0665623950924,1.1436339245625025
1402.1665623950923,1.1431326401725965
1402.2665623950923,1.1426357993331455
1402.3665623950922,1.1421433750522074
1402.466562395092,1.141655340309989
1402.566562395092,1.1411716680621211
1402.666562395092,1.1406923312428998
1402.7665623950918,1.1402173027684899
1402.8665623950917,1.1397465555400919
1402.9665623950916,1.1392800624470738
1403.0665623950915,1.1388177963700659
1403.1665623950914,1.138359730184018
1403.2665623950913,1.1379058367612214
1403.3665623950913,1.1374560889742933
1403.4665623950912,1.1370104596991248
1403.566562395091,1.1365689218177921
1403.666562395091,1.1361314482214304
1403.766562395091,1.135698011813072
1403.8665623950908,1.1352685855104456
1403.9665623950907,1.1348431422487417
1404.0665623950906,1.1344216549833377
1404.1665623950905,1.1340040966924885
1404.2665623950904,1.1335904403799795
1404.3665623950903,1.1331806590777422
1404.4665623950902,1.1327747258484346
1404.5665623950902,1.1323726137879817
1404.66656239509,1.1319742960280834
1404.76656239509,1.1315797457386814
1404.8665623950899,1.1311889361303928
1404.9665623950898,1.1308018404569058
1405.0665623950897,1.1304184320173378
1405.1665623950896,1.130038684158559
1405.2665623950895,1.1296625702774776
1405.3665623950894,1.1292900638232908
1405.4665623950893,1.1289211382996982
1405.5665623950892,1.1285557672670787
1405.6665623950892,1.1281939243446324
1405.766562395089,1.1278355832124867
1405.866562395089,1.1274807176137653
1405.9665623950889,1.1271293013566228
1406.0665623950888,1.1267813083162426
1406.1665623950887,1.1264367124368007
1406.2665623950886,1.1260954877333935
1406.3665623950885,1.1257576082939298
1406.4665623950884,1.1254230482809884
1406.5665623950883,1.125091781933642
1406.6665623950882,1.1247637835692432
1406.7665623950882,1.1244390275851806
1406.866562395088,1.1241174884605951
1406.966562395088,1.1237991407580672
1407.0665623950879,1.1234839591252659
1407.1665623950878,1.1231719182965672
1407.2665623950877,1.122862993094636
1407.3665623950876,1.1225571584319776
1407.4665623950875,1.1222543893124517
1407.5665623950874,1.1219546608327584
1407.6665623950873,1.1216579481838873
1407.7665623950872,1.121364226652535
1407.8665623950872,1.1210734716224908
1407.966562395087,1.1207856585759899
1408.066562395087,1.120500763095034
1408.1665623950869,1.1202187608626797
1408.2665623950868,1.119939627664297
1408.3665623950867,1.1196633393887945
1408.4665623950866,1.1193898720298139
1408.5665623950865,1.1191192016868943
1408.6665623950864,1.1188513045666055
1408.7665623950863,1.1185861569836497
1408.8665623950862,1.1183237353619342
1408.9665623950862,1.1180640162356137
1409.066562395086,1.1178069762501026
1409.166562395086,1.1175525921630587
1409.2665623950859,1.1173008408453349
1409.3665623950858,1.1170516992819066
1409.4665623950857,1.1168051445727651
1409.5665623950856,1.1165611539337863
1409.6665623950855,1.1163197046975692
1409.7665623950854,1.1160807743142473
1409.8665623950853,1.1158443403522715
1409.9665623950852,1.1156103804991662
1410.0665623950852,1.1153788725622575
1410.166562395085,1.1151497944693756
1410.266562395085,1.1149231242695283
1410.3665623950849,1.1146988401335514
1410.4665623950848,1.114476920354729
1410.5665623950847,1.1142573433493916
1410.6665623950846,1.1140400876574863
1410.7665623950845,1.1138251319431223
1410.8665623950844,1.113612454995091
1410.9665623950843,1.1134020357273622
1411.0665623950842,1.1131938531795553
1411.1665623950842,1.1129878865173861
1411.266562395084,1.1127841150330888
1411.366562395084,1.1125825181458173
1411.4665623950839,1.112383075402019
1411.5665623950838,1.1121857664757886
1411.6665623950837,1.1119905711691984
1411.7665623950836,1.111797469412605
1411.8665623950835,1.1116064412649336
1411.9665623950834,1.1114174669139436
1412.0665623950833,1.111230526676467
1412.1665623950832,1.111045600998631
1412.2665623950832,1.1108626704560545
1412.366562395083,1.1106817157540279
1412.466562395083,1.1105027177276687
1412.5665623950829,1.1103256573420603
1412.6665623950828,1.110150515692368
1412.7665623950827,1.1099772740039358
1412.8665623950826,1.1098059136323655
1412.9665623950825,1.109636416063574
1413.0665623950824,1.1094687629138342
1413.1665623950823,1.1093029359297948
1413.2665623950822,1.1091389169884838
1413.3665623950822,1.1089766880972933
1413.466562395082,1.108816231393946
1413.566562395082,1.1086575291464444
1413.6665623950819,1.1085005637530032
1413.7665623950818,1.1083453177419644
1413.8665623950817,1.1081917737716958
1413.9665623950816,1.1080399146304722
1414.0665623950815,1.1078897232363432
1414.1665623950814,1.1077411826369807
