0.0,1.3544666000761838
1.0,1.3544668508412254
2.0,1.3544671551188587
3.0,1.354467523907002
4.0,1.354467970372188
5.0,1.3544685102578857
6.0,1.3544691623657834
7.0,1.3544699491223016
8.0,1.354470897244528
9.0,1.3544720385219517
10.0,1.3544734107328842
11.0,1.3544750587173011
12.0,1.3544770356310738
13.0,1.3544794044102375
14.0,1.3544822394781044
15.0,1.3544856287327267
16.0,1.354489675857529
17.0,1.3544945030038873
18.0,1.3545002539011555
19.0,1.3545070974571565
20.0,1.3545152319205773
21.0,1.3545248896861013
22.0,1.3545363428335984
23.0,1.354549909504331
24.0,1.3545659612300514
25.0,1.3545849313451757
26.0,1.3546073246280002
27.0,1.3546337283343253
28.0,1.3546648248059632
29.0,1.3547014058575622
30.0,1.3547443891680788
31.0,1.3547948369282194
32.0,1.3548539770223087
33.0,1.3549232270525127
34.0,1.3550042215451539
35.0,1.355098842713175
36.0,1.3552092551856412
37.0,1.3553379451546368
38.0,1.3554877644319754
39.0,1.3556619799528815
40.0,1.3558643293111365
41.0,1.3560990829600856
42.0,1.3563711137662708
43.0,1.3566859746571327
44.0,1.357049985161027
45.0,1.357470327696459
46.0,1.3579551545276471
47.0,1.3585137063648585
48.0,1.3591564436499937
49.0,1.359895191630009
50.0,1.3607433003823703
51.0,1.361715821017023
52.0,1.362829699337539
53.0,1.3641039882991413
54.0,1.3655600806521964
55.0,1.3672219632052494
56.0,1.3691164941804723
57.0,1.371273705165065
58.0,1.3737271291830966
59.0,1.3765141564218608
60.0,1.3796764191432187
61.0,1.383260207291705
62.0,1.3873169162753896
63.0,1.3919035283404968
64.0,1.397083128884419
65.0,1.4029254589517866
66.0,1.4095075050324084
67.0,1.4169141271258714
68.0,1.4252387258531458
69.0,1.434583949178428
70.0,1.4450624390525546
71.0,1.4567976180006068
72.0,1.4699245153489309
73.0,1.4845906324190998
74.0,1.5009568456069367
75.0,1.51919834581253
76.0,1.5395056121914998
77.0,1.5620854176583152
78.0,1.5871618629894226
79.0,1.6149774357480333
80.0,1.6457940895849759
81.0,1.6798943387629892
82.0,1.7175823620079398
83.0,1.7591851090130652
84.0,1.8050534021157674
85.0,1.8555630248357624
86.0,1.9111157881144796
87.0,1.972140564235386
88.0,2.0390942775411527
89.0,2.1124628402049677
90.0,2.192762020469475
91.0,2.2805382299482817
92.0,2.376369215803034
93.0,2.4808646428760257
94.0,2.5946665501868336
95.0,2.7184496656053954
96.0,2.8529215620070723
97.0,2.9988226378122778
98.0,3.1569259045288165
99.0,3.328036563764168
100.0,3.5129913561722663
101.0,3.7126576649595027
102.0,3.927932356911695
103.0,4.159740344431113
104.0,4.409032852802539
105.0,4.676785377851289
106.0,4.963995320323582
107.0,5.2716792847190925
108.0,5.600870031942696
109.0,5.952613077021587
110.0,6.327962925256323
111.0,6.727978942538968
112.0,7.153720858173964
113.0,7.606243901370691
114.0,8.086593575630324
115.0,8.595800078509672
116.0,9.134872377693839
117.0,9.704791957926908
118.0,10.306506257110915
119.0,10.940921813760148
120.0,11.608897151958752
121.0,12.311235433980064
122.0,13.048676914748318
123.0,13.821891236315894
124.0,14.631469604450198
125.0,15.477916893226364
126.0,16.361643727159738
127.0,17.28295859383553
128.0,18.24206004315414
129.0,19.239029032158797
130.0,20.273821476899418
131.0,21.346261074863953
132.0,22.456032463130747
133.0,23.602674778517592
134.0,24.785575686586018
135.0,26.00396594636427
136.0,27.256914577048807
137.0,28.54332469170301
138.0,29.861930061073384
139.0,31.211292468070916
140.0,32.589799910211966
141.0,33.995665703376666
142.0,35.4269285356311
143.0,36.88145351458674
144.0,38.35693424586001
145.0,39.85089597367757
146.0,41.360699807588425
147.0,42.88354805164053
148.0,44.41649064431176
149.0,45.956432709017434
150.0,47.500143206218375
151.0,49.04426466910148
152.0,50.5853239955827
153.0,52.11974426007568
154.0,53.64385749917196
155.0,55.15391841618336
156.0,56.64611894050237
157.0,58.11660356904018
158.0,59.56148540870785
159.0,60.97686283113058
160.0,62.3588366437001
161.0,63.70352767503223
162.0,65.00709466886734
163.0,66.26575238123594
164.0,67.4757897894001
165.0,68.63358837007631
166.0,69.73564054749828
167.0,70.77856879422598
168.0,71.75914682599506
169.0,72.67432659479242
170.0,73.52127981110178
171.0,74.29747319448249
172.0,75.00081697799897
173.0,75.62996269739945
174.0,76.18488617730857
175.0,76.6679794008975
176.0,77.0859849051886
177.0,77.45321055416787
178.0,77.79649705680387
179.0,78.1622678285144
180.0,78.62553216035234
181.0,79.03911443767284
182.0,79.16084952220217
183.0,79.226793482352
184.0,79.54134649646043
185.0,80.44637991490538
186.0,82.27549419098008
187.0,85.28967020440594
188.0,89.60240008375774
189.0,95.10959511174408
190.0,101.44455360825552
191.0,107.97804523624066
192.0,113.87624933519191
193.0,118.21541729057145
194.0,120.13520904699789
195.0,118.99832466682764
196.0,114.93418707423828
197.0,109.03570319726711
198.0,101.54566264615548
199.0,92.76757735193364
200.0,83.08611484455203
201.0,72.92752025402265
202.0,62.718124205929975
203.0,52.84666874230237
204.0,43.63501365716872
205.0,35.319961001318596
206.0,28.0468866148562
207.0,21.874014523673946
208.0,16.78482792722042
209.0,12.705435078395807
210.0,9.523690152187598
211.0,7.107368629912211
212.0,5.3195029503903
213.0,4.029877494331583
214.0,3.122483060736906
215.0,2.499328015650611
216.0,2.0813559966552813
217.0,1.8073465215574864
218.0,1.6316292700023745
219.0,1.5212925013667846
220.0,1.4533734456788647
221.0,1.4123304745962761
222.0,1.3879415098170713
223.0,1.3736616312880487
224.0,1.3654041767154674
225.0,1.3606758408223123
226.0,1.3579870110220749
227.0,1.3564640058358912
228.0,1.3556023095136136
229.0,1.355114131734778
230.0,1.3548367111551984
231.0,1.3546784295837795
232.0,1.3545877621603455
233.0,1.354535661313251
234.0,1.3545056703065612
235.0,1.354488407110893
236.0,1.3544784890861474
237.0,1.3544728118851896
238.0,1.3544695791382262
239.0,1.354467750300723
240.0,1.3544667234720484
241.0,1.3544661517316068
242.0,1.3544658362129522
243.0,1.3544656637108912
244.0,1.3544655703040127
245.0,1.3544655202209075
246.0,1.3544654936336822
247.0,1.3544654796607947
248.0,1.354465472391257
249.0,1.3544654686473896
250.0,1.354465466738772
251.0,1.3544654657756132
252.0,1.3544654652944903
253.0,1.3544654650565913
254.0,1.354465464940149
