0.0,9.298303988680619e-07
1.0,1.1528876942625688e-06
2.0,1.4273346924409937e-06
3.0,1.7644940364702858e-06
4.0,2.1780614227848052e-06
5.0,2.6845753988552415e-06
6.0,3.303974175029133e-06
7.0,4.060254319636938e-06
8.0,4.982248499365489e-06
9.0,6.10454202634899e-06
10.0,7.468550911835133e-06
11.0,9.123787437960954e-06
12.0,1.1129342980142188e-05
13.0,1.3555621980308174e-05
14.0,1.6486365624268398e-05
15.0,2.0021008954089433e-05
16.0,2.4277420887792837e-05
17.0,2.9395082962648113e-05
18.0,3.5538769602094784e-05
19.0,4.290280036473254e-05
20.0,5.1715942998158837e-05
21.0,6.224705521712605e-05
22.0,7.481156297456088e-05
23.0,8.977888360739108e-05
24.0,0.00010758091361883119
25.0,0.00012872171299470816
26.0,0.000153788530819119
27.0,0.00018346433051296603
28.0,0.00021854198720700372
29.0,0.0002599403444960309
30.0,0.0003087223329946766
31.0,0.00036611536859168834
32.0,0.00043353426391135453
33.0,0.0005126069020362305
34.0,0.0006052029367861128
35.0,0.0007134657985059866
36.0,0.0008398482980697667
37.0,0.0009871521342922067
38.0,0.0011585716207473619
39.0,0.0013577419566602855
40.0,0.0015887923725637688
41.0,0.0018564044842414198
42.0,0.0021658761875142595
43.0,0.0025231914210295694
44.0,0.0029350961136986133
45.0,0.003409180617090515
46.0,0.003953968900183859
47.0,0.004579014753647283
48.0,0.0052950052125000984
49.0,0.006113871358833088
50.0,0.007048906609505187
51.0,0.008114892526666664
52.0,0.009328232110938039
53.0,0.010707090447513586
54.0,0.012271542473870087
55.0,0.014043727523772838
56.0,0.01604801017565077
57.0,0.018311146794096782
58.0,0.020862457001364007
59.0,0.02373399915162107
60.0,0.026960748704988966
61.0,0.030580778211867627
62.0,0.03463543742192349
63.0,0.03916953182781463
64.0,0.04423149774307451
65.0,0.04987357179870129
66.0,0.05615195252640375
67.0,0.06312695148100057
68.0,0.07086313114336802
69.0,0.07942942664215694
70.0,0.08889924814115244
71.0,0.09935056056384255
72.0,0.11086593717198515
73.0,0.12353258338544368
74.0,0.13744232713120744
75.0,0.15269157194535501
76.0,0.1693812090278454
77.0,0.1876164844714875
78.0,0.20750681795818646
79.0,0.2291655693423379
80.0,0.25270974972744903
81.0,0.27825967389173256
82.0,0.3059385512350109
83.0,0.3358720128056342
84.0,0.36818757242435074
85.0,0.4030140204533923
86.0,0.44048074936374765
87.0,0.4807170109308859
88.0,0.5238511056371542
89.0,0.570009505674571
90.0,0.6193159138203463
91.0,0.671890261393511
92.0,0.7278476494874299
93.0,0.787297238701435
94.0,0.8503410936556044
95.0,0.9170729896550156
96.0,0.9875771899615389
97.0,1.061927203219295
98.0,1.1401845316502817
99.0,1.2223974216745543
100.0,1.3085996295993354
101.0,1.3988092159477714
102.0,1.493027382844712
103.0,1.5912373696280075
104.0,1.6934034224936994
105.0,1.7994698544970105
106.0,1.9093602126038431
107.0,2.022976568706209
108.0,2.140198951567418
109.0,2.2608849365382553
110.0,2.384869409574537
111.0,2.5119645215819966
112.0,2.6419598484107683
113.0,2.7746227709153364
114.0,2.9096990883848446
115.0,3.0469138773338353
116.0,3.1859726061267972
117.0,3.326562514195926
118.0,3.4683542627061326
119.0,3.6110038614323217
120.0,3.7541548743506814
121.0,3.8974409040186053
122.0,4.040488352238806
123.0,4.182919451784841
124.0,4.324355561121301
125.0,4.464420711096437
126.0,4.602745389532985
127.0,4.738970546509627
128.0,4.872751799926735
129.0,5.0037638177022625
130.0,5.131704849663869
131.0,5.256301378909628
132.0,5.377312859121088
133.0,5.4945365010497085
134.0,5.607812068183311
135.0,5.717026638458125
136.0,5.822119285842139
137.0,5.92308563270788
138.0,6.019982221172765
139.0,6.112930649052025
140.0,6.202121413787435
141.0,6.28781740573391
142.0,6.370356990560041
143.0,6.450156619307971
144.0,6.527712903927149
145.0,6.603604095915479
146.0,6.678490906142985
147.0,6.753116605073972
148.0,6.828306344521091
149.0,6.904965644836256
150.0,6.984077995144234
151.0,7.066701518925617
152.0,7.153964663020532
153.0,7.247060875006461
154.0,7.34724224194408
155.0,7.455812072708595
156.0,7.574116416536768
157.0,7.703534522004755
158.0,7.845468253367708
159.0,8.001330494968936
160.0,8.172532589165039
161.0,8.360470868782258
162.0,8.566512361354157
163.0,8.791979759094273
164.0,9.038135765499447
165.0,9.306166946398548
166.0,9.597167229867356
167.0,9.91212121540766
168.0,10.251887467800799
169.0,10.617181984741578
170.0,11.008562039377097
171.0,11.426410608855361
172.0,11.870921607575898
173.0,12.342086148690301
174.0,12.83968005921117
175.0,13.363252872574146
176.0,13.912118517424226
177.0,14.485347912582853
178.0,15.081763665474693
179.0,15.699937054701863
180.0,16.338187456972342
181.0,16.99458435432261
182.0,17.666952029711453
183.0,18.35287702787577
184.0,19.049718424189095
185.0,19.75462090759085
186.0,20.464530644976964
187.0,21.176213854348923
188.0,21.886277973158204
189.0,22.591195267354415
190.0,23.287328686383553
191.0,23.970959730544145
192.0,24.638318060454996
193.0,25.28561254466996
194.0,25.909063411414277
195.0,26.504935144688556
196.0,27.069569744204667
197.0,27.59941995331499
198.0,28.09108204971366
199.0,28.54132779055954
200.0,28.947135107011984
201.0,29.30571715307458
202.0,29.614549330070293
203.0,29.871393930853433
204.0,30.07432207669779
205.0,30.221732654257497
206.0,30.31236799952933
207.0,30.34532611969499
208.0,30.301749894028553
209.0,30.006243472258273
210.0,29.422374671822624
211.0,28.566436098752632
212.0,27.462416555911577
213.0,26.1408393436126
214.0,24.63732089201908
215.0,22.99094428844437
216.0,21.24255074084413
217.0,19.433052161552872
218.0,17.60186028468914
219.0,15.785513200110158
220.0,14.016560615733377
221.0,12.32274661488332
222.0,10.72650532783908
223.0,9.244762830898166
224.0,7.889019441055931
225.0,6.665671643164977
226.0,5.5765228833622
227.0,4.619427557465666
228.0,3.7890123967004943
229.0,3.0774233983203567
230.0,2.475053498918476
231.0,1.9712152544726493
232.0,1.5547327898240826
233.0,1.2144372385686137
234.0,0.9395590250791999
235.0,0.7200180831380383
236.0,0.5466191358438505
237.0,0.4111633728095101
238.0,0.30649032855092057
239.0,0.2264646998059841
240.0,0.16592253203877666
241.0,0.12058998514379596
242.0,0.08698608007492935
243.0,0.0623187232040949
244.0,0.04438114329743549
245.0,0.03145383654390795
246.0,0.022215317324882664
247.0,0.015663481404983647
248.0,0.01104822448095317
249.0,0.007815109865604672
250.0,0.005559309820928329
251.0,0.003988708937150671
252.0,0.0028949041822529625
253.0,0.002130815816690015
254.0,0.001593692841984086
