0.0,9.298303988642927e-07
1.0,1.1528876942571292e-06
2.0,1.4273346924330269e-06
3.0,1.7644940364585044e-06
4.0,2.1780614227672767e-06
5.0,2.6845753988290733e-06
6.0,3.303974174990002e-06
7.0,4.060254319578399e-06
8.0,4.98224849927795e-06
9.0,6.104542026218208e-06
10.0,7.468550911640004e-06
11.0,9.123787437670267e-06
12.0,1.1129342979709886e-05
13.0,1.3555621979666433e-05
14.0,1.648636562331754e-05
15.0,2.0021008952683288e-05
16.0,2.4277420885717484e-05
17.0,2.939508295959114e-05
18.0,3.553876959760089e-05
19.0,4.290280035813955e-05
20.0,5.171594298850572e-05
21.0,6.224705520302095e-05
22.0,7.481156295399218e-05
23.0,8.977888357745746e-05
24.0,0.00010758091357535695
25.0,0.00012872171293169585
26.0,0.00015378853072797266
27.0,0.00018346433038139113
28.0,0.00021854198701745244
29.0,0.0002599403442235097
30.0,0.00030872233260366134
31.0,0.00036611536803179306
32.0,0.00043353426311126304
33.0,0.0005126069008952131
34.0,0.0006052029351621931
35.0,0.0007134657961994707
36.0,0.0008398482948003664
37.0,0.000987152129667338
38.0,0.0011585716142183057
39.0,0.0013577419474616991
40.0,0.0015887923596304065
41.0,0.0018564044660937245
42.0,0.002165876162101537
43.0,0.0025231913855154886
44.0,0.0029350960641684647
45.0,0.0034091805481525654
46.0,0.003953968804427691
47.0,0.0045790146209094135
48.0,0.005295005028870538
49.0,0.006113871105314376
50.0,0.007048906260206367
51.0,0.008114892046376278
52.0,0.009328231451869866
53.0,0.010707089544952803
54.0,0.012271541240361285
55.0,0.014043725841378803
56.0,0.016048007885664597
57.0,0.01831114368340004
58.0,0.020862452784377983
59.0,0.023733993446480854
60.0,0.026960741002161736
61.0,0.030580767832911773
62.0,0.034635423465413005
63.0,0.0391695130985942
64.0,0.044231472659915616
65.0,0.049873538274037496
66.0,0.0561519078100579
67.0,0.06312689195758345
68.0,0.07086305207021117
69.0,0.07942932181109787
70.0,0.08889910944304259
71.0,0.09935037742908183
72.0,0.11086569585343822
73.0,0.12353226604144385
74.0,0.13744191065561512
75.0,0.15269102647834282
76.0,0.1693804960646662
77.0,0.1876155544662699
78.0,0.20750560729498457
79.0,0.22916399651527639
80.0,0.25270771053470564
81.0,0.2782570354029349
82.0,0.30593514423679835
83.0,0.3358676223637754
84.0,0.3681819261207238
85.0,0.4030067737597788
86.0,0.4404714674988016
87.0,0.48070514640840567
88.0,0.5238359705489745
89.0,0.5699902375555161
90.0,0.6192914337106206
91.0,0.6718592224398475
92.0,0.7278083741017412
93.0,0.7872476419172599
94.0,0.8502785898801689
95.0,0.9169943794991465
96.0,0.9874785232310358
97.0,1.061803613458767
98.0,1.140030036832087
99.0,1.2222046847086303
100.0,1.308359671290829
101.0,1.3985110718342009
102.0,1.4926576939880256
103.0,1.59077989590406
104.0,1.6928384651968726
105.0,1.7987735731456393
106.0,1.9085038186779408
107.0,2.0219253766588974
108.0,2.1389112648130997
109.0,2.2593107432237742
110.0,2.3829488597770014
111.0,2.509626154145026
112.0,2.6391185319306465
113.0,2.771177319426535
114.0,2.9055295080840375
115.0,3.0418781962440904
116.0,3.17990323396958
117.0,3.3192620749487505
118.0,3.45959083743079
119.0,3.600505574028283
120.0,3.741603748000474
121.0,3.8824659113421025
122.0,4.022657577673331
123.0,4.161731280586853
124.0,4.2992288057901655
125.0,4.434683583116346
126.0,4.567623222298375
127.0,4.697572174342483
128.0,4.824054498427227
129.0,4.946596712527653
130.0,5.0647307044469025
131.0,5.177996678657691
132.0,5.285946113336955
133.0,5.388144701239306
134.0,5.484175247615589
135.0,5.57364049825458
136.0,5.6561658709171985
137.0,5.731402063947323
138.0,5.799027516680523
139.0,5.858750697425925
140.0,5.910312196256535
141.0,5.953486601594315
142.0,5.988084141598247
143.0,6.013952073632625
144.0,6.030975807580582
145.0,6.039079751443179
146.0,6.038227870492463
147.0,6.028423954190884
148.0,6.009711588110435
149.0,5.982173831142706
150.0,5.945932601344932
151.0,5.90114777677657
152.0,5.848016020605781
153.0,5.786769342567048
154.0,5.717673411493355
155.0,5.641025636094896
156.0,5.5571530333803025
157.0,5.466409906088581
158.0,5.369175352196961
159.0,5.265850630972814
160.0,5.156856411132126
161.0,5.042629927443251
162.0,4.92362207256777
163.0,4.8002944510604655
164.0,4.6731164222621855
165.0,4.5425621583222116
166.0,4.409107742794156
167.0,4.273228334178983
168.0,4.135395417461838
169.0,3.996074165130241
170.0,3.8557209273970434
171.0,3.714780869411737
172.0,3.573685771159048
173.0,3.4328520035465107
174.0,3.292678691905437
175.0,3.153546075805005
176.0,3.01581407173939
177.0,2.879821042923906
178.0,2.7458827781579056
179.0,2.614291679507388
180.0,2.485316156454563
181.0,2.3592002221779933
182.0,2.2361632857856577
183.0,2.116400132641585
184.0,2.000081083418644
185.0,1.8873523211866556
186.0,1.7783363747137781
187.0,1.6731327452247666
188.0,1.5718186631235096
189.0,1.474449960647862
190.0,1.3810620460778644
191.0,1.2916709649573204
192.0,1.2062745338042429
193.0,1.1248535319670054
194.0,1.0473729376173149
195.0,0.9737831943443399
196.0,0.904021495411268
197.0,0.8380130734403047
198.0,0.7756724840882454
199.0,0.7169048731456721
200.0,0.6616072174220552
201.0,0.6096695307504436
202.0,0.560976027443422
203.0,0.5154062365418447
204.0,0.47283606120564214
205.0,0.4331387785890556
206.0,0.3961859765093828
207.0,0.36184842414854
208.0,0.32999687491153645
209.0,0.30050280039780336
210.0,0.2732390552141129
211.0,0.24808047306675834
212.0,0.22490439521231434
213.0,0.20359113291844116
214.0,0.1840243660878148
215.0,0.16609148062943055
216.0,0.14968384752328712
217.0,0.13469704681874964
218.0,0.12103104003640978
219.0,0.10859029461136976
220.0,0.09728386412646033
221.0,0.08702542814127884
222.0,0.07773329543173507
223.0,0.06933037441986259
224.0,0.06174411449995037
225.0,0.05490642185956906
226.0,0.04875355325773273
227.0,0.043225991062072436
228.0,0.03826830266713007
229.0,0.03382898722110041
230.0,0.029860312382680342
231.0,0.026318143616931047
232.0,0.023161768322702034
233.0,0.020353716867331395
234.0,0.017859582389798248
235.0,0.015647841023677722
236.0,0.013689673988198103
237.0,0.01195879280114905
238.0,0.010431268682733242
239.0,0.009085367045780198
240.0,0.007901387805851706
241.0,0.006861512095200007
242.0,0.005949655827592797
243.0,0.005151330436778924
244.0,0.004453510999735301
245.0,0.0038445118565474815
246.0,0.0033138697514360623
247.0,0.0028522344435386454
248.0,0.002451266670994147
249.0,0.0021035432969850614
250.0,0.0018024694209578978
251.0,0.0015421972015150778
252.0,0.0013175511086898912
253.0,0.0011239593017144632
254.0,0.0009573908132140314
