0.0,5.3578067311768935e-11
1.0,5.3578067311769e-11
2.0,5.357806731176917e-11
3.0,5.357806731176964e-11
4.0,5.357806731177097e-11
5.0,5.357806731177468e-11
6.0,5.357806731178492e-11
7.0,5.357806731181291e-11
8.0,5.357806731188873e-11
9.0,5.357806731209218e-11
10.0,5.3578067312633035e-11
11.0,5.3578067314057446e-11
12.0,5.3578067317773904e-11
13.0,5.3578067327380166e-11
14.0,5.357806735197905e-11
15.0,5.357806741438271e-11
16.0,5.3578067571216124e-11
17.0,5.3578067961698106e-11
18.0,5.357806892485696e-11
19.0,5.3578071278446186e-11
20.0,5.357807697617273e-11
21.0,5.357809064132981e-11
22.0,5.357812311084867e-11
23.0,5.357819954624498e-11
24.0,5.357837781871677e-11
25.0,5.357878978808046e-11
26.0,5.357973312015303e-11
27.0,5.358187365786868e-11
28.0,5.358668753005184e-11
29.0,5.3597418882401274e-11
30.0,5.362113826802633e-11
31.0,5.36731349279551e-11
32.0,5.378623050758785e-11
33.0,5.4030426784600605e-11
34.0,5.455419503366021e-11
35.0,5.567104533992262e-11
36.0,5.804091399232244e-11
37.0,6.305060551413983e-11
38.0,7.361373982210851e-11
39.0,9.58589645810458e-11
40.0,1.4270807429253245e-10
41.0,2.414919292822303e-10
42.0,4.5021705390914754e-10
43.0,8.923801009240625e-10
44.0,1.8314874694694864e-09
45.0,3.830221347969377e-09
46.0,8.08886811565832e-09
47.0,1.715998817316473e-08
48.0,3.644403171110868e-08
49.0,7.728505034121964e-08
50.0,1.6329748629004205e-07
51.0,3.43114390699672e-07
52.0,7.156812357715159e-07
53.0,1.4796203610017405e-06
54.0,3.0279097325196018e-06
55.0,6.126196694525029e-06
56.0,1.2242336690771025e-05
57.0,2.4143622268584282e-05
58.0,4.6957573323629346e-05
59.0,9.001747220649319e-05
60.0,0.00017000554352119152
61.0,0.00031619030569705696
62.0,0.0005789590263071507
63.0,0.001043399395881031
64.0,0.001850405638287562
65.0,0.0032286707367923163
66.0,0.0055419357842597375
67.0,0.00935689440607487
68.0,0.015538002130148991
69.0,0.02537581690941409
70.0,0.04075498170460172
71.0,0.06436603914890858
72.0,0.09996138549910205
73.0,0.1526493317245632
74.0,0.2292111665604936
75.0,0.3384144469016845
76.0,0.4912822356662642
77.0,0.7012642213813961
78.0,0.9842440030659639
79.0,1.3583104728626931
80.0,1.843223739797872
81.0,2.459520761214323
82.0,3.2272350923567763
83.0,4.164249268136248
84.0,5.2843548345429765
85.0,6.595158211002421
86.0,8.096031482690957
87.0,9.776354699264552
88.0,11.614318481666452
89.0,13.576542565197418
90.0,15.618711362222001
91.0,17.687332098535922
92.0,19.722592576056933
93.0,21.66214963342505
94.0,23.445537094891407
95.0,25.018766980623745
96.0,26.338631666879213
97.0,27.376212896910282
98.0,28.11917155924649
99.0,28.57252379527037
100.0,28.757786866250537
101.0,28.71057641291098
102.0,28.476925456403663
103.0,28.10874636785435
104.0,27.65894830576638
105.0,27.176742834836716
106.0,26.70362007564865
107.0,26.27036845328234
108.0,25.895362940137595
109.0,25.58418386375286
110.0,25.330474802328737
111.0,25.117823482498203
112.0,24.9223666546007
113.0,24.715783403421288
114.0,24.468348572005926
115.0,24.151760555009904
116.0,23.741523983269655
117.0,23.218745272490665
118.0,22.571276379822777
119.0,21.794210739078757
120.0,20.889789763329517
121.0,19.866816163580104
122.0,18.739691844926543
123.0,17.527205286916697
124.0,16.25118903123494
125.0,14.935155403913797
126.0,13.603000910099494
127.0,12.2778494148621
128.0,10.981083270916187
129.0,9.731591455811866
130.0,8.545245576911816
131.0,7.434598982671877
132.0,6.408791602219386
133.0,5.4736337224669445
134.0,4.631835717137002
135.0,3.8833476130997058
136.0,3.2257720169395316
137.0,2.6548159064520713
138.0,2.164750606234582
139.0,1.7488543537550671
140.0,1.3998176585912834
141.0,1.1100976381824454
142.0,0.8722132283230702
143.0,0.6789782652570445
144.0,0.5236736801929849
145.0,0.40016331016030693
146.0,0.3029600869398376
147.0,0.22725067757626455
148.0,0.1688871361320379
149.0,0.12435394483996197
150.0,0.09071814710418043
151.0,0.06556927527750565
152.0,0.04695460623589892
153.0,0.03331406501275897
154.0,0.023417938520273098
155.0,0.01630952453800234
156.0,0.011253964630652546
157.0,0.007693808949106058
158.0,0.005211333374554021
159.0,0.0034972600087939646
160.0,0.002325297873615619
161.0,0.0015317958025648209
162.0,0.0009997577164123144
163.0,0.0006464876982393391
164.0,0.00041418787326150537
165.0,0.0002629093985310614
166.0,0.00016534325001528737
167.0,0.0001030240141247669
168.0,6.360073368833411e-05
169.0,3.8900705918381506e-05
170.0,2.3573528991026902e-05
171.0,1.4153491732737767e-05
172.0,8.419274281527344e-06
173.0,4.96201568446138e-06
174.0,2.89744118650631e-06
175.0,1.6762748957874163e-06
176.0,9.608419247575297e-07
177.0,5.456803863340455e-07
178.0,3.070513898411796e-07
179.0,1.7119158330330795e-07
180.0,9.457478476988003e-08
181.0,5.177657196488054e-08
182.0,2.809562161354205e-08
183.0,1.5116432169156103e-08
184.0,8.069924657752359e-09
185.0,4.280432662656414e-09
186.0,2.2617339909615656e-09
187.0,1.1964926433180938e-09
188.0,6.39674951041408e-10
189.0,3.51358844562354e-10
190.0,2.0347595473198012e-10
191.0,1.283374955676384e-10
192.0,9.051901533173305e-11
193.0,7.166320035479961e-11
194.0,6.235023622147216e-11
195.0,5.7793710733336963e-11
196.0,5.558527521771535e-11
197.0,5.452494188574028e-11
198.0,5.402061915790888e-11
199.0,5.378299822004826e-11
200.0,5.367208777338964e-11
201.0,5.362080479068189e-11
202.0,5.359731448814137e-11
203.0,5.3586655405162054e-11
204.0,5.358186394021507e-11
205.0,5.357973023056504e-11
206.0,5.3578788943453044e-11
207.0,5.3578377576028284e-11
208.0,5.357819947769807e-11
209.0,5.357812309181681e-11
210.0,5.357809063613548e-11
211.0,5.357807697477915e-11
212.0,5.357807127807866e-11
213.0,5.357806892476168e-11
214.0,5.357806796167382e-11
215.0,5.357806757121004e-11
216.0,5.3578067414381213e-11
217.0,5.357806735197869e-11
218.0,5.357806732738008e-11
219.0,5.357806731777388e-11
220.0,5.3578067314057446e-11
221.0,5.3578067312633035e-11
222.0,5.357806731209218e-11
223.0,5.357806731188873e-11
224.0,5.357806731181291e-11
225.0,5.357806731178492e-11
226.0,5.357806731177468e-11
227.0,5.357806731177097e-11
228.0,5.357806731176964e-11
229.0,5.357806731176917e-11
230.0,5.3578067311769e-11
231.0,5.3578067311768935e-11
232.0,5.357806731176892e-11
233.0,5.357806731176891e-11
234.0,5.357806731176891e-11
235.0,5.357806731176891e-11
236.0,5.357806731176891e-11
237.0,5.357806731176891e-11
238.0,5.357806731176891e-11
239.0,5.357806731176891e-11
240.0,5.357806731176891e-11
241.0,5.357806731176891e-11
242.0,5.357806731176891e-11
243.0,5.357806731176891e-11
244.0,5.357806731176891e-11
245.0,5.357806731176891e-11
246.0,5.357806731176891e-11
247.0,5.357806731176891e-11
248.0,5.357806731176891e-11
249.0,5.357806731176891e-11
250.0,5.357806731176891e-11
251.0,5.357806731176891e-11
252.0,5.357806731176891e-11
253.0,5.357806731176891e-11
254.0,5.357806731176891e-11
