0.0,0.21716647379849408
1.0,0.21727752542650908
2.0,0.21742896668426698
3.0,0.21763453287835396
4.0,0.2179122771527544
5.0,0.2182858042355662
6.0,0.21878581593912427
7.0,0.21945203455368006
8.0,0.22033558061030967
9.0,0.22150189238762757
10.0,0.2230342856958008
11.0,0.22503826346674438
12.0,0.22764669494947054
13.0,0.23102599313860633
14.0,0.2353834255706617
15.0,0.240975696754247
16.0,0.2481189390368753
17.0,0.2572002412789466
18.0,0.268690829807295
19.0,0.2831609921794145
20.0,0.301296799712983
21.0,0.3239186380001351
22.0,0.3520014943819828
23.0,0.38669687655381024
24.0,0.4293561464922603
25.0,0.48155494872385585
26.0,0.5451182923254898
27.0,0.6221457136118451
28.0,0.7150358039306449
29.0,0.826509238240605
30.0,0.9596292903317645
31.0,1.1178186760853135
32.0,1.3048714347129897
33.0,1.5249584482161989
34.0,1.7826251209842372
35.0,2.0827797046716983
36.0,2.4306707685243985
37.0,2.831852391999767
38.0,3.292135803641451
39.0,3.817526414776999
40.0,4.414145503319757
41.0,5.088136193218374
42.0,5.845553846534014
43.0,6.692241530981564
44.0,7.633691834511521
45.0,8.674896953626778
46.0,9.820189662209856
47.0,11.073078446723805
48.0,12.43608074192423
49.0,13.910558786008792
50.0,15.496563101236186
51.0,17.192688961345876
52.0,18.99595139837829
53.0,20.901684300357992
54.0,22.90346893522565
55.0,24.993096790586524
56.0,27.16057093790344
57.0,29.39414921906988
58.0,31.680431429848223
59.0,34.00449136736082
60.0,36.350053158157195
61.0,38.69970974034932
62.0,41.035179797689295
63.0,43.337597901426925
64.0,45.58783117692516
65.0,47.76681454596795
66.0,49.85589556850557
67.0,51.837179177981575
68.0,53.693862220273566
69.0,55.41054770157326
70.0,56.973529042624726
71.0,58.371035424755085
72.0,59.593430477106374
73.0,60.63335805559059
74.0,61.48583064595362
75.0,62.14825791431692
76.0,62.620415045061876
77.0,62.904352656370214
78.0,63.004252173216244
79.0,62.926232472715704
80.0,62.67811531047271
81.0,62.2691584129445
82.0,61.709766118945865
83.0,61.01118803063756
84.0,60.18521626864413
85.0,59.24389161695031
86.0,58.19922811212403
87.0,57.062964519672796
88.0,55.84634970728435
89.0,54.55996724415632
90.0,53.213602711776126
91.0,51.81615529432833
92.0,50.37559331725842
93.0,48.898951607451345
94.0,47.392366936775545
95.0,45.86114644910929
96.0,44.309862911019174
97.0,42.742469902436184
98.0,41.16242969218804
99.0,39.57284652209062
100.0,37.97659833325597
101.0,36.376460574802124
102.0,34.77521659104414
103.0,33.1757501318198
104.0,31.581116709219625
105.0,29.994591767699617
106.0,28.419694879626856
107.0,26.860190365468814
108.0,25.32006581502949
109.0,23.803490910693746
110.0,22.31475969378811
111.0,20.85821995079891
112.0,19.43819371897098
113.0,18.05889302361097
114.0,16.724334875196966
115.0,15.438259294624967
116.0,14.204053727711372
117.0,13.024686688086181
118.0,11.902652865964804
119.0,10.839931294489734
120.0,9.837957509444136
121.0,8.89761000317612
122.0,8.019210686260529
123.0,7.202538552311287
124.0,6.4468553082986935
125.0,5.750941394742262
126.0,5.113140581601365
127.0,4.531411185734482
128.0,4.003381909081888
129.0,3.5264103341942796
130.0,3.0976422235589385
131.0,2.7140699377167055
132.0,2.3725884998583218
133.0,2.0700480768044054
134.0,1.803301904028403
135.0,1.569248942934794
136.0,1.3648708108932508
137.0,1.1872627594575018
138.0,1.033658686779071
139.0,0.9014503515972916
140.0,0.7882011055094997
141.0,0.6916545765002416
142.0,0.6097388205277718
143.0,0.5405665112247224
144.0,0.48243176335900895
145.0,0.4338041872053885
146.0,0.3933207523894683
147.0,0.3597760052279686
148.0,0.33211113717958907
149.0,0.3094023475777111
150.0,0.2908488848067783
151.0,0.2757610895180084
152.0,0.26354870386034246
153.0,0.2537096540118834
154.0,0.2458194610116482
155.0,0.23952138801628653
156.0,0.23451739122671456
157.0,0.23055990707141016
158.0,0.22744447972849996
159.0,0.22500321042127355
160.0,0.2230989926684507
161.0,0.2216204852384594
162.0,0.22047776631228416
163.0,0.21959860764822703
164.0,0.21892530572282332
165.0,0.21841200729074997
166.0,0.218022469012369
167.0,0.21772819425448223
168.0,0.21750689446122806
169.0,0.21734122727107846
170.0,0.21721776854303082
171.0,0.21712618043281157
172.0,0.2170585424660581
173.0,0.21700881707577277
174.0,0.21697242523177532
175.0,0.2169459115490514
176.0,0.2169266816041477
177.0,0.21691279711789713
178.0,0.21690281719659343
179.0,0.21689567598954979
180.0,0.21689058895178626
181.0,0.21688698143220958
182.0,0.21688443457646708
183.0,0.2168826445750316
184.0,0.2168813921342111
185.0,0.21688051973106232
186.0,0.21687991475980747
187.0,0.21687949711119145
188.0,0.21687921006790678
189.0,0.21687901366632573
190.0,0.21687887988207794
191.0,0.21687878915675393
192.0,0.21687872790525548
193.0,0.21687868673622743
194.0,0.2168786591881529
195.0,0.2168786408363126
196.0,0.2168786286650199
197.0,0.21687862062858485
198.0,0.2168786153458266
199.0,0.21687861188858687
200.0,0.21687860963605704
201.0,0.21687860817494076
202.0,0.2168786072313733
203.0,0.21687860662472658
204.0,0.21687860623642036
205.0,0.21687860598896944
206.0,0.21687860583197627
207.0,0.21687860573281315
208.0,0.2168786056704543
209.0,0.21687860563141295
210.0,0.21687860560707795
211.0,0.21687860559197653
212.0,0.21687860558264643
213.0,0.2168786055769074
214.0,0.2168786055733929
215.0,0.2168786055712501
216.0,0.21687860556994937
217.0,0.21687860556916333
218.0,0.21687860556869037
219.0,0.21687860556840705
220.0,0.21687860556823807
221.0,0.21687860556813773
222.0,0.21687860556807842
223.0,0.2168786055680435
224.0,0.21687860556802308
225.0,0.21687860556801114
226.0,0.2168786055680042
227.0,0.2168786055680002
228.0,0.21687860556799787
229.0,0.21687860556799654
230.0,0.21687860556799582
231.0,0.21687860556799538
232.0,0.21687860556799513
233.0,0.216878605567995
234.0,0.21687860556799493
235.0,0.21687860556799488
236.0,0.21687860556799485
237.0,0.21687860556799482
238.0,0.21687860556799482
239.0,0.21687860556799482
240.0,0.21687860556799482
241.0,0.21687860556799482
242.0,0.21687860556799482
243.0,0.21687860556799482
244.0,0.21687860556799482
245.0,0.21687860556799482
246.0,0.21687860556799482
247.0,0.21687860556799482
248.0,0.21687860556799482
249.0,0.21687860556799482
250.0,0.21687860556799482
251.0,0.21687860556799482
252.0,0.21687860556799482
253.0,0.21687860556799482
254.0,0.21687860556799482
