0.0,1.797642135571857e-61
1.0,8.479420735322787e-61
2.0,3.9663918302990173e-60
3.0,1.8398886037564045e-59
4.0,8.46357658358727e-59
5.0,3.86084895728757e-58
6.0,1.7465385639115705e-57
7.0,7.835018595188496e-57
8.0,3.485526332477743e-56
9.0,1.5376701689621494e-55
10.0,6.727047502793708e-55
11.0,2.918450181633153e-54
12.0,1.2555862713165425e-53
13.0,5.3568232515283595e-53
14.0,2.2663895553888642e-52
15.0,9.508856370570976e-52
16.0,3.9562934712401157e-51
17.0,1.6323571866859728e-50
18.0,6.678952830057504e-50
19.0,2.7099922030239163e-49
20.0,1.090420959897472e-48
21.0,4.350977372683448e-48
22.0,1.721654266102808e-47
23.0,6.755718513287497e-47
24.0,2.628836843948129e-46
25.0,1.014430280796014e-45
26.0,3.8819260723156946e-45
27.0,1.4731222894210187e-44
28.0,5.543663050321903e-44
29.0,2.0688134675503705e-43
30.0,7.65618340192682e-43
31.0,2.8097637573396854e-42
32.0,1.0225716986095798e-41
33.0,3.6904915523687016e-41
34.0,1.3208124282502327e-40
35.0,4.687751294691802e-40
36.0,1.6498879949246905e-39
37.0,5.758519568172616e-39
38.0,1.9931212333246823e-38
39.0,6.841054796757137e-38
40.0,2.3285142862831947e-37
41.0,7.859614205854749e-37
42.0,2.6308133406369232e-36
43.0,8.732635365299888e-36
44.0,2.874531695909275e-35
45.0,9.383294810589791e-35
46.0,3.0374567701140055e-34
47.0,9.750599854983517e-34
48.0,3.103980950066063e-33
49.0,9.798807921552943e-33
50.0,3.0675660769018154e-32
51.0,9.523160254368608e-32
52.0,2.931802718913032e-31
53.0,8.950656248683862e-31
54.0,2.7098265763101515e-30
55.0,8.13569392673107e-30
56.0,2.422223369582522e-29
57.0,7.151551370234899e-29
58.0,2.0938849706168683e-28
59.0,6.079555971561502e-28
60.0,1.75048094294658e-27
61.0,4.998151286101806e-27
62.0,1.4152328219223146e-26
63.0,3.973862823038582e-26
64.0,1.1065329094475745e-25
65.0,3.0554999629810675e-25
66.0,8.366941166235917e-25
67.0,2.272048678958174e-24
68.0,6.118360086976404e-24
69.0,1.6338753427354847e-23
70.0,4.3268245858155906e-23
71.0,1.1362820423863744e-22
72.0,2.9591670468754405e-22
73.0,7.642215944697501e-22
74.0,1.9572018291445906e-21
75.0,4.9707097558518755e-21
76.0,1.2518943561327318e-20
77.0,3.126680048659516e-20
78.0,7.744006123603934e-20
79.0,1.9020171013636016e-19
80.0,4.632651508060153e-19
81.0,1.1189516733596937e-18
82.0,2.6801525436056665e-18
83.0,6.3661106138735445e-18
84.0,1.499530598628569e-17
85.0,3.5027002095723876e-17
86.0,8.113665308450789e-17
87.0,1.8637930757557155e-16
88.0,4.245655808053985e-16
89.0,9.590877791336086e-16
90.0,2.1485151252368083e-15
91.0,4.77292882420075e-15
92.0,1.0514726607042468e-14
93.0,2.2970872780070678e-14
94.0,4.9764940875941116e-14
95.0,1.0691434329717808e-13
96.0,2.2777965845733764e-13
97.0,4.812385244616513e-13
98.0,1.0082594938250641e-12
99.0,2.0948394212019716e-12
100.0,4.316141163972378e-12
101.0,8.818749917862069e-12
102.0,1.7868368411546298e-11
103.0,3.590287721112555e-11
104.0,7.153854349111782e-11
105.0,1.413570320701823e-10
106.0,2.769881737982877e-10
107.0,5.382344854306248e-10
108.0,1.0371660629195413e-09
109.0,1.981944823876519e-09
110.0,3.7557900432073085e-09
111.0,7.057933093954194e-09
112.0,1.3152861663123229e-08
113.0,2.4306893159989727e-08
114.0,4.4545633148900504e-08
115.0,8.095567619576585e-08
116.0,1.4590022362939852e-07
117.0,2.6075406940550373e-07
118.0,4.621391025261541e-07
119.0,8.122333598365452e-07
120.0,1.4156484354182046e-06
121.0,2.4467888246972882e-06
122.0,4.193764582459548e-06
123.0,7.1281707018103184e-06
124.0,1.2014857370232638e-05
125.0,2.0082863304572257e-05
126.0,3.3288875830768855e-05
127.0,5.4719120789506675e-05
128.0,8.919604059145223e-05
129.0,0.00014418448373257114
130.0,0.00023113087392069868
131.0,0.0003674209201516853
132.0,0.0005792103102636099
133.0,0.0009054723058631052
134.0,0.0014037201823188514
135.0,0.0021580047726681506
136.0,0.003289960941000696
137.0,0.004973883026219595
138.0,0.007457046949841102
139.0,0.011086760651492583
140.0,0.016345904247813067
141.0,0.023898999145547137
142.0,0.03465109484997081
143.0,0.04982194675983659
144.0,0.07103803007584313
145.0,0.10044483519365296
146.0,0.14084154993471354
147.0,0.19583957833969834
148.0,0.27004529777987346
149.0,0.36926594547677927
150.0,0.5007354984567408
151.0,0.6733548429765494
152.0,0.8979374392827744
153.0,1.1874481517150535
154.0,1.557219080120958
155.0,2.0251223246026036
156.0,2.6116759548176174
157.0,3.3400564308356593
158.0,4.235988793676217
159.0,5.327485606981718
160.0,6.644407381781151
161.0,8.217821495394775
162.0,10.079143750618693
163.0,12.259056861349748
164.0,14.786213204540717
165.0,17.685744763577485
166.0,20.97762060039471
167.0,24.67491040311119
168.0,28.782030339304296
169.0,33.2930630558393
170.0,38.190255544086064
171.0,43.44280510276288
172.0,49.00604334247968
173.0,54.82112001779741
174.0,60.81527190772631
175.0,66.90273712177391
176.0,72.98634295931802
177.0,78.95975742828097
178.0,84.7103530637144
179.0,90.12258965872167
180.0,95.08178314483489
181.0,99.47809441402997
182.0,103.21054739522658
183.0,106.19087267340215
184.0,108.34697304213351
185.0,109.62582126293604
186.0,109.99818896816954
187.0,109.77068376747461
188.0,109.16471240185365
189.0,108.18654495002754
190.0,106.84625355823943
191.0,105.15753978819299
192.0,103.13750145584159
193.0,100.80634450903499
194.0,98.18704673202353
195.0,95.30498109948385
196.0,92.18750740384161
197.0,88.86354132750662
198.0,85.36311041555795
199.0,81.71690642301795
200.0,77.95584327178268
201.0,74.11062937165319
202.0,70.21136236145512
203.0,66.28715344007851
204.0,62.36578741859613
205.0,58.47342347212448
206.0,54.63434034439352
207.0,50.87072850002915
208.0,47.20253046906594
209.0,43.64732942234057
210.0,40.22028488851306
211.0,36.93411350208903
212.0,33.79911178003062
213.0,30.823217179450506
214.0,28.012103101436946
215.0,25.36930308114456
216.0,22.896359141023158
217.0,20.59298917631323
218.0,18.45726827899581
219.0,16.485819073751433
220.0,14.674006419751487
221.0,13.01613220586462
222.0,11.505626413593191
223.0,10.135231120980887
224.0,8.897174651589676
225.0,7.783333616349063
226.0,6.785381135284819
227.0,5.894920045642585
228.0,5.103600389981025
229.0,4.4032209222680825
230.0,3.7858147643625073
231.0,3.2437196845638328
232.0,2.76963375164642
233.0,2.3566573416193597
234.0,1.9983226419381206
235.0,1.6886119121819516
236.0,1.421965825698775
237.0,1.193283238716023
238.0,0.9979137178254494
239.0,0.8316441097743553
240.0,0.6906803653735937
241.0,0.571625738116125
242.0,0.4714563734734704
243.0,0.38749519198061844
244.0,0.3173848527107999
245.0,0.2590604674987987
246.0,0.2107226235320144
247.0,0.17081116525350495
248.0,0.13798008782736465
249.0,0.11107380502548107
250.0,0.08910497509515239
251.0,0.07123399928742558
252.0,0.05675024920870809
253.0,0.045055030635132186
254.0,0.035646252294286945
