0.0,1.6770517941806352e-08
1.0,2.1446466472890463e-08
2.0,2.7392123241558263e-08
3.0,3.494268898967684e-08
4.0,4.4519228059587196e-08
5.0,5.6649959609711783e-08
6.0,7.19966452523145e-08
7.0,9.138724672995973e-08
8.0,1.1585628615291141e-07
9.0,1.4669465464423382e-07
10.0,1.855109938021496e-07
11.0,2.3430723102386632e-07
12.0,2.9557139963528216e-07
13.0,3.72391535889613e-07
14.0,4.685952384069407e-07
15.0,5.88920426444655e-07
16.0,7.392239707861082e-07
17.0,9.267362293239401e-07
18.0,1.1603711387367508e-06
19.0,1.4511034408766155e-06
20.0,1.812426912197354e-06
21.0,2.260910180232109e-06
22.0,2.8168699264061625e-06
23.0,3.5051850745798773e-06
24.0,4.35628004810209e-06
25.0,5.407310458261469e-06
26.0,6.703590794294836e-06
27.0,8.300310969173199e-06
28.0,1.0264597107480522e-05
29.0,1.2677981937319278e-05
30.0,1.563936178996818e-05
31.0,1.9268530771904397e-05
32.0,2.371039844037979e-05
33.0,2.914001560990015e-05
34.0,3.5768554107749654e-05
35.0,4.385041079246404e-05
36.0,5.369163440978133e-05
37.0,6.565990640004054e-05
38.0,8.019634416191016e-05
39.0,9.782943815573832e-05
40.0,0.00011919148329991248
41.0,0.00014503792115238003
42.0,0.00017627007323129895
43.0,0.0002139618184495967
44.0,0.0002593908500395767
45.0,0.00031407524063584565
46.0,0.00037981614956954723
47.0,0.00045874762519885234
48.0,0.0005533945886482202
49.0,0.000666740235132825
50.0,0.0008023042566755147
51.0,0.0009642334771373906
52.0,0.0011574066988135191
53.0,0.0013875557911942268
54.0,0.0016614053087171446
55.0,0.0019868332073311504
56.0,0.0023730555413747296
57.0,0.0028308383645441384
58.0,0.0033727404334617595
59.0,0.004013390721349285
60.0,0.004769805194249079
61.0,0.005661747784644568
62.0,0.006712141018517137
63.0,0.007947532312878987
64.0,0.00939862256233274
65.0,0.011100864275504758
66.0,0.013095137205058486
67.0,0.015428510137602425
68.0,0.018155098270668798
69.0,0.02133702640076345
70.0,0.025045508976090612
71.0,0.029362058925736508
72.0,0.03437983805852597
73.0,0.04020516272285197
74.0,0.04695917932556637
75.0,0.054779725214041536
76.0,0.06382339131969
77.0,0.07426780383074567
78.0,0.08631414299232226
79.0,0.1001899179060754
80.0,0.11615201690162759
81.0,0.13449005365659678
82.0,0.15553002972883329
83.0,0.17963833450845368
84.0,0.2072261037714647
85.0,0.23875395799225885
86.0,0.27473714131804794
87.0,0.31575108159181664
88.0,0.36243739099723893
89.0,0.4155103257538237
90.0,0.4757637217766743
91.0,0.5440784212956538
92.0,0.6214302030660968
93.0,0.7088982259607047
94.0,0.8076739923739259
95.0,0.9190708339617722
96.0,1.044533917749725
97.0,1.1856507655405117
98.0,1.3441622738173642
99.0,1.5219742149473587
100.0,1.7211691934297617
101.0,1.9440190231993488
102.0,2.1929974835855637
103.0,2.4707934024556986
104.0,2.7803240053541765
105.0,3.1247484591224834
106.0,3.5074815275887716
107.0,3.9322072455097974
108.0,4.402892505101114
109.0,4.923800437290204
110.0,5.4995034573714285
111.0,6.134895832148636
112.0,6.835205613051966
113.0,7.6060057672590675
114.0,8.453224326700404
115.0,9.383153363162807
116.0,10.402456586718051
117.0,11.51817535459996
118.0,12.737732868652454
119.0,14.068936331799945
120.0,15.519976827885435
121.0,17.099426684921955
122.0,18.816234079551318
123.0,20.67971464054294
124.0,22.699539811732038
125.0,24.885721740118
126.0,27.248594463138506
127.0,29.798791180599554
128.0,32.54721741155546
129.0,35.505019854746
130.0,38.68355079313177
131.0,42.094327908707704
132.0,45.74898940316359
133.0,49.65924435309991
134.0,53.83681826534943
135.0,58.29339383839846
136.0,63.04054697979252
137.0,68.0896781765337
138.0,73.45193936555876
139.0,79.13815650409282
140.0,85.15874809460689
141.0,91.52363997580986
142.0,98.24217674906245
143.0,105.32303026823698
144.0,112.77410567973418
145.0,120.6024455574362
146.0,128.81413273410098
147.0,137.4141924853382
148.0,146.40649477406836
149.0,155.7936573114576
150.0,165.5769502339329
151.0,175.75620323421413
152.0,186.32971601655507
153.0,197.29417297180854
154.0,208.64456298578688
155.0,220.37410530401112
156.0,232.47418237671138
157.0,244.93428059933117
158.0,257.7419398453451
159.0,270.8827126595791
160.0,284.3401339411902
161.0,298.09570189589516
162.0,312.1288709769533
163.0,326.4170574639435
164.0,340.9356582478198
165.0,355.6580833005088
166.0,370.55580220798913
167.0,385.5984050380894
168.0,400.7536776989973
169.0,415.98769182267836
170.0,431.26490908016615
171.0,446.5482997042252
172.0,461.7994748605406
173.0,476.9788323727594
174.0,492.04571517089283
175.0,506.95858169832917
176.0,521.675187381571
177.0,536.1527761404088
178.0,550.348280796138
179.0,564.2185311231921
180.0,577.7204681866958
181.0,590.8113635163652
182.0,603.4490415872369
183.0,615.592104011114
184.0,627.2001537904353
185.0,638.2340179494569
186.0,648.6559668369073
187.0,658.4299283902313
188.0,667.5216956645211
189.0,675.8991259594305
190.0,683.5323299247145
191.0,690.393849089279
192.0,696.458820339285
193.0,701.7051259672303
194.0,706.113528025148
195.0,709.6677858400185
196.0,712.3547556869148
197.0,714.1644717638634
198.0,715.0902077703139
199.0,715.1285185567478
200.0,714.2792614845235
201.0,712.5455973106297
202.0,709.9339705896683
203.0,706.4540697631187
204.0,702.1187672817694
205.0,696.9440402791901
206.0,690.9488724803387
207.0,684.1551381880469
208.0,676.5874693394662
209.0,668.2731067629936
210.0,659.2417368922821
211.0,649.5253153063858
212.0,639.1578785627888
213.0,628.1753458721143
214.0,616.6153122289845
215.0,604.5168346623301
216.0,591.92021330012
217.0,578.8667689579538
218.0,565.398618958367
219.0,551.5584528683946
220.0,537.3893098074772
221.0,522.9343589269093
222.0,508.23668459663725
223.0,493.3390777563685
224.0,478.2838347968849
225.0,463.11256523544796
226.0,447.8660093377069
227.0,432.5838667190313
228.0,417.3046368322682
229.0,402.065472118136
230.0,386.9020444604128
231.0,371.84842545233465
232.0,356.9369808447322
233.0,342.19827941190124
234.0,327.6610163394394
235.0,313.3519511106315
236.0,299.29585974565623
237.0,285.5155011320362
238.0,272.03159707636496
239.0,258.86282560726835
240.0,246.0258269685259
241.0,233.53522165986976
242.0,221.40363981163011
243.0,209.6417611184081
244.0,198.25836450648
245.0,187.26038666969808
246.0,176.652988579143
247.0,166.43962905247324
248.0,156.62214445947487
249.0,147.20083364029458
250.0,138.1745471217212
251.0,129.54077973405182
252.0,121.29576575587608
253.0,113.43457574580916
254.0,105.95121425804187
