0.0,0.15620436458776824
1.0,0.17884150722720218
2.0,0.20447017266118603
3.0,0.2334415142892918
4.0,0.2661415644146465
5.0,0.302993843820085
6.0,0.34446205610039043
7.0,0.391052854250843
8.0,0.44331866451112606
9.0,0.501860549797146
10.0,0.5673310922348227
11.0,0.6404372713569344
12.0,0.7219433114584732
13.0,0.8126734684541659
14.0,0.9135147233751142
15.0,1.0254193464159853
16.0,1.149407292241048
17.0,1.2865683841223974
18.0,1.4380642414678373
19.0,1.6051299024541492
20.0,1.7890750908734216
21.0,1.9912850739886272
22.0,2.2132210562460024
23.0,2.456420052174484
24.0,2.722494180786537
25.0,3.0131293233507335
26.0,3.3300830866046374
27.0,3.6751820143849674
28.0,4.050317992336272
29.0,4.457443792879949
30.0,4.898567711037526
31.0,5.375747246052984
32.0,5.891081789087211
33.0,6.446704283591097
34.0,7.044771832318413
35.0,7.68745523331781
36.0,8.376927436632132
37.0,9.115350923804781
38.0,9.904864023600506
39.0,10.747566189528387
40.0,11.645502277725084
41.0,12.600645877415463
42.0,13.614881760393894
43.0,14.689987530625041
44.0,15.827614569988263
45.0,17.029268391212334
46.0,18.296288523974408
47.0,19.629828074766895
48.0,21.030833115250154
49.0,22.500022067184084
50.0,24.03786526443476
51.0,25.644564883750224
52.0,27.320035445756897
53.0,29.06388509571665
54.0,30.875397879781392
55.0,32.75351723658019
56.0,34.69683092577881
57.0,36.70355761459385
58.0,38.77153533997499
59.0,40.89821205817278
60.0,43.08063848459954
61.0,45.315463415217714
62.0,47.59893170614372
63.0,49.926885070763504
64.0,52.29476583349456
65.0,54.697623756511355
66.0,57.13012603044189
67.0,59.5865704924443
68.0,62.06090210543503
69.0,64.54673270085206
70.0,67.03736395452704
71.0,69.52581353137106
72.0,72.00484430004569
73.0,74.46699648401164
74.0,76.90462258076384
75.0,79.30992484712783
76.0,81.67499511566886
77.0,83.9918566760162
78.0,86.25250792568497
79.0,88.44896746822837
80.0,90.57332031269455
81.0,92.61776480778543
82.0,94.57465992717411
83.0,96.4365725094474
84.0,98.19632404736342
85.0,99.84703661676282
86.0,101.38217753569758
87.0,102.79560234923503
88.0,104.08159574498131
89.0,105.23491001860798
90.0,106.25080072745101
91.0,107.12505919340896
92.0,107.85404154365813
93.0,108.43469400882968
94.0,108.86457423289679
95.0,109.14186838669161
96.0,109.26540391725437
97.0,109.23465780761312
98.0,109.0497602655748
99.0,108.71149380512163
100.0,108.22128772948098
101.0,107.5812080702976
102.0,106.79394308200662
103.0,105.8627844339206
104.0,104.79160428416083
105.0,103.58482845886181
106.0,102.24740599657997
107.0,100.78477535110133
108.0,99.202827575482
109.0,97.50786683583149
110.0,95.70656862478964
111.0,93.80593606163913
112.0,91.8132546783904
113.0,89.73604609889372
114.0,87.58202102105996
115.0,85.35903191065901
116.0,83.07502580902904
117.0,80.7379976465456
118.0,78.35594443910091
119.0,75.9368207264147
120.0,73.48849558906795
121.0,71.01871155609268
122.0,68.5350456871645
123.0,66.04487308336321
124.0,63.55533304853436
125.0,61.073298089964105
126.0,58.60534591283119
127.0,56.157734528184776
128.0,53.73638055946424
129.0,51.34684079825874
130.0,48.99429702651272
131.0,46.68354409009782
132.0,44.41898117794456
133.0,42.204606232069
134.0,40.04401338711616
135.0,37.9403933137029
136.0,35.89653631806677
137.0,33.91483803145813
138.0,31.99730750644805
139.0,30.145577523922046
140.0,28.36091690400073
141.0,26.644244606447586
142.0,24.996145401227224
143.0,23.416886887664422
144.0,21.906437640997034
145.0,20.46448626785649
146.0,19.090461157167393
147.0,17.783550719934805
148.0,16.542723920167735
149.0,15.366750909547235
150.0,14.254223590152929
151.0,13.20357594238109
152.0,12.213103968883782
153.0,11.280985119705232
154.0,10.405297078564752
155.0,9.584035805224996
156.0,8.815132743889585
157.0,8.096471122412407
158.0,7.425901281602939
159.0,6.801254987928018
160.0,6.220358696308371
161.0,5.681045742375007
162.0,5.181167455391945
163.0,4.718603193993165
164.0,4.291269316866142
165.0,3.8971271095029505
166.0,3.534189696111061
167.0,3.200527972722457
168.0,2.89427560347025
169.0,2.6136331269366497
170.0,2.3568712234479823
171.0,2.1223331972430777
172.0,1.9084367296218798
173.0,1.7136749605485933
174.0,1.5366169568012122
175.0,1.3759076246931603
176.0,1.2302671247125998
177.0,1.098489844200724
178.0,0.9794429824928984
179.0,0.872064800845208
180.0,0.7753625870315571
181.0,0.6884103817879149
182.0,0.6103465113623197
183.0,0.5403709673595275
184.0,0.4777426719012933
185.0,0.42177666290593896
186.0,0.37184123106822264
187.0,0.3273550369316244
188.0,0.2877842333242272
189.0,0.2526396154057181
190.0,0.22147381767126953
191.0,0.1938785744982733
192.0,0.16948205821988985
193.0,0.14794630627695238
194.0,0.12896474674506941
195.0,0.11225982946156375
196.0,0.0975807680889598
197.0,0.08470139674720481
198.0,0.07341814332250447
199.0,0.06354812021141208
200.0,0.05492733207786513
201.0,0.04740899918008436
202.0,0.04086199395450612
203.0,0.035169387815283885
204.0,0.030227104529944992
205.0,0.025942676053783188
206.0,0.022234096336674145
207.0,0.019028768345442672
208.0,0.01626253936213221
209.0,0.013878819513299692
210.0,0.011827778447995329
211.0,0.010065615103103878
212.0,0.00855389556552297
213.0,0.007258954153138743
214.0,0.006151352983284506
215.0,0.005205395471537944
216.0,0.004398689399183981
217.0,0.003711755398949446
218.0,0.0031276769308286986
219.0,0.0026317880486972913
220.0,0.002211395490251359
221.0,0.0018555318544480274
222.0,0.0015547368593860616
223.0,0.0013008638972433657
224.0,0.0010869093196823642
225.0,0.000906862095624193
226.0,0.000755571682393367
227.0,0.0006286321401573526
228.0,0.0005222806978025786
229.0,0.00043330914559605
230.0,0.0003589865860688441
231.0,0.0002969922195749097
232.0,0.00024535697511021557
233.0,0.0002024129205169309
234.0,0.00016674949952454686
235.0,0.00013717574664047085
236.0,0.00011268772519095198
237.0,9.244051935655218e-05
238.0,7.572418839214635e-05
239.0,6.194316092551746e-05
240.0,5.0598609846411034e-05
241.0,4.1273404376356276e-05
242.0,3.361928598104726e-05
243.0,2.7345959364604038e-05
244.0,2.2211829358450214e-05
245.0,1.801614955095192e-05
246.0,1.4592379433910666e-05
247.0,1.1802574076440383e-05
248.0,9.532654254661848e-06
249.0,7.68842591711403e-06
250.0,6.192236172565643e-06
251.0,4.9801689432954865e-06
252.0,3.999697300824781e-06
253.0,3.207721535406337e-06
254.0,2.568932424575206e-06
