0.0,0.029464454394478798
1.0,0.029464454394478798
2.0,0.029464454394478798
3.0,0.029464454394478798
4.0,0.029464454394478798
5.0,0.029464454394478798
6.0,0.029464454394478798
7.0,0.029464454394478798
8.0,0.029464454394478798
9.0,0.029464454394478798
10.0,0.029464454394478798
11.0,0.029464454394478798
12.0,0.029464454394478798
13.0,0.029464454394478798
14.0,0.029464454394478798
15.0,0.029464454394478798
16.0,0.029464454394478798
17.0,0.029464454394478798
18.0,0.029464454394478798
19.0,0.029464454394478798
20.0,0.029464454394478798
21.0,0.029464454394478798
22.0,0.029464454394478798
23.0,0.029464454394478798
24.0,0.029464454394478798
25.0,0.029464454394478798
26.0,0.029464454394478798
27.0,0.029464454394478798
28.0,0.029464454394478798
29.0,0.029464454394478798
30.0,0.029464454394478798
31.0,0.029464454394478798
32.0,0.0294644543944788
33.0,0.02946445439447881
34.0,0.029464454394478826
35.0,0.02946445439447886
36.0,0.02946445439447895
37.0,0.029464454394479166
38.0,0.029464454394479672
39.0,0.029464454394480873
40.0,0.029464454394483662
41.0,0.029464454394490084
42.0,0.029464454394504725
43.0,0.029464454394537765
44.0,0.02946445439461158
45.0,0.029464454394774818
46.0,0.029464454395132164
47.0,0.02946445439590654
48.0,0.029464454397567674
49.0,0.029464454401095002
50.0,0.02946445440850932
51.0,0.029464454423936304
52.0,0.029464454455710328
53.0,0.029464454520490624
54.0,0.029464454651225318
55.0,0.029464454912389484
56.0,0.029464455428816212
57.0,0.0294644564396358
58.0,0.029464458398055258
59.0,0.029464462153852268
60.0,0.029464469283365997
61.0,0.029464482679393854
62.0,0.029464507593614082
63.0,0.02946455345744385
64.0,0.029464637025743846
65.0,0.02946478774104611
66.0,0.02946505677913671
67.0,0.02946553212175004
68.0,0.029466363372367035
69.0,0.029467802121044002
70.0,0.02947026680277992
71.0,0.029474445632500425
72.0,0.0294814579424676
73.0,0.02949310388167064
74.0,0.029512245954741754
75.0,0.02954338448864923
76.0,0.02959351422421505
77.0,0.029673382376654456
78.0,0.029799311244170075
79.0,0.029995802112229984
80.0,0.030299202625066378
81.0,0.030762796824055336
82.0,0.0314637639793811
83.0,0.03251254520333483
84.0,0.034065248625831615
85.0,0.03633980380424352
86.0,0.03963662871346933
87.0,0.04436457795503297
88.0,0.05107287388489259
89.0,0.060489554574762086
90.0,0.07356667345199665
91.0,0.09153202599304605
92.0,0.11594653563734902
93.0,0.14876559226216052
94.0,0.19240160828052255
95.0,0.249783870799913
96.0,0.32441048563753766
97.0,0.4203859283740813
98.0,0.5424365741312713
99.0,0.6958957403074623
100.0,0.8866494389508638
101.0,1.1210344012674631
102.0,1.4056811974395294
103.0,1.7472975831036355
104.0,2.1523906432797912
105.0,2.6269308601940295
106.0,3.175966763352298
107.0,3.8032050457006057
108.0,4.510577517546414
109.0,5.297822449956144
110.0,6.162113049048222
111.0,7.097769250955848
112.0,8.096089974711264
113.0,9.145340722590234
114.0,10.230925430004403
115.0,11.335761437119245
116.0,12.440862416636968
117.0,13.52611651162046
118.0,14.571226789895846
119.0,15.556759946998579
120.0,16.465229091939474
121.0,17.28212001852545
122.0,17.996760483912134
123.0,18.60293154265919
124.0,19.09913129443171
125.0,19.48842583936074
126.0,19.777859537597436
127.0,19.97744451249218
128.0,20.09880311510339
129.0,20.15359008225257
130.0,20.151865252508102
131.0,20.100614579840336
132.0,20.00261969698703
133.0,19.855850217321386
134.0,19.65349837910174
135.0,19.384697592929136
136.0,19.035874839852926
137.0,18.592595157910285
138.0,18.041679537222272
139.0,17.37332898468449
140.0,16.58297682386602
141.0,15.672621788340876
142.0,14.651462323657304
143.0,13.5357472377044
144.0,12.347864135906487
145.0,11.114787745158479
146.0,9.866089440111628
147.0,8.631755519572836
148.0,7.440069794606771
149.0,6.3157874704176775
150.0,5.278769813664198
151.0,4.343174480179623
152.0,3.5172179486974615
153.0,2.803456521910552
154.0,2.1994799670778176
155.0,1.6988819539715339
156.0,1.2923644523697588
157.0,0.9688458880774525
158.0,0.7164693860677739
159.0,0.5234411425628348
160.0,0.3786635361566793
161.0,0.2721580416082324
162.0,0.19529623682077682
163.0,0.1408719793478407
164.0,0.10305454660986171
165.0,0.07726263858450272
166.0,0.05999461893246623
167.0,0.04864325929487808
168.0,0.041315305405480576
169.0,0.03666869045696153
170.0,0.033773961605349026
171.0,0.03200179148241572
172.0,0.03093531316933443
173.0,0.030304228811611142
174.0,0.029936885831711002
175.0,0.02972646451994658
176.0,0.02960779067727147
177.0,0.029541855856204405
178.0,0.02950574359598739
179.0,0.029486231567374368
180.0,0.029475822025842015
181.0,0.02947033341258048
182.0,0.029467470149644487
183.0,0.029465990589182645
184.0,0.029465232341497862
185.0,0.02946484647039056
186.0,0.02946465123371008
187.0,0.02946455290827195
188.0,0.029464503569750028
189.0,0.02946447888330175
190.0,0.029464466560628448
191.0,0.029464460422712467
192.0,0.029464457372165756
193.0,0.02946445585987934
194.0,0.02946445511247002
195.0,0.029464454744463162
196.0,0.029464454564080304
197.0,0.029464454476130508
198.0,0.02946445443350766
199.0,0.029464454412990865
200.0,0.02946445440318782
201.0,0.029464454398540986
202.0,0.02946445439635676
203.0,0.02946445439533908
204.0,0.029464454394869215
205.0,0.0294644543946543
206.0,0.029464454394556937
207.0,0.02946445439451325
208.0,0.029464454394493838
209.0,0.0294644543944853
210.0,0.02946445439448158
211.0,0.029464454394479977
212.0,0.02946445439447929
213.0,0.029464454394479006
214.0,0.02946445439447888
215.0,0.029464454394478833
216.0,0.029464454394478812
217.0,0.029464454394478805
218.0,0.029464454394478798
219.0,0.029464454394478798
220.0,0.029464454394478798
221.0,0.029464454394478798
222.0,0.029464454394478798
223.0,0.029464454394478798
224.0,0.029464454394478798
225.0,0.029464454394478798
226.0,0.029464454394478798
227.0,0.029464454394478798
228.0,0.029464454394478798
229.0,0.029464454394478798
230.0,0.029464454394478798
231.0,0.029464454394478798
232.0,0.029464454394478798
233.0,0.029464454394478798
234.0,0.029464454394478798
235.0,0.029464454394478798
236.0,0.029464454394478798
237.0,0.029464454394478798
238.0,0.029464454394478798
239.0,0.029464454394478798
240.0,0.029464454394478798
241.0,0.029464454394478798
242.0,0.029464454394478798
243.0,0.029464454394478798
244.0,0.029464454394478798
245.0,0.029464454394478798
246.0,0.029464454394478798
247.0,0.029464454394478798
248.0,0.029464454394478798
249.0,0.029464454394478798
250.0,0.029464454394478798
251.0,0.029464454394478798
252.0,0.029464454394478798
253.0,0.029464454394478798
254.0,0.029464454394478798
