0.0,0.00016164535141291437
1.0,0.00019581491209383773
2.0,0.00023691091716778392
3.0,0.00028627350533943536
4.0,0.00034548882734467337
5.0,0.0004164315531865994
6.0,0.0005013142154983844
7.0,0.0006027443952610229
8.0,0.0007237908879178597
9.0,0.0008680601342858021
10.0,0.0010397843627307874
11.0,0.001243923068039275
12.0,0.0014862796494741798
13.0,0.001773635246839796
14.0,0.002113902050156607
15.0,0.002516298616872728
16.0,0.002991550011447408
17.0,0.0035521158865588908
18.0,0.004212449953896981
19.0,0.004989294646102741
20.0,0.005902015150289596
21.0,0.006972977397827538
22.0,0.008227975024470983
23.0,0.009696710768857544
24.0,0.011413338254846875
25.0,0.013417070602545123
26.0,0.015752862832027023
27.0,0.018472175559927615
28.0,0.021633828038702528
29.0,0.02530494914711717
30.0,0.029562035503204895
31.0,0.03449212643135634
32.0,0.04019410606615609
33.0,0.046780143408753444
34.0,0.05437728165745642
35.0,0.06312918860216407
36.0,0.07319808029021553
37.0,0.08476683052595683
38.0,0.0980412790431888
39.0,0.11325275137274211
40.0,0.1306608034994895
41.0,0.15055620434568528
42.0,0.17326416891093618
43.0,0.19914785452266157
44.0,0.22861213208290004
45.0,0.2621076434153656
46.0,0.3001351547978065
47.0,0.34325021548568707
48.0,0.39206812847082945
49.0,0.44726923885000885
50.0,0.509604542981485
51.0,0.5799016190611765
52.0,0.659070876835292
53.0,0.7481121208657399
54.0,0.8481214180640841
55.0,0.9602982560982968
56.0,1.0859529747468963
57.0,1.2265144473249474
58.0,1.3835379839385018
59.0,1.5587134225472214
60.0,1.7538733676444425
61.0,1.9710015298223769
62.0,2.2122411126079085
63.0,2.479903185770289
64.0,2.7764749768639128
65.0,3.104628005133856
66.0,3.467225974146361
67.0,3.867332331686782
68.0,4.308217397681124
69.0,4.79336495323967
70.0,5.326478176499598
71.0,5.911484803872221
72.0,6.552541388704721
73.0,7.254036523377177
74.0,8.020592885612595
75.0,8.857067965424978
76.0,9.768553325816395
77.0,10.76037224821043
78.0,11.838075612826664
79.0,13.007435864910086
80.0,14.274438920075749
81.0,15.645273866152388
82.0,17.126320324939613
83.0,18.72413334534961
84.0,20.44542570959095
85.0,22.297047546452546
86.0,24.285963160428768
87.0,26.41922500242958
88.0,28.703944727161335
89.0,31.147261303927323
90.0,33.75630617153904
91.0,36.5381654541688
92.0,39.49983928319721
93.0,42.648198300263665
94.0,45.98993744862375
95.0,49.531527193325964
96.0,53.27916234537563
97.0,57.238708700648935
98.0,61.41564774051708
99.0,65.81501967756014
100.0,70.4413651659885
101.0,75.29866603200705
102.0,80.39028541389715
103.0,85.71890773457079
104.0,91.28647896027795
105.0,97.09414762751958
106.0,103.14220714552987
107.0,109.43003990344643
108.0,115.95606372899653
109.0,122.71768125873152
110.0,129.7112327880978
111.0,136.93195317254677
112.0,144.37393334809764
113.0,152.03008703097632
114.0,159.89212314091213
115.0,167.95052447120972
116.0,176.19453310071287
117.0,184.61214300822294
118.0,193.19010030887102
119.0,201.91391148452095
120.0,210.7678599267226
121.0,219.73503105136592
122.0,228.79734617941
123.0,237.93560530838147
124.0,247.12953882532602
125.0,256.3578681342281
126.0,265.5983750903174
127.0,274.8279800509619
128.0,284.02282826887813
129.0,293.15838426906896
130.0,302.2095337671996
131.0,311.15069260499763
132.0,319.95592209873024
133.0,328.5990501208455
134.0,337.0537971634521
135.0,345.29390656640425
136.0,353.2932780332659
137.0,361.02610350620523
138.0,368.4670044266992
139.0,375.5911693735247
140.0,382.374491043469
141.0,388.7937015240379
142.0,394.8265048015448
143.0,400.451705452621
144.0,405.6493324825227
145.0,410.40075729965093
146.0,414.6888048523131
147.0,418.4978570006883
148.0,421.8139472538217
149.0,424.6248460677422
150.0,426.920135975834
151.0,428.69127590562726
152.0,429.9316541263466
153.0,430.6366293678946
154.0,430.8035597534108
155.0,430.4318192930085
156.0,429.5228017945872
157.0,428.0799121575298
158.0,426.10854512538776
159.0,423.6160516831023
160.0,420.61169339166355
161.0,417.1065850571907
162.0,413.1136262310563
163.0,408.64742213179096
164.0,403.7241946670742
165.0,398.3616843142037
166.0,392.57904368922243
167.0,386.3967236976443
168.0,379.8363532128597
169.0,372.92061327134917
170.0,365.6731068064486
171.0,358.1182249643857
172.0,350.2810110575738
173.0,342.18702321076574
174.0,333.86219674584027
175.0,325.33270733101915
176.0,316.6248358906507
177.0,307.76483623287305
178.0,298.7788063051568
179.0,289.6925639326367
180.0,280.5315278321071
181.0,271.3206046264472
182.0,262.08408251098024
183.0,252.84553214583346
184.0,243.62771526773108
185.0,234.45250143180922
186.0,225.3407932099949
187.0,216.31246008819215
188.0,207.3862812209206
189.0,198.57989712004056
190.0,189.90977027462458
191.0,181.39115462267583
192.0,173.03807372295466
193.0,164.86330740729662
194.0,156.87838663103213
195.0,149.09359618191496
196.0,141.51798485670938
197.0,134.1593826695612
198.0,127.02442461767723
199.0,120.11858049777327
200.0,113.44619024124594
201.0,107.01050421701528
202.0,100.81372793834856
203.0,94.85707060349804
204.0,89.1407968994048
205.0,83.66428150271199
206.0,78.42606572251626
207.0,73.42391574425878
208.0,68.65488195346008
209.0,64.1153588411687
210.0,59.801145019528555
211.0,55.70750290527176
212.0,51.82921766071006
213.0,48.16065501542896
214.0,44.69581762689301
215.0,41.4283996740778
216.0,38.35183941460131
217.0,35.45936947220818
218.0,32.744064657471675
219.0,30.19888715985328
220.0,27.816728983475922
221.0,25.590451531828588
222.0,23.512922277878697
223.0,21.577048485509458
224.0,19.77580797564475
225.0,18.102276955740802
226.0,16.549654954405554
227.0,15.111286923691459
228.0,13.780682590059524
229.0,12.551533151129556
230.0,11.4177254291404
231.0,10.373353603593488
232.0,9.412728654918466
233.0,8.530385658272404
234.0,7.721089071875065
235.0,6.979836167714284
236.0,6.301858754162423
237.0,5.682623340169288
238.0,5.117829889386298
239.0,4.603409309982657
240.0,4.135519822187314
241.0,3.7105423408819664
242.0,3.325075005026833
243.0,2.9759269794650023
244.0,2.6601116478595457
245.0,2.374839308298772
246.0,2.1175094755806434
247.0,1.8857028864686942
248.0,1.6771732964019594
249.0,1.4898391483327003
250.0,1.3217751866411245
251.0,1.171204081508572
252.0,1.0364881217828879
253.0,0.9161210272952299
254.0,0.8087199248307838
