0.0,8.135104736736229e-16
1.0,1.4243899400907137e-15
2.0,2.4839955090605757e-15
3.0,4.314484115394679e-15
4.0,7.463853421644849e-15
5.0,1.2860370751425458e-14
6.0,2.206988324366478e-14
7.0,3.7722697561512785e-14
8.0,6.421871442341354e-14
9.0,1.0888715040433796e-13
10.0,1.8388564057733134e-13
11.0,3.092966107783299e-13
12.0,5.181537728119935e-13
13.0,8.645663491740095e-13
14.0,1.436792824618256e-12
15.0,2.378187721733277e-12
16.0,3.920615695531453e-12
17.0,6.43751976331644e-12
18.0,1.0527834181756472e-11
19.0,1.714808612797748e-11
20.0,2.7819443350380833e-11
21.0,4.4950794779237596e-11
22.0,7.23406611444311e-11
23.0,1.1595346519117968e-10
24.0,1.8511480310466289e-10
25.0,2.943436876708597e-10
26.0,4.661486848657702e-10
27.0,7.352759475123182e-10
28.0,1.1551341281620786e-09
29.0,1.8074680550294715e-09
30.0,2.8168583285318052e-09
31.0,4.372356241863093e-09
32.0,6.7596192331624574e-09
33.0,1.0408426654601848e-08
34.0,1.5962617199269112e-08
35.0,2.4382558290777456e-08
36.0,3.709459235860994e-08
37.0,5.620799503847055e-08
38.0,8.482849165928734e-08
39.0,1.2750921002112476e-07
40.0,1.9089630614431826e-07
41.0,2.846489945426877e-07
42.0,4.2274447744266024e-07
43.0,6.253201035486126e-07
44.0,9.212616628138733e-07
45.0,1.351822797341751e-06
46.0,1.9756622105032175e-06
47.0,2.875820526689593e-06
48.0,4.169337242372767e-06
49.0,6.020442741683171e-06
50.0,8.658566466867422e-06
51.0,1.2402799395849769e-05
52.0,1.769496073357776e-05
53.0,2.514407402322265e-05
54.0,3.558589142677754e-05
55.0,5.0162157991086656e-05
56.0,7.042562883740705e-05
57.0,9.847849772345764e-05
58.0,0.0001371539297925719
59.0,0.00019025288714981565
60.0,0.0002628514734771407
61.0,0.0003616976901089403
62.0,0.0004957208824392262
63.0,0.0006766823556330646
64.0,0.0009200017434424023
65.0,0.0012458008066093345
66.0,0.0016802144857706678
67.0,0.002257028281449762
68.0,0.0030197113885549716
69.0,0.004023926433907024
70.0,0.005340609047734881
71.0,0.007059723657742682
72.0,0.009294815541619959
73.0,0.012188492906305477
74.0,0.01591898603757067
75.0,0.020707942683484745
76.0,0.026829628931244614
77.0,0.03462171185871887
78.0,0.04449780295497102
79.0,0.05696193829342303
80.0,0.07262516112960758
81.0,0.09222435327258313
82.0,0.11664343144932424
83.0,0.14693698212827389
84.0,0.18435635113908794
85.0,0.23037813133616702
86.0,0.2867349012122305
87.0,0.35544795891765135
88.0,0.4388616693143888
89.0,0.539678896977281
90.0,0.6609968368573311
91.0,0.8063423791257884
92.0,0.9797059592242037
93.0,1.185572653376173
94.0,1.428949090175954
95.0,1.7153845681472333
96.0,2.050984606464544
97.0,2.4424150216100178
98.0,2.8968945277647196
99.0,3.4221738149275844
100.0,4.0264990779394765
101.0,4.718558063144579
102.0,5.50740687765032
103.0,6.402376077584327
104.0,7.412954922425684
105.0,8.548653155206848
106.0,9.818840242012142
107.0,11.232562673071047
108.0,12.798340681175825
109.0,14.523946555150703
110.0,16.41616759528966
111.0,18.48055764750839
112.0,20.72118203217661
113.0,23.14036151707685
114.0,25.73842173376475
115.0,28.513455063499745
116.0,31.461102483869645
117.0,34.5743631333727
118.0,37.843439385757705
119.0,41.25562500214631
120.0,44.795243428131435
121.0,48.44364251609886
122.0,52.17925088196274
123.0,55.97769976438626
124.0,59.812012669933694
125.0,63.652863298413095
126.0,67.46890029950987
127.0,71.22713537552825
128.0,74.89338918476035
129.0,78.43278749050688
130.0,81.81029811959434
131.0,84.99129761824913
132.0,87.94215509513771
133.0,90.63081968636953
134.0,93.02739741946324
135.0,95.10470303301751
136.0,96.83877255021466
137.0,98.20932311353096
138.0,99.20014775260105
139.0,99.79943434582833
140.0,100.00000000000003
141.0,99.79943434582823
142.0,99.20014775260088
143.0,98.20932311353069
144.0,96.8387725502143
145.0,95.10470303301709
146.0,93.02739741946273
147.0,90.63081968636897
148.0,87.94215509513707
149.0,84.99129761824844
150.0,81.8102981195936
151.0,78.4327874905061
152.0,74.89338918475954
153.0,71.2271353755274
154.0,67.468900299509
155.0,63.652863298412214
156.0,59.81201266993282
157.0,55.9776997643854
158.0,52.179250881961885
159.0,48.44364251609802
160.0,44.79524342813062
161.0,41.25562500214552
162.0,37.843439385756945
163.0,34.57436313337198
164.0,31.461102483868956
165.0,28.51345506349909
166.0,25.73842173376414
167.0,23.140361517076272
168.0,20.72118203217608
169.0,18.480557647507904
170.0,16.416167595289213
171.0,14.523946555150292
172.0,12.798340681175455
173.0,11.232562673070708
174.0,9.818840242011841
175.0,8.548653155206575
176.0,7.412954922425442
177.0,6.40237607758411
178.0,5.507406877650129
179.0,4.718558063144411
180.0,4.02649907793933
181.0,3.422173814927457
182.0,2.896894527764607
183.0,2.4424150216099223
184.0,2.0509846064644623
185.0,1.7153845681471618
186.0,1.4289490901758932
187.0,1.1855726533761224
188.0,0.9797059592241611
189.0,0.806342379125752
190.0,0.6609968368573013
191.0,0.539678896977256
192.0,0.43886166931436815
193.0,0.3554479589176343
194.0,0.28673490121221623
195.0,0.23037813133615556
196.0,0.18435635113907842
197.0,0.14693698212826617
198.0,0.11664343144931812
199.0,0.09222435327257812
200.0,0.07262516112960359
201.0,0.05696193829341985
202.0,0.044497802954968496
203.0,0.0346217118587169
204.0,0.026829628931243042
205.0,0.02070794268348353
206.0,0.015918986037569707
207.0,0.01218849290630472
208.0,0.009294815541619381
209.0,0.007059723657742243
210.0,0.00534060904773454
211.0,0.004023926433906759
212.0,0.003019711388554773
213.0,0.002257028281449614
214.0,0.0016802144857705544
215.0,0.0012458008066092482
216.0,0.0009200017434423384
217.0,0.0006766823556330178
218.0,0.000495720882439191
219.0,0.00036169769010891393
220.0,0.00026285147347712153
221.0,0.0001902528871498018
222.0,0.00013715392979256165
223.0,9.847849772344994e-05
224.0,7.042562883740167e-05
225.0,5.016215799108283e-05
226.0,3.5585891426774694e-05
227.0,2.5144074023220643e-05
228.0,1.7694960733576343e-05
229.0,1.2402799395848776e-05
230.0,8.658566466866716e-06
231.0,6.020442741682679e-06
232.0,4.169337242372426e-06
233.0,2.875820526689348e-06
234.0,1.9756622105030418e-06
235.0,1.351822797341631e-06
236.0,9.212616628137914e-07
237.0,6.25320103548557e-07
238.0,4.227444774426227e-07
239.0,2.846489945426624e-07
240.0,1.9089630614430063e-07
241.0,1.2750921002111254e-07
242.0,8.48284916592792e-08
243.0,5.6207995038465154e-08
244.0,3.7094592358606385e-08
245.0,2.438255829077512e-08
246.0,1.5962617199267577e-08
247.0,1.0408426654600887e-08
248.0,6.759619233161833e-09
249.0,4.372356241862642e-09
250.0,2.816858328531515e-09
251.0,1.8074680550292918e-09
252.0,1.1551341281619595e-09
253.0,7.352759475122426e-10
254.0,4.661486848657222e-10
