1219.2947083782938,3.447074438704498e-30
1219.3947083782937,3.8653251938203376e-30
1219.4947083782936,4.3339040308418615e-30
1219.5947083782935,4.8588156330354466e-30
1219.6947083782934,5.446774899183909e-30
1219.7947083782933,6.105290200472065e-30
1219.8947083782932,6.842756308669969e-30
1219.9947083782931,7.668558108581971e-30
1220.094708378293,8.593186334585428e-30
1220.194708378293,9.628366712255868e-30
1220.2947083782929,1.0787204043162067e-29
1220.3947083782928,1.2084342945695847e-29
1220.4947083782927,1.3536147159249187e-29
1220.5947083782926,1.5160899535348787e-29
1220.6947083782925,1.6979025079950597e-29
1220.7947083782924,1.9013339678666862e-29
1220.8947083782923,2.1289327434254654e-29
1220.9947083782922,2.3835449876560468e-29
1221.0947083782921,2.6683490672967774e-29
1221.194708378292,2.986893987635625e-29
1221.294708378292,3.343142220214799e-29
1221.3947083782919,3.7415174331300855e-29
1221.4947083782918,4.1869576797600936e-29
1221.5947083782917,4.6849746641618637e-29
1221.6947083782916,5.241719770700929e-29
1221.7947083782915,5.864057622513301e-29
1221.8947083782914,6.559648018969164e-29
1221.9947083782913,7.337037197357736e-29
1222.0947083782912,8.205759469585863e-29
1222.1947083782911,9.176450401918747e-29
1222.294708378291,1.0260972835981225e-28
1222.394708378291,1.1472557193789646e-28
1222.4947083782909,1.2825957670056304e-28
1222.5947083782908,1.4337626093160265e-28
1222.6947083782907,1.6025905433911944e-28
1222.7947083782906,1.7911245160691118e-28
1222.8947083782905,2.0016440883089144e-28
1222.9947083782904,2.236690099641229e-28
1223.0947083782903,2.4990943339241767e-28
1223.1947083782902,2.7920125208874257e-28
1223.2947083782901,3.1189610448440763e-28
1223.39470837829,3.4838577728761903e-28
1223.49470837829,3.8910674601876436e-28
1223.5947083782899,4.345452240650716e-28
1223.6947083782898,4.852427766380965e-28
1223.7947083782897,5.418025622051672e-28
1223.8947083782896,6.0489627082517335e-28
1223.9947083782895,6.7527183642257e-28
1224.0947083782894,7.537620084605992e-28
1224.1947083782893,8.41293877814189e-28
1224.2947083782892,9.388994619918485e-28
1224.3947083782891,1.0477274663230988e-27
1224.494708378289,1.1690563504313036e-27
1224.594708378289,1.3043088433854439e-27
1224.6947083782889,1.4550680665120159e-27
1224.7947083782888,1.6230954401128416e-27
1224.8947083782887,1.8103505694536306e-27
1224.9947083782886,2.0190133265586004e-27
1225.0947083782885,2.251508367786776e-27
1225.1947083782884,2.510532353114963e-27
1225.2947083782883,2.7990841617784926e-27
1225.3947083782882,3.1204984307148902e-27
1225.4947083782881,3.4784827774437214e-27
1225.594708378288,3.8771591079561865e-27
1225.694708378288,4.3211094532733994e-27
1225.7947083782879,4.8154268260033856e-27
1225.8947083782878,5.365771640961755e-27
1225.9947083782877,5.978434302256229e-27
1226.0947083782876,6.660404623752491e-27
1226.1947083782875,7.419448821193184e-27
1226.2947083782874,8.264194893142612e-27
1226.3947083782873,9.204227295173074e-27
1226.4947083782872,1.0250191908157086e-26
1226.5947083782871,1.1413912408154452e-26
1226.694708378287,1.2708519263234852e-26
1226.794708378287,1.4148592712834946e-26
1226.8947083782869,1.5750321229190324e-26
1226.9947083782868,1.753167711944384e-26
1227.0947083782867,1.951261110277148e-26
1227.1947083782866,2.1715267891016392e-26
1227.2947083782865,2.416422501579004e-26
1227.3947083782864,2.6886757381880355e-26
1227.4947083782863,2.991313028843244e-26
1227.5947083782862,3.3276923948259705e-26
1227.6947083782861,3.7015392854655413e-26
1227.794708378286,4.1169863697271604e-26
1227.894708378286,4.5786175917426255e-26
1227.9947083782858,5.091516942240443e-26
1228.0947083782858,5.661322445198645e-26
1228.1947083782857,6.294285911321251e-26
1228.2947083782856,6.997339067626329e-26
1228.3947083782855,7.778166736081302e-26
1228.4947083782854,8.645287804444165e-26
1228.5947083782853,9.608144809930907e-26
1228.6947083782852,1.067720304177524e-25
1228.7947083782851,1.1864060162981517e-25
1228.894708378285,1.3181567455494945e-25
1228.994708378285,1.4643963907604903e-25
1229.0947083782848,1.6267024488744283e-25
1229.1947083782848,1.8068224096131204e-25
1229.2947083782847,2.0066918811242575e-25
1229.3947083782846,2.2284546273339427e-25
1229.4947083782845,2.4744847163775166e-25
1229.5947083782844,2.7474110000344834e-25
1229.6947083782843,3.0501441667398673e-25
1229.7947083782842,3.3859066356951725e-25
1229.8947083782841,3.7582655870874117e-25
1229.994708378284,4.171169453701794e-25
1230.094708378284,4.628988232559668e-25
1230.1947083782838,5.136558011936037e-25
1230.2947083782838,5.69923014955034e-25
1230.3947083782837,6.322925582247801e-25
1230.4947083782836,7.014194796507411e-25
1230.5947083782835,7.780284043073845e-25
1230.6947083782834,8.629208438400605e-25
1230.7947083782833,9.56983266096551e-25
1230.8947083782832,1.0611960022447632e-24
1230.9947083782831,1.1766430772913109e-24
1231.094708378283,1.3045230586242455e-24
1231.194708378283,1.4461610267836736e-24
1231.2947083782828,1.6030217832029813e-24
1231.3947083782828,1.7767244212542405e-24
1231.4947083782827,1.969058399679539e-24
1231.5947083782826,2.1820012715074427e-24
1231.6947083782825,2.4177382369681033e-24
1231.7947083782824,2.6786837058647902e-24
1231.8947083782823,2.9675050734894416e-24
1231.9947083782822,3.28714893464539e-24
1232.0947083782821,3.640869982844506e-24
1232.194708378282,4.032262866478874e-24
1232.294708378282,4.46529730094189e-24
1232.3947083782818,4.9443567655330395e-24
1232.4947083782818,5.474281146783419e-24
1232.5947083782817,6.0604137258732264e-24
1232.6947083782816,6.70865294738971e-24
1232.7947083782815,7.425509450142358e-24
1232.8947083782814,8.21816888848419e-24
1232.9947083782813,9.094561125000359e-24
1233.0947083782812,1.006343643296801e-23
1233.1947083782811,1.1134449410160723e-23
1233.294708378281,1.2318251374914935e-23
1233.394708378281,1.3626592091473677e-23
1233.4947083782808,1.5072431755150215e-23
1233.5947083782808,1.6670064259500293e-23
1233.6947083782807,1.8435252868246313e-23
1233.7947083782806,2.0385379525024585e-23
1233.8947083782805,2.2539609155037572e-23
1233.9947083782804,2.4919070445442593e-23
1234.0947083782803,2.7547054736879806e-23
1234.1947083782802,3.0449234818201495e-23
1234.2947083782801,3.3653905591513296e-23
1234.39470837828,3.7192248766568725e-23
1234.49470837828,4.109862395396767e-23
1234.5947083782798,4.5410888757248114e-23
1234.6947083782798,5.017075071674728e-23
1234.7947083782797,5.542415423515223e-23
1234.8947083782796,6.122170591823636e-23
1234.9947083782795,6.761914209691404e-23
1235.0947083782794,7.4677842661156e-23
1235.1947083782793,8.246539573553867e-23
1235.2947083782792,9.105621816343573e-23
1235.3947083782791,1.0053223724580306e-22
1235.494708378279,1.1098363970493978e-22
1235.594708378279,1.225096944178779e-22
1235.6947083782788,1.3521965609283975e-22
1235.7947083782788,1.492337577504825e-22
1235.8947083782787,1.646843006251858e-22
1235.9947083782786,1.8171685092629867e-22
1236.0947083782785,2.0049155380182062e-22
1236.1947083782784,2.2118457583467403e-22
1236.2947083782783,2.4398968848234534e-22
1236.3947083782782,2.691200060530444e-22
1236.4947083782781,2.968098931048309e-22
1236.594708378278,3.273170575689494e-22
1236.694708378278,3.609248474458251e-22
1236.7947083782778,3.979447706143423e-22
1236.8947083782778,4.387192591452258e-22
1236.9947083782777,4.836247015323278e-22
1237.0947083782776,5.330747684672738e-22
1237.1947083782775,5.875240602003874e-22
1237.2947083782774,6.474721061732422e-22
1237.3947083782773,7.134677504960397e-22
1237.4947083782772,7.861139599986129e-22
1237.5947083782771,8.660730950321154e-22
1237.694708378277,9.540726869654782e-22
1237.794708378277,1.0509117704361048e-21
1237.8947083782768,1.1574678229096064e-21
1237.9947083782768,1.2747043690124242e-21
1238.0947083782767,1.403679312463444e-21
1238.1947083782766,1.5455540642847334e-21
1238.2947083782765,1.7016035423637232e-21
1238.3947083782764,1.8732271244179553e-21
1238.4947083782763,2.06196064403081e-21
1238.5947083782762,2.269489527741169e-21
1238.6947083782761,2.497663180244277e-21
1238.794708378276,2.7485107346630025e-21
1238.894708378276,3.0242582956533323e-21
1238.9947083782758,3.3273478148954833e-21
1239.0947083782758,3.660457751381578e-21
1239.1947083782757,4.0265256829371654e-21
1239.2947083782756,4.4287730507120614e-21
1239.3947083782755,4.8707322350597385e-21
1239.4947083782754,5.356276179415247e-21
1239.5947083782753,5.8896507986181006e-21
1239.6947083782752,6.475510429748691e-21
1239.7947083782751,7.118956607118888e-21
1239.894708378275,7.825580468749179e-21
1239.994708378275,8.601509129664069e-21
1240.0947083782748,9.453456387849595e-21
1240.1947083782748,1.0388778161962483e-20
1240.2947083782747,1.1415533096102172e-20
1240.3947083782746,1.2542548806412751e-20
1240.4947083782745,1.377949428726328e-20
1240.5947083782744,1.5136959041563858e-20
1240.6947083782743,1.6626539550752623e-20
1240.7947083782742,1.8260933755496815e-20
1240.8947083782741,2.005404427858729e-20
1240.994708378274,2.2021091187303247e-20
1241.094708378274,2.4178735164142404e-20
1241.1947083782738,2.654521203276591e-20
1241.2947083782738,2.9140479670847106e-20
1241.3947083782737,3.198637843383133e-20
1241.4947083782736,3.5106806314066226e-20
1241.5947083782735,3.852791016904692e-20
1241.6947083782734,4.227829447140236e-20
1241.7947083782733,4.6389249162576205e-20
1241.8947083782732,5.0894998332774413e-20
1241.9947083782731,5.583297160272595e-20
1242.094708378273,6.124410024908186e-20
1242.194708378273,6.717314029612213e-20
1242.2947083782728,7.36690249929972e-20
1242.3947083782728,8.078524930940601e-20
1242.4947083782727,8.858028931487811e-20
1242.5947083782726,9.71180595591888e-20
1242.6947083782725,1.0646841184574595e-19
1242.7947083782724,1.1670767908776524e-19
1242.8947083782723,1.2791926826081594e-19
1242.9947083782722,1.4019430681702795e-19
1243.0947083782721,1.536323473082613e-19
1243.194708378272,1.6834213538041378e-19
1243.294708378272,1.8444244675163355e-19
1243.3947083782718,2.0206299927637525e-19
1243.4947083782718,2.2134544672844553e-19
1243.5947083782717,2.424444615127522e-19
1243.6947083782716,2.655289141414303e-19
1243.7947083782715,2.9078315798932935e-19
1243.8947083782714,3.1840842858104525e-19
1243.9947083782713,3.4862436746178266e-19
1244.0947083782712,3.8167068157219637e-19
1244.1947083782711,4.178089499891735e-19
1244.294708378271,4.573245909159145e-19
1244.394708378271,5.005290029126724e-19
1244.4947083782708,5.4776189556120595e-19
1244.5947083782708,5.993938260589222e-19
1244.6947083782707,6.558289596517319e-19
1244.7947083782706,7.17508073346313e-19
1244.8947083782705,7.849118240032138e-19
1244.9947083782704,8.585643037121336e-19
1245.0947083782703,9.39036907301402e-19
1245.1947083782702,1.0269525389481905e-18
1245.2947083782701,1.1229901871463958e-18
1245.39470837827,1.2278898997714053e-18
1245.49470837827,1.3424581936697473e-18
1245.5947083782698,1.4675739361145448e-18
1245.6947083782698,1.604194738621788e-18
1245.7947083782697,1.753363907039872e-18
1245.8947083782696,1.916217995523867e-18
1245.9947083782695,2.093995016011793e-18
1246.0947083782694,2.288043359157604e-18
1246.1947083782693,2.499831487369265e-18
1246.2947083782692,2.730958465683104e-18
1246.3947083782691,2.9831654017034268e-18
1246.494708378269,3.2583478717896487e-18
1246.594708378269,3.5585694171110805e-18
1246.6947083782688,3.886076200158045e-18
1246.7947083782688,4.243312919833767e-18
1246.8947083782687,4.632940091405205e-18
1246.9947083782686,5.0578528064074276e-18
1247.0947083782685,5.521201097133167e-18
1247.1947083782684,6.0264120406488e-18
1247.2947083782683,6.57721374842764e-18
1247.3947083782682,7.177661399743114e-18
1247.4947083782681,7.832165489993042e-18
1247.594708378268,8.54552247920697e-18
1247.694708378268,9.322948041207548e-18
1247.7947083782678,1.0170113130341447e-17
1247.8947083782678,1.1093183100463226e-17
1247.9947083782677,1.20988601300531e-17
1248.0947083782676,1.3194429228085092e-17
1248.1947083782675,1.4387808117663216e-17
1248.2947083782674,1.5687601318629132e-17
1248.3947083782673,1.710315877647435e-17
1248.4947083782672,1.8644639413091803e-17
1248.5947083782671,2.0323080005356267e-17
1248.694708378267,2.215046983040424e-17
1248.794708378267,2.4139831551960663e-17
1248.8947083782668,2.6305308860369252e-17
1248.9947083782668,2.866226142031056e-17
1249.0947083782667,3.1227367724793215e-17
1249.1947083782666,3.4018736502125155e-17
1249.2947083782665,3.705602737448094e-17
1249.3947083782664,4.0360581522685085e-17
1249.4947083782663,4.39555631722203e-17
1249.5947083782662,4.786611278061758e-17
1249.6947083782661,5.211951287661018e-17
1249.794708378266,5.67453675771736e-17
1249.894708378266,6.17757968902235e-17
1249.9947083782658,6.724564699873938e-17
1250.0947083782658,7.31927178169625e-17
1250.1947083782657,7.965800921155083e-17
1250.2947083782656,8.668598739073451e-17
1250.3947083782655,9.432487308324465e-17
1250.4947083782654,1.0262695325666409e-16
1250.5947083782653,1.1164891826263904e-16
1250.6947083782652,1.214522264447823e-16
1250.794708378265,1.3210349840493168e-16
1250.894708378265,1.4367494329555089e-16
1250.994708378265,1.562448196913791e-16
1251.0947083782648,1.6989793379299197e-16
1251.1947083782647,1.8472617792972914e-16
1251.2947083782647,2.0082911256067951e-16
1251.3947083782646,2.1831459522125434e-16
1251.4947083782645,2.3729946013071906e-16
1251.5947083782644,2.579102524642164e-16
1251.6947083782643,2.802840216028906e-16
1251.7947083782642,3.045691780092641e-16
1251.894708378264,3.309264187338584e-16
1251.994708378264,3.5952972694495007e-16
1252.094708378264,3.905674512884131e-16
1252.1947083782638,4.242434713308632e-16
1252.2947083782637,4.607784558192028e-16
1252.3947083782637,5.004112210056022e-16
1252.4947083782636,5.434001968413489e-16
1252.5947083782635,5.900250094392894e-16
1252.6947083782634,6.405881888449497e-16
1252.7947083782633,6.954170118449618e-16
1252.8947083782632,7.548654902809776e-16
1252.994708378263,8.193165161319104e-16
1253.094708378263,8.891841754810245e-16
1253.194708378263,9.649162444010798e-16
1253.2947083782628,1.0469968807757512e-15
1253.3947083782627,1.1359495271327763e-15
1253.4947083782627,1.232340040699709e-15
1253.5947083782626,1.3367800681124398e-15
1253.6947083782625,1.4499306835149101e-15
1253.7947083782624,1.5725063101934587e-15
1253.8947083782623,1.7052789473964959e-15
1253.9947083782622,1.8490827256082547e-15
1254.094708378262,2.004818815281168e-15
1254.194708378262,2.173460715893924e-15
1254.294708378262,2.3560599542003552e-15
1254.3947083782618,2.553752222677255e-15
1254.4947083782617,2.767763991478094e-15
1254.5947083782617,2.999419629664413e-15
1254.6947083782616,3.25014907413007e-15
1254.7947083782615,3.521496087467162e-15
1254.8947083782614,3.815127149060892e-15
1254.9947083782613,4.132841026956949e-15
1255.0947083782612,4.476579081535641e-15
1255.194708378261,4.848436355766907e-15
1255.294708378261,5.250673510829701e-15
1255.394708378261,5.685729670172183e-15
1255.4947083782608,6.1562362396912895e-15
1255.5947083782607,6.665031776637148e-15
1255.6947083782607,7.215177985127132e-15
1255.7947083782606,7.809976921806505e-15
1255.8947083782605,8.452989501245841e-15
1255.9947083782604,9.148055397146653e-15
1256.0947083782603,9.899314442364187e-15
1256.1947083782602,1.0711229638183942e-14
1256.29470837826,1.1588611891238955e-14
1256.39470837826,1.2536646604958813e-14
1256.49470837826,1.3560922261549579e-14
1256.5947083782598,1.466746114023986e-14
1256.6947083782597,1.5862752327952467e-14
1256.7947083782597,1.715378718970453e-14
1256.8947083782596,1.8548097477964722e-14
1256.9947083782595,2.00537962729444e-14
1257.0947083782594,2.1679621959435956e-14
1257.1947083782593,2.3434985460389047e-14
1257.2947083782592,2.5330020963002392e-14
1257.394708378259,2.7375640389767056e-14
1257.494708378259,2.958359188470766e-14
1257.594708378259,3.1966522604096816e-14
1257.6947083782588,3.4538046121256954e-14
1257.7947083782587,3.7312814776789584e-14
1257.8947083782587,4.0306597328790436e-14
1257.9947083782586,4.3536362282403755e-14
1258.0947083782585,4.7020367304558876e-14
1258.1947083782584,5.0778255158013835e-14
1258.2947083782583,5.483115661904613e-14
1258.3947083782582,5.92018008753747e-14
1258.494708378258,6.39146339353339e-14
1258.594708378258,6.899594561607708e-14
1258.694708378258,7.447400571781768e-14
1258.7947083782578,8.037921003298415e-14
1258.8947083782577,8.674423688384802e-14
1258.9947083782577,9.360421492985204e-14
1259.0947083782576,1.0099690303672314e-13
1259.1947083782575,1.0896288305371859e-13
1259.2947083782574,1.175457664031987e-13
1259.3947083782573,1.267924154484584e-13
1259.4947083782572,1.3675318067153738e-13
1259.594708378257,1.474821547629052e-13
1259.694708378257,1.5903744479972187e-13
1259.794708378257,1.7148146376912026e-13
1259.8947083782568,1.848812427779302e-13
1259.9947083782567,1.9930876538087623e-13
1260.0947083782567,2.1484132555576594e-13
1260.1947083782566,2.315619109570635e-13
1260.2947083782565,2.495596131887661e-13
1260.3947083782564,2.6893006695425393e-13
1260.4947083782563,2.8977592006506654e-13
1260.5947083782562,3.122073364229299e-13
1260.694708378256,3.363425342303766e-13
1260.794708378256,3.623083618353519e-13
1260.894708378256,3.9024091377499217e-13
1260.9947083782558,4.2028618975390126e-13
1261.0947083782557,4.526007994732245e-13
1261.1947083782557,4.873527164195311e-13
1261.2947083782556,5.247220839275271e-13
1261.3947083782555,5.64902077048696e-13
1261.4947083782554,6.080998239901169e-13
1261.5947083782553,6.545373911344415e-13
1261.6947083782552,7.044528359146212e-13
1261.794708378255,7.581013320961785e-13
1261.894708378255,8.157563723165716e-13
1261.994708378255,8.777110530470719e-13
1262.0947083782548,9.44279447477905e-13
1262.1947083782547,1.015798072184227e-12
1262.2947083782547,1.092627453809536e-12
1262.3947083782546,1.175153802406021e-12
1262.4947083782545,1.2637907984993777e-12
1262.5947083782544,1.3589815014004612e-12
1262.6947083782543,1.4612003867692438e-12
1262.7947083782542,1.5709555219497778e-12
1262.894708378254,1.688790888139828e-12
1262.994708378254,1.815288859037797e-12
1263.094708378254,1.9510728462238847e-12
1263.1947083782538,2.0968101221851596e-12
1263.2947083782537,2.253214832586673e-12
1263.3947083782537,2.4210512101259306e-12
1263.4947083782536,2.6011370030885444e-12
1263.5947083782535,2.794347132550316e-12
1263.6947083782534,3.0016175930502124e-12
1263.7947083782533,3.223949612489989e-12
1263.8947083782532,3.4624140880054396e-12
1263.994708378253,3.718156315602549e-12
1264.094708378253,3.9924010324641786e-12
1264.194708378253,4.286457792011683e-12
1264.2947083782528,4.601726693056951e-12
1264.3947083782527,4.9397044857051245e-12
1264.4947083782527,5.301991078073682e-12
1264.5947083782526,5.690296469382861e-12
1264.6947083782525,6.106448136550047e-12
1264.7947083782524,6.552398903093788e-12
1264.8947083782523,7.030235320924014e-12
1264.9947083782522,7.542186597472475e-12
1265.094708378252,8.090634102605204e-12
1265.194708378252,8.67812149186455e-12
1265.294708378252,9.307365484817863e-12
1265.3947083782518,9.981267339651171e-12
1265.4947083782517,1.0702925067644896e-11
1265.5947083782517,1.147564643381567e-11
1265.6947083782516,1.2302962792808264e-11
1265.7947083782515,1.3188643812085087e-11
1265.8947083782514,1.4136713137598693e-11
1265.9947083782513,1.5151465060449015e-11
1266.0947083782512,1.623748224653899e-11
1266.194708378251,1.7399654594956376e-11
1266.294708378251,1.8643199294735107e-11
1266.394708378251,1.9973682153806e-11
1266.4947083782508,2.1397040278334717e-11
1266.5947083782507,2.2919606185294544e-11
1266.6947083782507,2.4548133436022336e-11
1266.7947083782506,2.6289823883702373e-11
1266.8947083782505,2.8152356633202333e-11
1266.9947083782504,3.01439188174802e-11
1267.0947083782503,3.2273238300906603e-11
1267.1947083782502,3.454961842631419e-11
1267.29470837825,3.698297492941694e-11
1267.39470837825,3.9583875151465043e-11
1267.49470837825,4.2363579688615996e-11
1267.5947083782498,4.533408662455514e-11
1267.6947083782497,4.850817850139787e-11
1267.7947083782497,5.189947219287025e-11
1267.8947083782496,5.55224718532418e-11
1267.9947083782495,5.939262512546798e-11
1268.0947083782494,6.35263828025574e-11
1268.1947083782493,6.794126214729484e-11
1268.2947083782492,7.265591408719985e-11
1268.394708378249,7.769019451397742e-11
1268.494708378249,8.306523992978375e-11
1268.594708378249,8.880354769640508e-11
1268.6947083782488,9.492906115796341e-11
1268.7947083782487,1.014672599230966e-10
1268.8947083782487,1.084452556086787e-10
1268.9947083782486,1.1589189336419077e-10
1269.0947083782485,1.238378595137661e-10
1269.1947083782484,1.3231579567184315e-10
1269.2947083782483,1.41360419708276e-10
1269.3947083782482,1.5100865395972234e-10
1269.494708378248,1.6129976110623771e-10
1269.594708378248,1.7227548815528223e-10
1269.694708378248,1.8398021899984162e-10
1269.7947083782478,1.9646113604320506e-10
1269.8947083782477,2.0976839141009332e-10
1269.9947083782477,2.239552882924524e-10
1270.0947083782476,2.3907847300832284e-10
1270.1947083782475,2.551981383839146e-10
1270.2947083782474,2.7237823910233653e-10
1270.3947083782473,2.9068671969753487e-10
1270.4947083782472,3.1019575590888386e-10
1270.594708378247,3.3098201015073923e-10
1270.694708378247,3.5312690189206377e-10
1270.794708378247,3.7671689378418723e-10
1270.8947083782468,4.018437944199357e-10
1270.9947083782467,4.2860507865481e-10
1271.0947083782467,4.571042264708081e-10
1271.1947083782466,4.874510814159365e-10
1271.2947083782465,5.197622297075774e-10
1271.3947083782464,5.541614011457701e-10
1271.4947083782463,5.907798930433629e-10
1271.5947083782462,6.297570184438555e-10
1271.694708378246,6.712405799649546e-10
1271.794708378246,7.153873706763142e-10
1271.894708378246,7.62363703494039e-10
1271.9947083782458,8.123459706522072e-10
1272.0947083782457,8.655212348933254e-10
1272.1947083782457,9.220878541052782e-10
1272.2947083782456,9.82256141222221e-10
1272.3947083782455,1.046249061301213e-09
1272.4947083782454,1.1143029677854073e-09
1272.5947083782453,1.186668380068388e-09
1272.6947083782452,1.263610804583236e-09
1272.794708378245,1.3454116017541255e-09
1272.894708378245,1.4323689012680043e-09
1272.994708378245,1.5247985682496174e-09
1273.0947083782448,1.623035223054726e-09
1273.1947083782447,1.7274333175344492e-09
1273.2947083782446,1.8383682707683204e-09
1273.3947083782446,1.956237667415352e-09
1273.4947083782445,2.0814625219910043e-09
1273.5947083782444,2.21448861254471e-09
1273.6947083782443,2.3557878873866388e-09
1273.7947083782442,2.5058599486952176e-09
1273.894708378244,2.6652336170278395e-09
1273.994708378244,2.8344685809578287e-09
1274.094708378244,3.014157136269752e-09
1274.1947083782438,3.204926019365176e-09
1274.2947083782437,3.4074383397600337e-09
1274.3947083782436,3.622395616795703e-09
1274.4947083782436,3.850539925936518e-09
1274.5947083782435,4.092656160290493e-09
1274.6947083782434,4.349574413264177e-09
1274.7947083782433,4.622172488551173e-09
1274.8947083782432,4.911378543954414e-09
1274.994708378243,5.218173875856924e-09
1275.094708378243,5.543595851485124e-09
1275.194708378243,5.8887409964521735e-09
1275.2947083782428,6.254768245428635e-09
1275.3947083782427,6.642902364163236e-09
1275.4947083782426,7.054437551468612e-09
1275.5947083782426,7.490741230197682e-09
1275.6947083782425,7.953258036663242e-09
1275.7947083782424,8.443514018402342e-09
1275.8947083782423,8.96312105065226e-09
1275.9947083782422,9.51378148239399e-09
1276.094708378242,1.0097293023327271e-08
1276.194708378242,1.0715553883672705e-08
1276.294708378242,1.1370568179252071e-08
1276.3947083782418,1.2064451614874284e-08
1276.4947083782417,1.2799437459661426e-08
1276.5947083782416,1.3577882828575383e-08
1276.6947083782416,1.4402275285066095e-08
1276.7947083782415,1.5275239780444732e-08
1276.8947083782414,1.619954594630064e-08
1276.9947083782413,1.717811575702602e-08
1277.0947083782412,1.8214031580286807e-08
1277.194708378241,1.9310544634090337e-08
1277.294708378241,2.047108386993948e-08
1277.394708378241,2.169926530244555e-08
1277.4947083782408,2.2998901806684147e-08
1277.5947083782407,2.4374013405533476e-08
1277.6947083782406,2.5828838070226903e-08
1277.7947083782406,2.736784305838374e-08
1277.8947083782405,2.8995736814862476e-08
1277.9947083782404,3.071748146189608e-08
1278.0947083782403,3.253830590613821e-08
1278.1947083782402,3.446371959146447e-08
1278.29470837824,3.649952692762904e-08
1278.39470837824,3.865184242619923e-08
1278.49470837824,4.0927106576549804e-08
1278.5947083782398,4.333210249612337e-08
1278.6947083782397,4.5873973390640814e-08
1278.7947083782396,4.8560240861481506e-08
1278.8947083782396,5.139882409904986e-08
1278.9947083782395,5.4398060002603535e-08
1279.0947083782394,5.756672426874964e-08
1279.1947083782393,6.091405349259674e-08
1279.2947083782392,6.444976832742329e-08
1279.394708378239,6.818409775065122e-08
1279.494708378239,7.212780448592128e-08
1279.594708378239,7.629221163315736e-08
1279.6947083782388,8.068923056066473e-08
1279.7947083782387,8.533139011556299e-08
1279.8947083782386,9.02318672111785e-08
1279.9947083782386,9.54045188524482e-08
1280.0947083782385,1.0086391566289515e-07
1280.1947083782384,1.0662537697933993e-07
1280.2947083782383,1.1270500758321433e-07
1280.3947083782382,1.1911973614014828e-07
1280.494708378238,1.2588735542240097e-07
1280.594708378238,1.3302656439172185e-07
1280.694708378238,1.405570122233448e-07
1280.7947083782378,1.48499344355059e-07
1280.8947083782377,1.5687525064864196e-07
1280.9947083782376,1.657075157544176e-07
1281.0947083782376,1.7502007177330218e-07
1281.1947083782375,1.8483805331440909e-07
1281.2947083782374,1.951878550501539e-07
1281.3947083782373,2.0609719187478813e-07
1281.4947083782372,2.1759516177640966e-07
1281.594708378237,2.2971231153679382e-07
1281.694708378237,2.424807053777903e-07
1281.794708378237,2.559339966776168e-07
1281.8947083782368,2.701075028851139e-07
1281.9947083782367,2.8503828376491997e-07
1282.0947083782366,3.007652231115691e-07
1282.1947083782366,3.173291140757683e-07
1282.2947083782365,3.347727482515047e-07
1282.3947083782364,3.5314100867820896e-07
1282.4947083782363,3.724809669179987e-07
1282.5947083782362,3.928419843739542e-07
1282.694708378236,4.142758180215724e-07
1282.794708378236,4.3683673073186197e-07
1282.894708378236,4.605816063711496e-07
1282.9947083782358,4.855700698693994e-07
1283.0947083782357,5.11864612455871e-07
1283.1947083782356,5.39530722268152e-07
1283.2947083782356,5.686370205480076e-07
1283.3947083782355,5.992554036452288e-07
1283.4947083782354,6.314611910585002e-07
1283.5947083782353,6.653332797505522e-07
1283.6947083782352,7.009543049831826e-07
1283.794708378235,7.38410807926497e-07
1283.894708378235,7.777934103055459e-07
1283.994708378235,8.191969963568532e-07
1284.0947083782348,8.627209023766924e-07
1284.1947083782347,9.084691141528192e-07
1284.2947083782346,9.565504725813655e-07
1284.3947083782346,1.007078887780939e-06
1284.4947083782345,1.0601735620266579e-06
1284.5947083782344,1.11595922183775e-06
1284.6947083782343,1.1745663595636595e-06
1284.7947083782342,1.2361314848251039e-06
1284.894708378234,1.3007973861785748e-06
1284.994708378234,1.3687134033848606e-06
1285.094708378234,1.440035710674894e-06
1285.1947083782338,1.5149276114190446e-06
1285.2947083782337,1.5935598446193453e-06
1285.3947083782336,1.6761109036577433e-06
1285.4947083782336,1.7627673677474714e-06
1285.5947083782335,1.85372424654906e-06
1285.6947083782334,1.949185338427232e-06
1285.7947083782333,2.0493636028400654e-06
1285.8947083782332,2.1544815473673874e-06
1285.994708378233,2.264771629901287e-06
1286.094708378233,2.3804766765379455e-06
1286.194708378233,2.501850315726806e-06
1286.2947083782328,2.6291574292501545e-06
1286.3947083782327,2.7626746206239563e-06
1286.4947083782326,2.9026907015286136e-06
1286.5947083782326,3.049507196896991e-06
1286.6947083782325,3.2034388693056654e-06
1286.7947083782324,3.3648142633350254e-06
1286.8947083782323,3.5339762705833944e-06
1286.9947083782322,3.711282716040684e-06
1287.094708378232,3.897106966547851e-06
1287.194708378232,4.091838562089542e-06
1287.294708378232,4.2958838706888825e-06
1287.3947083782318,4.509666767695806e-06
1287.4947083782317,4.733629340282358e-06
1287.5947083782316,4.968232617982191e-06
1287.6947083782316,5.213957330134378e-06
1287.7947083782315,5.471304691116288e-06
1287.8947083782314,5.740797214274257e-06
1287.9947083782313,6.022979555486402e-06
1288.0947083782312,6.318419387317081e-06
1288.194708378231,6.627708304748574e-06
1288.294708378231,6.951462763502287e-06
1288.394708378231,7.290325051988733e-06
1288.4947083782308,7.644964297952884e-06
1288.5947083782307,8.016077510909799e-06
1288.6947083782306,8.40439066149396e-06
1288.7947083782306,8.810659798874397e-06
1288.8947083782305,9.23567220741789e-06
1288.9947083782304,9.680247603811722e-06
1289.0947083782303,1.0145239375888925e-05
1289.1947083782302,1.0631535864428946e-05
1289.29470837823,1.1140061689239126e-05
1289.39470837823,1.1671779120853563e-05
1289.49470837823,1.222768949921899e-05
1289.5947083782298,1.280883470076957e-05
1289.6947083782297,1.341629865532652e-05
1289.7947083782296,1.4051208914292053e-05
1289.8947083782296,1.471473827164102e-05
1289.9947083782295,1.540810643924898e-05
1290.0947083782294,1.6132581778129995e-05
1290.1947083782293,1.688948308719356e-05
1290.2947083782292,1.768018145116528e-05
1290.394708378229,1.8506102149352736e-05
1290.494708378229,1.936872662697497e-05
1290.594708378229,2.0269594530810063e-05
1290.6947083782288,2.1210305810953402e-05
1290.7947083782287,2.219252289051772e-05
1290.8947083782286,2.3217972905141525e-05
1290.9947083782286,2.4288450014214005e-05
1291.0947083782285,2.540581778576057e-05
1291.1947083782284,2.6572011656973356e-05
1291.2947083782283,2.7789041472409628e-05
1291.3947083782282,2.9058994101919867e-05
1291.494708378228,3.038403614040838e-05
1291.594708378228,3.176641669156531e-05
1291.694708378228,3.320847023775394e-05
1291.7947083782278,3.471261959827036e-05
1291.8947083782277,3.6281378978238955e-05
1291.9947083782276,3.791735711044159e-05
1292.0947083782276,3.962326049242212e-05
1292.1947083782275,4.140189672124365e-05
1292.2947083782274,4.3256177928320434e-05
1292.3947083782273,4.518912431678122e-05
1292.4947083782272,4.720386780386297e-05
1292.594708378227,4.93036557708723e-05
1292.694708378227,5.149185492328977e-05
1292.794708378227,5.377195526363309e-05
1292.8947083782268,5.6147574179730566e-05
1292.9947083782267,5.862246065109703e-05
1293.0947083782266,6.120049957613843e-05
1293.1947083782266,6.388571622295122e-05
1293.2947083782265,6.668228080651698e-05
1293.3947083782264,6.959451319512866e-05
1293.4947083782263,7.262688774892104e-05
1293.5947083782262,7.578403829341059e-05
1293.694708378226,7.907076323098304e-05
1293.794708378226,8.249203079330295e-05
1293.894708378226,8.605298443764549e-05
1293.9947083782258,8.975894839018716e-05
1294.0947083782257,9.361543333931704e-05
1294.1947083782256,9.762814228206223e-05
1294.2947083782256,0.00010180297652674258
1294.3947083782255,0.00010614604185500665
1294.4947083782254,0.00011066365484640866
1294.5947083782253,0.00011536234936872813
1294.6947083782252,0.00012024888323723879
1294.794708378225,0.00012533024504616413
1294.894708378225,0.00013061366117556882
1294.994708378225,0.00013610660297695728
1295.0947083782248,0.0001418167941408561
1295.1947083782247,0.00014775221824968183
1295.2947083782246,0.00015392112651919175
1295.3947083782245,0.00016033204573183833
1295.4947083782245,0.00016699378636533818
1295.5947083782244,0.0001739154509197853
1295.6947083782243,0.00018110644244662702
1295.7947083782242,0.00018857647328282627
1295.894708378224,0.00019633557399352695
1295.994708378224,0.00020439410252653348
1296.094708378224,0.0002127627535819033
1296.1947083782238,0.0002214525681999409
1296.2947083782237,0.00023047494357086366
1296.3947083782236,0.0002398416430693892
1296.4947083782235,0.00024956480651747875
1296.5947083782235,0.0002596569606784283
1296.6947083782234,0.00027013102998549375
1296.7947083782233,0.00028100034750817377
1296.8947083782232,0.0002922786661592636
1296.994708378223,0.0003039801701457357
1297.094708378223,0.00031611948666645503
1297.194708378223,0.0003287116978597043
1297.2947083782228,0.0003417723530034223
1297.3947083782227,0.00035531748097100636
1297.4947083782226,0.0003693636029454724
1297.5947083782225,0.00038392774539468803
1297.6947083782225,0.0003990274533103297
1297.7947083782224,0.0004146808037131322
1297.8947083782223,0.00043090641942691496
1297.9947083782222,0.0004477234831237941
1298.094708378222,0.0004651517516428722
1298.194708378222,0.0004832115705846194
1298.294708378222,0.0005019238891830501
1298.3947083782218,0.0005213102754576856
1298.4947083782217,0.0005413929316471682
1298.5947083782216,0.0005621947099262995
1298.6947083782215,0.0005837391284081082
1298.7947083782215,0.0006060503874324509
1298.8947083782214,0.0006291533861424934
1298.9947083782213,0.0006530737393502661
1299.0947083782212,0.0006778377946923542
1299.194708378221,0.000703472650076603
1299.294708378221,0.000730006171420557
1299.394708378221,0.0007574670106821876
1299.4947083782208,0.0007858846241832595
1299.5947083782207,0.0008152892912255274
1299.6947083782206,0.0008457121329997264
1299.7947083782205,0.0008771851317871477
1299.8947083782205,0.00090974115045335
1299.9947083782204,0.0009434139522333738
1300.0947083782203,0.0009782382208075575
1300.1947083782202,0.0010142495806668577
1300.29470837822,0.0010514846177663228
1300.39470837822,0.0010899809004651024
1300.49470837822,0.0011297770007511494
1300.5947083782198,0.0011709125157484783
1300.6947083782197,0.001213428089504593
1300.7947083782196,0.0012573654350553842
1300.8947083782195,0.0013027673567645509
1300.9947083782195,0.001349677772934279
1301.0947083782194,0.001398141738683568
1301.1947083782193,0.0014482054690903724
1301.2947083782192,0.0014999163625933109
1301.394708378219,0.0015533230246484184
1301.494708378219,0.0016084752916360595
1301.594708378219,0.0016654242550127724
1301.6947083782188,0.001724222285702479
1301.7947083782187,0.0017849230587210934
1301.8947083782186,0.0018475815780282158
1301.9947083782185,0.0019122542015992455
1302.0947083782185,0.001978998666710772
1302.1947083782184,0.002047874115431805
1302.2947083782183,0.002118941120312956
1302.3947083782182,0.0021922617102652347
1302.494708378218,0.0022678993966197764
1302.594708378218,0.0023459191993593594
1302.694708378218,0.0024263876735120824
1302.7947083782178,0.002509372935697222
1302.8947083782177,0.0025949446908127946
1302.9947083782176,0.0026831742588538407
1303.0947083782175,0.0027741346018500764
1303.1947083782175,0.0028679003509110507
1303.2947083782174,0.0029645478333663964
1303.3947083782173,0.0030641550999884392
1303.4947083782172,0.0031668019522837223
1303.594708378217,0.0032725699698397228
1303.694708378217,0.0033815425377124054
1303.794708378217,0.003493804873839743
1303.8947083782168,0.003609444056465903
1303.9947083782167,0.003728549051560205
1304.0947083782166,0.0038512107402144742
1304.1947083782165,0.003977521946001863
1304.2947083782165,0.0041075774622796575
1304.3947083782164,0.004241474079418185
1304.4947083782163,0.004379310611937121
1304.5947083782162,0.004521187925530331
1304.694708378216,0.004667208963959413
1304.794708378216,0.004817478775795989
1304.894708378216,0.004972104540991839
1304.9947083782158,0.005131195597255761
1305.0947083782157,0.005294863466215245
1305.1947083782156,0.00546322187934064
1305.2947083782155,0.005636386803608848
1305.3947083782155,0.005814476466883107
1305.4947083782154,0.005997611382984804
1305.5947083782153,0.006185914376432782
1305.6947083782152,0.006379510606824943
1305.794708378215,0.006578527592836524
1305.894708378215,0.00678309523580883
1305.994708378215,0.006993345842901652
1306.0947083782148,0.00720941414978206
1306.1947083782147,0.007431437342821802
1306.2947083782146,0.007659555080774879
1306.3947083782145,0.00789390951590655
1306.4947083782145,0.008134645314544265
1306.5947083782144,0.008381909677020696
1306.6947083782143,0.008635852356978535
1306.7947083782142,0.008896625680006078
1306.894708378214,0.009164384561572378
1306.994708378214,0.00943928652423004
1307.094708378214,0.00972149171405345
1307.1947083782138,0.01001116291627972
1307.2947083782137,0.01030846557011912
1307.3947083782136,0.010613567782701566
1307.4947083782135,0.010926640342125036
1307.5947083782135,0.011247856729571643
1307.6947083782134,0.011577393130456552
1307.7947083782133,0.011915428444574697
1307.8947083782132,0.012262144295209781
1307.994708378213,0.012617725037169791
1308.094708378213,0.012982357763713056
1308.194708378213,0.013356232312328242
1308.2947083782128,0.013739541269331886
1308.3947083782127,0.014132479973246459
1308.4947083782126,0.014535246516921833
1308.5947083782125,0.014948041748362928
1308.6947083782125,0.015371069270225902
1308.7947083782124,0.015804535437945494
1308.8947083782123,0.01624864935645539
1308.9947083782122,0.01670362287546412
1309.094708378212,0.017169670583248184
1309.194708378212,0.017647009798924754
1309.294708378212,0.01813586056316556
1309.3947083782118,0.018636445627314306
1309.4947083782117,0.019148990440869464
1309.5947083782116,0.01967372313729451
1309.6947083782115,0.020210874518117934
1309.7947083782115,0.02076067803528538
1309.8947083782114,0.021323369771726226
1309.9947083782113,0.021899188420097575
1310.0947083782112,0.022488375259668486
1310.194708378211,0.023091174131307592
1310.294708378211,0.023707831410537915
1310.394708378211,0.024338595978622365
1310.4947083782108,0.024983719191644622
1310.5947083782107,0.025643454847549766
1310.6947083782106,0.026318059151109956
1310.7947083782105,0.027007790676780788
1310.8947083782105,0.027712910329414597
1310.9947083782104,0.028433681302797376
1311.0947083782103,0.029170369035976716
1311.1947083782102,0.02992324116734904
1311.29470837821,0.030692567486474608
1311.39470837821,0.03147861988359016
1311.49470837821,0.032281672296789195
1311.5947083782098,0.0331020006568413
1311.6947083782097,0.033939882829622646
1311.7947083782096,0.03479559855613014
1311.8947083782095,0.035669429390053874
1311.9947083782095,0.03656165863288239
1312.0947083782094,0.03747257126651693
1312.1947083782093,0.03840245388337163
1312.2947083782092,0.039351594613938584
1312.394708378209,0.04032028305179632
1312.494708378209,0.04130881017604326
1312.594708378209,0.04231746827113778
1312.6947083782088,0.04334655084412851
1312.7947083782087,0.04439635253925927
1312.8947083782086,0.045467169049935224
1312.9947083782085,0.04655929702803777
1313.0947083782085,0.047673033990577394
1313.1947083782084,0.04880867822367507
1313.2947083782083,0.0499665286838648
1313.3947083782082,0.051146884896711514
1313.494708378208,0.052350046852739515
1313.594708378208,0.053576314900669275
1313.694708378208,0.05482598963796206
1313.7947083782078,0.05609937179867308
1313.8947083782077,0.05739676213861658
1313.9947083782076,0.05871846131784711
1314.0947083782075,0.06006476978046446
1314.1947083782075,0.061435987631751204
1314.2947083782074,0.06283241451265283
1314.3947083782073,0.06425434947161439
1314.4947083782072,0.06570209083378821
1314.594708378207,0.06717593606763024
1314.694708378207,0.06867618164890373
1314.794708378207,0.07020312292211305
1314.8947083782068,0.07175705395939025
1314.9947083782067,0.07333826741686132
1315.0947083782066,0.07494705438852046
1315.1947083782065,0.0765837042576428
1315.2947083782065,0.07824850454576955
1315.3947083782064,0.0799417407593
1315.4947083782063,0.08166369623372957
1315.5947083782062,0.08341465197557352
1315.694708378206,0.08519488650201934
1315.794708378206,0.08700467567835371
1315.894708378206,0.08884429255321137
1315.9947083782058,0.09071400719169642
1316.0947083782057,0.09261408650642915
1316.1947083782056,0.0945447940865738
1316.2947083782055,0.09650639002490544
1316.3947083782055,0.09849913074297605
1316.4947083782054,0.10052326881444369
1316.5947083782053,0.10257905278663011
1316.6947083782052,0.104666727000375
1316.794708378205,0.10678653140825829
1316.894708378205,0.10893870139126315
1316.994708378205,0.11112346757395687
1317.0947083782048,0.1133410556382668
1317.1947083782047,0.11559168613593422
1317.2947083782046,0.11787557429972793
1317.3947083782045,0.12019292985350535
1317.4947083782045,0.122543956821209
1317.5947083782044,0.12492885333488987
1317.6947083782043,0.12734781144185117
1317.7947083782042,0.12980101691100893
1317.894708378204,0.13228864903856727
1317.994708378204,0.13481088045311013
1318.094708378204,0.13736787692021227
1318.1947083782038,0.13995979714667464
1318.2947083782037,0.14258679258449306
1318.3947083782036,0.14524900723466921
1318.4947083782035,0.147946577450977
1318.5947083782034,0.15067963174379806
1318.6947083782034,0.15344829058414333
1318.7947083782033,0.1562526662079793
1318.8947083782032,0.15909286242097914
1318.994708378203,0.16196897440382096
1319.094708378203,0.16488108851815864
1319.194708378203,0.1678292821133902
1319.2947083782028,0.17081362333435163
1319.3947083782027,0.17383417093006706
1319.4947083782026,0.1768909740636844
1319.5947083782025,0.17998407212373113
1319.6947083782024,0.1831134945368226
1319.7947083782024,0.18627926058195973
1319.8947083782023,0.18948137920655217
1319.9947083782022,0.19271984884430488
1320.094708378202,0.19599465723510748
1320.194708378202,0.19930578124706638
1320.294708378202,0.20265318670082128
1320.3947083782018,0.20603682819628635
1320.4947083782017,0.20945664894196092
1320.5947083782016,0.21291258058695128
1320.6947083782015,0.21640454305584808
1320.7947083782014,0.2199324443866041
1320.8947083782014,0.2234961805715551
1320.9947083782013,0.2270956354017319
1321.0947083782012,0.23073068031460436
1321.194708378201,0.23440117424540685
1321.294708378201,0.23810696348218574
1321.394708378201,0.24184788152471645
1321.4947083782008,0.245623748947434
1321.5947083782007,0.24943437326651854
1321.6947083782006,0.25327954881128284
1321.7947083782005,0.25715905660000093
1321.8947083782004,0.26107266422032177
1321.9947083782004,0.2650201257144072
1322.0947083782003,0.269001181468936
1322.1947083782002,0.27301555811010947
1322.2947083782,0.27706296840379924
1322.3947083782,0.28114311116097
1322.4947083782,0.28525567114851363
1322.5947083781998,0.2894003190056253
1322.6947083781997,0.2935767111658541
1322.7947083781996,0.2977844897849552
1322.8947083781995,0.30202328267467105
1322.9947083781994,0.3062927032425656
1323.0947083781994,0.3105923504380341
1323.1947083781993,0.3149218087046071
1323.2947083781992,0.3192806479386665
1323.394708378199,0.32366842345468727
1323.494708378199,0.3280846759571162
1323.594708378199,0.3325289315189966
1323.6947083781988,0.337000701567443
1323.7947083781987,0.3414994828760696
1323.8947083781986,0.34602475756446893
1323.9947083781985,0.3505759931048374
1324.0947083781984,0.3551526423358393
1324.1947083781984,0.3597541434837957
1324.2947083781983,0.36437992019128357
1324.3947083781982,0.36902938155322434
1324.494708378198,0.3737019221605383
1324.594708378198,0.3783969221514357
1324.694708378198,0.3831137472704132
1324.7947083781978,0.38785174893501756
1324.8947083781977,0.3926102643104355
1324.9947083781976,0.3973886163919641
1325.0947083781975,0.40218611409540966
1325.1947083781974,0.40700205235546083
1325.2947083781974,0.4118357122320741
1325.3947083781973,0.4166863610249076
1325.4947083781972,0.4215532523958309
1325.594708378197,0.4264356264995363
1325.694708378197,0.4313327101222703
1325.794708378197,0.4362437168286981
1325.8947083781968,0.44116784711691087
1325.9947083781967,0.446104288581577
1326.0947083781966,0.4510522160852356
1326.1947083781965,0.45601079193772337
1326.2947083781964,0.4609791660837217
1326.3947083781964,0.46595647629840303
1326.4947083781963,0.470941848391152
1326.5947083781962,0.47593439641732993
1326.694708378196,0.48093322289804535
1326.794708378196,0.4859374190478883
1326.894708378196,0.4909460650105787
1326.9947083781958,0.49595823010247503
1327.0947083781957,0.5009729730638816
1327.1947083781956,0.5059893423180886
1327.2947083781955,0.511006376238073
1327.3947083781954,0.5160231034207794
1327.4947083781954,0.5210385429688994
1327.5947083781953,0.5260517047800561
1327.6947083781952,0.5310615898433004
1327.794708378195,0.5360671905428134
1327.894708378195,0.5410674909687101
1327.994708378195,0.5460614672348272
1328.0947083781948,0.5510480878033778
1328.1947083781947,0.5560263138163446
1328.2947083781946,0.5609950994334825
1328.3947083781945,0.565953392176792
1328.4947083781944,0.5709001332813205
1328.5947083781944,0.5758342580521432
1328.6947083781943,0.5807546962273703
1328.7947083781942,0.5856603723470204
1328.894708378194,0.590550206127594
1328.994708378194,0.59542311284218
1329.094708378194,0.6002780037059163
1329.1947083781938,0.6051137862666267
1329.2947083781937,0.6099293648004472
1329.3947083781936,0.6147236407122514
1329.4947083781935,0.61949551294068
1329.5947083781934,0.6242438783675738
1329.6947083781934,0.6289676322316077
1329.7947083781933,0.633665668545913
1329.8947083781932,0.6383368805194778
1329.994708378193,0.6429801609821071
1330.094708378193,0.6475944028127205
1330.194708378193,0.6521784993707619
1330.2947083781928,0.6567313449304929
1330.3947083781927,0.6612518351179356
1330.4947083781926,0.6657388673502298
1330.5947083781925,0.6701913412771636
1330.6947083781924,0.6746081592246359
1330.7947083781924,0.6789882266398033
1330.8947083781923,0.6833304525376648
1330.9947083781922,0.6876337499488311
1331.094708378192,0.6918970363682265
1331.194708378192,0.6961192342044658
1331.294708378192,0.7002992712296495
1331.3947083781918,0.7044360810293171
1331.4947083781917,0.7085286034522955
1331.5947083781916,0.7125757850601819
1331.6947083781915,0.7165765795761941
1331.7947083781914,0.7205299483331234
1331.8947083781914,0.7244348607201258
1331.9947083781913,0.7282902946280796
1332.0947083781912,0.7320952368932472
1332.194708378191,0.735848683738968
1332.294708378191,0.7395496412151176
1332.394708378191,0.7431971256350636
1332.4947083781908,0.7467901640098514
1332.5947083781907,0.7503277944793515
1332.6947083781906,0.7538090667401026
1332.7947083781905,0.7572330424695847
1332.8947083781904,0.760598795746659
1332.9947083781904,0.7639054134679089
1333.0947083781903,0.7671519957596231
1333.1947083781902,0.7703376563851617
1333.29470837819,0.7734615231474435
1333.39470837819,0.7765227382863047
1333.49470837819,0.7795204588704714
1333.5947083781898,0.7824538571838991
1333.6947083781897,0.7853221211062277
1333.7947083781896,0.7881244544871115
1333.8947083781895,0.790860077514181
1333.9947083781894,0.7935282270743973
1334.0947083781894,0.7961281571085681
1334.1947083781893,0.798659138958792
1334.2947083781892,0.8011204617086066
1334.394708378189,0.8035114325156175
1334.494708378189,0.8058313769363893
1334.594708378189,0.8080796392433888
1334.6947083781888,0.8102555827337674
1334.7947083781887,0.812358590029784
1334.8947083781886,0.8143880633706648
1334.9947083781885,0.8163434248957127
1335.0947083781884,0.8182241169184731
1335.1947083781884,0.8200296021917781
1335.2947083781883,0.8217593641634904
1335.3947083781882,0.8234129072227783
1335.494708378188,0.8249897569367549
1335.594708378188,0.8264894602773273
1335.694708378188,0.8279115858380983
1335.7947083781878,0.8292557240411819
1335.8947083781877,0.8305214873337883
1335.9947083781876,0.8317085103744486
1336.0947083781875,0.8328164502087549
1336.1947083781874,0.8338449864344952
1336.2947083781874,0.8347938213560727
1336.3947083781873,0.8356626801281072
1336.4947083781872,0.8364513108881175
1336.594708378187,0.8371594848782001
1336.694708378187,0.8377869965556174
1336.794708378187,0.8383336636922228
1336.8947083781868,0.8387993274626567
1336.9947083781867,0.8391838525212503
1337.0947083781866,0.8394871270675868
1337.1947083781865,0.8397090629006774
1337.2947083781864,0.8398495954617111
1337.3947083781864,0.8399086838653536
1337.4947083781863,0.8398951285153196
1337.5947083781862,0.8398287560123466
1337.694708378186,0.8397103249962071
1337.794708378186,0.839539857492076
1337.894708378186,0.8393173851989633
1337.9947083781858,0.8390429494798899
1338.0947083781857,0.838716601349071
1338.1947083781856,0.838338401456111
1338.2947083781855,0.8379084200672189
1338.3947083781854,0.8374267370434503
1338.4947083781854,0.8368934418159869
1338.5947083781853,0.8363086333584634
1338.6947083781852,0.8356724201563545
1338.794708378185,0.8349849201734343
1338.894708378185,0.8342462608153232
1338.994708378185,0.8334565788901381
1339.0947083781848,0.8326160205662637
1339.1947083781847,0.8317247413272604
1339.2947083781846,0.8307829059239313
1339.3947083781845,0.8297906883235686
1339.4947083781844,0.828748271656399
1339.5947083781844,0.8276558481592526
1339.6947083781843,0.8265136191164824
1339.7947083781842,0.8253217947981527
1339.894708378184,0.8240805943955315
1339.994708378184,0.8227902459539076
1340.094708378184,0.821450986302766
1340.1947083781838,0.8200630609833481
1340.2947083781837,0.8186267241736298
1340.3947083781836,0.8171422386107499
1340.4947083781835,0.8156098755109191
1340.5947083781834,0.814029914486848
1340.6947083781833,0.8124026434627252
1340.7947083781833,0.810728358586784
1340.8947083781832,0.8090073641414954
1340.994708378183,0.8072399724514228
1341.094708378183,0.8054265037887804
1341.194708378183,0.8035672862767337
1341.2947083781828,0.8016626557904826
1341.3947083781827,0.7997129558561709
1341.4947083781826,0.7977185375476616
1341.5947083781825,0.7956797593812255
1341.6947083781824,0.7935969872081818
1341.7947083781823,0.7914705941055429
1341.8947083781823,0.7893009602647009
1341.9947083781822,0.7870884728782103
1342.094708378182,0.7848335260247071
1342.194708378182,0.782536520552018
1342.294708378182,0.7801978639585031
1342.3947083781818,0.7778179702726854
1342.4947083781817,0.7753972599312142
1342.5947083781816,0.7729361596552141
1342.6947083781815,0.7704351023250688
1342.7947083781814,0.7678945268536942
1342.8947083781813,0.7653148780583483
1342.9947083781813,0.7626966065310344
1343.0947083781812,0.7600401685075476
1343.194708378181,0.7573460257352194
1343.294708378181,0.7546146453394121
1343.394708378181,0.7518464996888202
1343.4947083781808,0.7490420662596289
1343.5947083781807,0.7462018274985873
1343.6947083781806,0.7433262706850503
1343.7947083781805,0.740415887792044
1343.8947083781804,0.7374711753464094
1343.9947083781803,0.7344926342880818
1344.0947083781803,0.7314807698285584
1344.1947083781802,0.728436091308614
1344.29470837818,0.725359112055316
1344.39470837818,0.7222503492383984
1344.49470837818,0.7191103237260493
1344.5947083781798,0.7159395599401676
1344.6947083781797,0.7127385857111448
1344.7947083781796,0.7095079321322302
1344.8947083781795,0.706248133413531
1344.9947083781794,0.7029597267357078
1345.0947083781793,0.6996432521034182
1345.1947083781793,0.6962992521985643
1345.2947083781792,0.6929282722334009
1345.394708378179,0.6895308598035589
1345.494708378179,0.6861075647410376
1345.594708378179,0.6826589389672231
1345.6947083781788,0.679185536345984
1345.7947083781787,0.6756879125369022
1345.8947083781786,0.6721666248486892
1345.9947083781785,0.6686222320928441
1346.0947083781784,0.6650552944376038
1346.1947083781783,0.6614663732622406
1346.2947083781783,0.6578560310117565
1346.3947083781782,0.6542248310520302
1346.494708378178,0.6505733375254631
1346.594708378178,0.6469021152071783
1346.694708378178,0.6432117293618234
1346.7947083781778,0.6395027456010236
1346.8947083781777,0.6357757297415384
1346.9947083781776,0.6320312476641663
1347.0947083781775,0.6282698651734493
1347.1947083781774,0.6244921478582226
1347.2947083781773,0.6206986609530555
1347.3947083781773,0.6168899692006322
1347.4947083781772,0.613066636715115
1347.594708378177,0.6092292268465366
1347.694708378177,0.6053783020462649
1347.794708378177,0.6015144237335829
1347.8947083781768,0.5976381521634271
1347.9947083781767,0.5937500462953259
1348.0947083781766,0.5898506636635785
1348.1947083781765,0.5859405602487145
1348.2947083781764,0.5820202903502748
1348.3947083781763,0.5780904064609499
1348.4947083781763,0.5741514591421151
1348.5947083781762,0.5702039969007997
1348.694708378176,0.5662485660681248
1348.794708378176,0.5622857106792439
1348.894708378176,0.5583159723548251
1348.9947083781758,0.554339890184101
1349.0947083781757,0.5503580006095259
1349.1947083781756,0.5463708373130668
1349.2947083781755,0.5423789311041599
1349.3947083781754,0.5383828098093644
1349.4947083781753,0.5343829981637376
1349.5947083781753,0.5303800177039653
1349.6947083781752,0.5263743866632669
1349.794708378175,0.5223666198681074
1349.894708378175,0.5183572286367375
1349.994708378175,0.5143467206795856
1350.0947083781748,0.5103356000015269
1350.1947083781747,0.5063243668060483
1350.2947083781746,0.5023135174013326
1350.3947083781745,0.4983035441082801
1350.4947083781744,0.49429493517048745
1350.5947083781743,0.4902881746662009
1350.6947083781743,0.4862837424222611
1350.7947083781742,0.48228211393005616
1350.894708378174,0.4782837602634951
1350.994708378174,0.4742891479990201
1351.094708378174,0.47029873913766546
1351.1947083781738,0.46631299102917884
1351.2947083781737,0.4623323562982137
1351.3947083781736,0.45835728277260396
1351.4947083781735,0.4543882134137288
1351.5947083781734,0.45042558624897633
1351.6947083781733,0.4464698343063132
1351.7947083781733,0.4425213855509648
1351.8947083781732,0.43858066282421315
1351.994708378173,0.43464808378431485
1352.094708378173,0.430724060849543
1352.194708378173,0.42680900114335496
1352.2947083781728,0.42290330644168805
1352.3947083781727,0.4190073731223814
1352.4947083781726,0.41512159211672645
1352.5947083781725,0.4112463488631414
1352.6947083781724,0.40738202326296946
1352.7947083781723,0.40352898963839684
1352.8947083781723,0.3996876166924856
1352.9947083781722,0.3958582674713172
1353.094708378172,0.39204129932824067
1353.194708378172,0.3882370638902181
1353.294708378172,0.3844459070262605
1353.3947083781718,0.38066816881794485
1353.4947083781717,0.3769041835320032
1353.5947083781716,0.373154279594975
1353.6947083781715,0.369418779569909
1353.7947083781714,0.36569800013510656
1353.8947083781713,0.3619922520648911
1353.9947083781713,0.35830184021239136
1354.0947083781712,0.3546270634943259
1354.194708378171,0.35096821487777174
1354.294708378171,0.3473255813689044
1354.394708378171,0.3436994440036909
1354.4947083781708,0.34009007784052075
1354.5947083781707,0.33649775195475695
1354.6947083781706,0.3329227294351888
1354.7947083781705,0.3293652673823679
1354.8947083781704,0.3258256169088085
1354.9947083781703,0.3223040231410316
1355.0947083781703,0.31880072522343333
1355.1947083781702,0.3153159563239551
1355.29470837817,0.31184994364153573
1355.39470837817,0.3084029084153222
1355.49470837817,0.30497506593561613
1355.5947083781698,0.301566625556535
1355.6947083781697,0.29817779071036093
1355.7947083781696,0.29480875892355657
1355.8947083781695,0.2914597218344213
1355.9947083781694,0.2881308652123634
1356.0947083781693,0.2848223689787626
1356.1947083781693,0.2815344072293981
1356.2947083781692,0.27826714825841486
1356.394708378169,0.27502075458380176
1356.494708378169,0.2717953829743552
1356.594708378169,0.2685911844781008
1356.6947083781688,0.2654083044521461
1356.7947083781687,0.26224688259393425
1356.8947083781686,0.2591070529738747
1356.9947083781685,0.25598894406931805
1357.0947083781684,0.2528926787998499
1357.1947083781683,0.2498183745638726
1357.2947083781683,0.24676614327644758
1357.3947083781682,0.2437360914083676
1357.494708378168,0.24072832002643066
1357.594708378168,0.237742924834885
1357.694708378168,0.23477999621801618
1357.7947083781678,0.23183961928384686
1357.8947083781677,0.2289218739089174
1357.9947083781676,0.22602683478411958
1358.0947083781675,0.22315457146155185
1358.1947083781674,0.22030514840236634
1358.2947083781673,0.21747862502557758
1358.3947083781673,0.21467505575780238
1358.4947083781672,0.21189449008390054
1358.594708378167,0.20913697259848682
1358.694708378167,0.20640254305828284
1358.794708378167,0.20369123643527937
1358.8947083781668,0.20100308297067893
1358.9947083781667,0.19833810822958783
1359.0947083781666,0.19569633315642865
1359.1947083781665,0.19307777413104193
1359.2947083781664,0.19048244302544856
1359.3947083781663,0.1879103472612416
1359.4947083781663,0.18536148986757964
1359.5947083781662,0.18283586953975056
1359.694708378166,0.18033348069827718
1359.794708378166,0.17785431354853562
1359.894708378166,0.17539835414085714
1359.9947083781658,0.17296558443108492
1360.0947083781657,0.17055598234155642
1360.1947083781656,0.16816952182248393
1360.2947083781655,0.16580617291370475
1360.3947083781654,0.16346590180677217
1360.4947083781653,0.1611486709073613
1360.5947083781653,0.1588544388979604
1360.6947083781652,0.15658316080082207
1360.794708378165,0.15433478804114603
1360.894708378165,0.1521092685104684
1360.994708378165,0.14990654663022945
1361.0947083781648,0.1477265634154948
1361.1947083781647,0.1455692565388044
1361.2947083781646,0.14343456039412322
1361.3947083781645,0.14132240616086914
1361.4947083781644,0.13923272186799276
1361.5947083781643,0.13716543245808513
1361.6947083781643,0.13512045985148952
1361.7947083781642,0.1330977230103923
1361.894708378164,0.13109713800287123
1361.994708378164,0.12911861806687697
1362.094708378164,0.1271620736741257
1362.1947083781638,0.12522741259388007
1362.2947083781637,0.12331453995659784
1362.3947083781636,0.12142335831742489
1362.4947083781635,0.11955376771951327
1362.5947083781634,0.11770566575714253
1362.6947083781633,0.11587894763862437
1362.7947083781633,0.11407350624897089
1362.8947083781632,0.11228923221230654
1362.994708378163,0.11052601395400513
1363.094708378163,0.10878373776253329
1363.1947083781629,0.1070622878509815
1363.2947083781628,0.1053615464182654
1363.3947083781627,0.10368139370998068
1363.4947083781626,0.10202170807889266
1363.5947083781625,0.10038236604504604
1363.6947083781624,0.0987632423554775
1363.7947083781623,0.09716421004351608
1363.8947083781622,0.0955851404876555
1363.9947083781622,0.09402590346998432
1364.094708378162,0.09248636723415873
1364.194708378162,0.09096639854290489
1364.2947083781619,0.08946586273503654
1364.3947083781618,0.08798462378197523
1364.4947083781617,0.08652254434376004
1364.5947083781616,0.08507948582453535
1364.6947083781615,0.0836553084275039
1364.7947083781614,0.0822498712093344
1364.8947083781613,0.08086303213401229
1364.9947083781612,0.07949464812612358
1365.0947083781612,0.07814457512356132
1365.194708378161,0.0768126681296449
1365.294708378161,0.07549878126464313
1365.3947083781609,0.07420276781669213
1365.4947083781608,0.07292448029209984
1365.5947083781607,0.07166377046502825
1365.6947083781606,0.07042048942654681
1365.7947083781605,0.06919448763304917
1365.8947083781604,0.0679856149540261
1365.9947083781603,0.06679372071918893
1366.0947083781602,0.06561865376493697
1366.1947083781602,0.06446026248016304
1366.29470837816,0.06331839485139228
1366.39470837816,0.06219289850724915
1366.4947083781599,0.06108362076224799
1366.5947083781598,0.05999040865990304
1366.6947083781597,0.05891310901515418
1366.7947083781596,0.057851568456104896
1366.8947083781595,0.05680563346506935
1366.9947083781594,0.05577515041892599
1367.0947083781593,0.054759965628775144
1367.1947083781592,0.05375992537889859
1367.2947083781592,0.052774875965019646
1367.394708378159,0.051804663731861926
1367.494708378159,0.05084913511000631
1367.5947083781589,0.049908136652044806
1367.6947083781588,0.048981515068031514
1367.7947083781587,0.04806911726022997
1367.8947083781586,0.0471707903571577
1367.9947083781585,0.04628638174692803
1368.0947083781584,0.04541573910988994
1368.1947083781583,0.04455871045056761
1368.2947083781582,0.04371514412890033
1368.3947083781582,0.04288488889078487
1368.494708378158,0.04206779389792188
1368.594708378158,0.04126370875696903
1368.6947083781579,0.04047248354800261
1368.7947083781578,0.039693968852290866
1368.8947083781577,0.03892801577938175
1368.9947083781576,0.03817447599350825
1369.0947083781575,0.037433201739314664
1369.1947083781574,0.036704045866907634
1369.2947083781573,0.03598686185623552
1369.3947083781572,0.035281503840800435
1369.4947083781572,0.03458782663070696
1369.594708378157,0.03390568573505223
1369.694708378157,0.03323493738366194
1369.7947083781569,0.032575438548176995
1369.8947083781568,0.03192704696249623
1369.9947083781567,0.03128962114257996
1370.0947083781566,0.030663020405620092
1370.1947083781565,0.030047104888582105
1370.2947083781564,0.029441735566124824
1370.3947083781563,0.028846774267903604
1370.4947083781562,0.02826208369526326
1370.5947083781562,0.027687527437326553
1370.694708378156,0.027122969986484707
1370.794708378156,0.026568276753296444
1370.8947083781559,0.0260233140808018
1370.9947083781558,0.025487949258257717
1371.0947083781557,0.02496205053430194
1371.1947083781556,0.024445487129552173
1371.2947083781555,0.023938129248647577
1371.3947083781554,0.023439848091739404
1371.4947083781553,0.02295051586543833
1371.5947083781552,0.022470005793225365
1371.6947083781552,0.021998192125333906
1371.794708378155,0.021534950148110178
1371.894708378155,0.0210801561928598
1371.9947083781549,0.020633687644187555
1372.0947083781548,0.020195422947838583
1372.1947083781547,0.019765241618047907
1372.2947083781546,0.019343024244406752
1372.3947083781545,0.018928652498252797
1372.4947083781544,0.01852200913859249
1372.5947083781543,0.018122978017563105
1372.6947083781542,0.01773144408544242
1372.7947083781542,0.01734729339521391
1372.894708378154,0.016970413106695333
1372.994708378154,0.016600691490238597
1373.0947083781539,0.01623801793000885
1373.1947083781538,0.015882282926850864
1373.2947083781537,0.0155333781007503
1373.3947083781536,0.015191196192898219
1373.4947083781535,0.014855631067366537
1373.5947083781534,0.014526577712402273
1373.6947083781533,0.014203932241348768
1373.7947083781532,0.01388759189320161
1373.8947083781532,0.013577455032807084
1373.994708378153,0.013273421150711284
1374.094708378153,0.012975390862667307
1374.1947083781529,0.012683265908808883
1374.2947083781528,0.01239694915249764
1374.3947083781527,0.012116344578852195
1374.4947083781526,0.011841357292966604
1374.5947083781525,0.011571893517825765
1374.6947083781524,0.011307860591925513
1374.7947083781523,0.011049166966605073
1374.8947083781522,0.010795722203099082
1374.9947083781522,0.010547436969316986
1375.094708378152,0.010304223036357077
1375.194708378152,0.010065993274762588
1375.2947083781519,0.009832661650527062
1375.3947083781518,0.009604143220856363
1375.4947083781517,0.009380354129694542
1375.5947083781516,0.009161211603020438
1375.6947083781515,0.008946633943922382
1375.7947083781514,0.00873654052745772
1375.8947083781513,0.008530851795304346
1375.9947083781512,0.00832948925021071
1376.0947083781512,0.008132375450251498
1376.194708378151,0.007939434002895332
1376.294708378151,0.007750589558891282
1376.3947083781509,0.007565767805980675
1376.4947083781508,0.007384895462440663
1376.5947083781507,0.007207900270465917
1376.6947083781506,0.007034710989394758
1376.7947083781505,0.006865257388785891
1376.8947083781504,0.0066994702413519696
1376.9947083781503,0.006537281315755832
1377.0947083781502,0.00637862336927562
1377.1947083781502,0.006223430140344428
1377.29470837815,0.006071636340970343
1377.39470837815,0.005923177649042616
1377.4947083781499,0.005777990700529459
1377.5947083781498,0.005636013081573028
1377.6947083781497,0.0054971833204870545
1377.7947083781496,0.005361440879662358
1377.8947083781495,0.005228726147385552
1377.9947083781494,0.005098980429576039
1378.0947083781493,0.004972145941446411
1378.1947083781492,0.004848165799091115
1378.2947083781492,0.004726984011008374
1378.394708378149,0.004608545469560015
1378.494708378149,0.004492795942374007
1378.5947083781489,0.004379682063694204
1378.6947083781488,0.0042691513256818275
1378.7947083781487,0.004161152069673144
1378.8947083781486,0.004055633477397541
1378.9947083781485,0.0039525455621603565
1379.0947083781484,0.0038518391599944683
1379.1947083781483,0.0037534659207847823
1379.2947083781482,0.0036573782993695233
1379.3947083781482,0.0035635295466221613
1379.494708378148,0.0034718737005178238
1379.594708378148,0.0033823655771877694
1379.6947083781479,0.0032949607619656034
1379.7947083781478,0.0032096156004286906
1379.8947083781477,0.0031262871894381624
1379.9947083781476,0.0030449333681808947
1380.0947083781475,0.0029655127092166533
1380.1947083781474,0.0028879845095335847
1380.2947083781473,0.002812308781615073
1380.3947083781472,0.0027384462445210395
1380.4947083781472,0.002666358314986459
1380.594708378147,0.002596007098540011
1380.694708378147,0.002527355380645556
1380.7947083781469,0.002460366617869058
1380.8947083781468,0.002395004929073607
1380.9947083781467,0.0023312350866449305
1381.0947083781466,0.0022690225077498815
1381.1947083781465,0.002208333245630205
1381.2947083781464,0.0021491339809338343
1381.3947083781463,0.002091392013085915
1381.4947083781462,0.0020350752517016408
1381.5947083781462,0.001980152208042955
1381.694708378146,0.0019265919865210424
1381.794708378146,0.0018743642762465251
1381.8947083781459,0.001823439342629181
1381.9947083781458,0.00177378801902887
1382.0947083781457,0.001725381698459438
1382.1947083781456,0.0016781923253471
1382.2947083781455,0.0016321923873449317
1382.3947083781454,0.0015873549072048816
1382.4947083781453,0.0015436534347087394
1382.5947083781452,0.0015010620386594015
1382.6947083781452,0.001459555298933704
1382.794708378145,0.0014191082985980658
1382.894708378145,0.0013796966160880752
1382.9947083781449,0.0013412963174531452
1383.0947083781448,0.0013038839486672414
1383.1947083781447,0.0012674365280067304
1383.2947083781446,0.0012319315384962074
1383.3947083781445,0.001197346920423229
1383.4947083781444,0.0011636610639227266
1383.5947083781443,0.0011308528016319296
1383.6947083781442,0.0010989014014164292
1383.7947083781442,0.0010677865591681404
1383.894708378144,0.00103748839167569
1383.994708378144,0.0010079874295678697
1384.0947083781439,0.0009792646103306232
1384.1947083781438,0.0009513012713980696
1384.2947083781437,0.0009240791433179861
1384.3947083781436,0.0008975803429921153
1384.4947083781435,0.0008717873669916693
1384.5947083781434,0.0008466830849483091
1384.6947083781433,0.0008222507330208602
1384.7947083781432,0.000798473907437991
1384.8947083781432,0.0007753365581170231
1384.994708378143,0.0007528229823590308
1385.094708378143,0.0007309178186203158
1385.1947083781429,0.0007096060403603472
1385.2947083781428,0.000688872949966183
1385.3947083781427,0.0006687041727533922
1385.4947083781426,0.0006490856510434274
1385.5947083781425,0.0006300036383174042
1385.6947083781424,0.0006114446934461793
1385.7947083781423,0.0005933956749966073
1385.8947083781422,0.0005758437356138212
1385.9947083781421,0.000558776316479369
1386.094708378142,0.0005421811418449766
1386.194708378142,0.0005260462136417174
1386.2947083781419,0.0005103598061643324
1386.3947083781418,0.0004951104608304009
1386.4947083781417,0.0004802869810140691
1386.5947083781416,0.0004658784269540067
1386.6947083781415,0.0004518741107352191
1386.7947083781414,0.0004382635913443769
1386.8947083781413,0.000425036669798231
1386.9947083781412,0.0004121833843447339
1387.0947083781411,0.0003996940057364133
1387.194708378141,0.00038755903257555965
1387.294708378141,0.0003757691867307572
1387.3947083781409,0.00036431540882427916
1387.4947083781408,0.000353188853789843
1387.5947083781407,0.00034238088650021946
1387.6947083781406,0.0003318830774641617
1387.7947083781405,0.00032168719859211874
1387.8947083781404,0.0003117852190301743
1387.9947083781403,0.0003021693010616487
1388.0947083781402,0.0002928317960757842
1388.1947083781401,0.0002837652406029276
1388.29470837814,0.00027496235241560577
1388.39470837814,0.0002664160266948941
1388.4947083781399,0.0002581193322614528
1388.5947083781398,0.00025006550787060874
1388.6947083781397,0.0002422479585708478
1388.7947083781396,0.0002346602521250771
1388.8947083781395,0.00022729611549400858
1388.9947083781394,0.0002201494313810072
1389.0947083781393,0.00021321423483775196
1389.1947083781392,0.00020648470993002866
1389.2947083781391,0.00019995518646300273
1389.394708378139,0.00019362013676528278
1389.494708378139,0.00018747417253110377
1389.5947083781389,0.0001815120417199465
1389.6947083781388,0.00017572862551290823
1389.7947083781387,0.00017011893532513614
1389.8947083781386,0.0001646781098736385
1389.9947083781385,0.0001594014122997762
1390.0947083781384,0.00015428422734574754
1390.1947083781383,0.00014932205858436906
1390.2947083781382,0.00014451052570146303
1390.3947083781381,0.00013984536183015242
1390.494708378138,0.00013532241093637277
1390.594708378138,0.0001309376252549067
1390.6947083781379,0.00012668706277524716
1390.7947083781378,0.0001225668847766007
1390.8947083781377,0.00011857335341133723
1390.9947083781376,0.00011470282933619882
1391.0947083781375,0.00011095176939058475
1391.1947083781374,0.00010731672432122107
1391.2947083781373,0.00010379433655254
1391.3947083781372,0.00010038133800208699
1391.4947083781371,9.707454794028016e-05
1391.594708378137,9.387087089384831e-05
1391.694708378137,9.076729459228017e-05
1391.7947083781369,8.776088795661705e-05
1391.8947083781368,8.484879912993044e-05
1391.9947083781367,8.202825354882204e-05
1392.0947083781366,7.929655205529916e-05
1392.1947083781365,7.665106904836892e-05
1392.2947083781364,7.408925067471487e-05
1392.3947083781363,7.160861305780969e-05
1392.4947083781362,6.920674056483415e-05
1392.5947083781361,6.688128411076904e-05
1392.694708378136,6.462995949903884e-05
1392.794708378136,6.24505457980856e-05
1392.8947083781359,6.034088375326013e-05
1392.9947083781358,5.829887423342383e-05
1393.0947083781357,5.6322476711655984e-05
1393.1947083781356,5.440970777947314e-05
1393.2947083781355,5.2558639693966615e-05
1393.3947083781354,5.076739895727611e-05
1393.4947083781353,4.903416492781924e-05
1393.5947083781352,4.7357168462704535e-05
1393.6947083781351,4.5734690590761456e-05
1393.794708378135,4.4165061215628474e-05
1393.894708378135,4.264665784834316e-05
1393.9947083781349,4.117790436888937e-05
1394.0947083781348,3.975726981615811e-05
1394.1947083781347,3.838326720578973e-05
1394.2947083781346,3.7054452375367615e-05
1394.3947083781345,3.576942285644271e-05
1394.4947083781344,3.452681677287409e-05
1394.5947083781343,3.332531176497668e-05
1394.6947083781342,3.2163623938974844e-05
1394.7947083781341,3.1040506841266264e-05
1394.894708378134,2.995475045700786e-05
1394.994708378134,2.8905180232542116e-05
1395.0947083781339,2.7890656121188453e-05
1395.1947083781338,2.6910071651930535e-05
1395.2947083781337,2.596235302053889e-05
1395.3947083781336,2.5046458202671786e-05
1395.4947083781335,2.41613760885079e-05
1395.5947083781334,2.3306125638466373e-05
1395.6947083781333,2.247975505958082e-05
1395.7947083781332,2.1681341002097122e-05
1395.8947083781331,2.0909987775872885e-05
1395.994708378133,2.0164826586163765e-05
1396.094708378133,1.944501478838556e-05
1396.1947083781329,1.874973516145081e-05
1396.2947083781328,1.8078195199282528e-05
1396.3947083781327,1.7429626420115587e-05
1396.4947083781326,1.6803283693201392e-05
1396.5947083781325,1.6198444582539402e-05
1396.6947083781324,1.561440870726339e-05
1396.7947083781323,1.5050497118318381e-05
1396.8947083781322,1.4506051691069205e-05
1396.9947083781321,1.3980434533487936e-05
1397.094708378132,1.3473027409574176e-05
1397.194708378132,1.2983231177667408e-05
1397.2947083781319,1.2510465243317062e-05
1397.3947083781318,1.205416702638174e-05
1397.4947083781317,1.1613791442034951e-05
1397.5947083781316,1.1188810395360464e-05
1397.6947083781315,1.0778712289226298e-05
1397.7947083781314,1.0383001545131672e-05
1397.8947083781313,1.0001198136727546e-05
1397.9947083781312,9.63283713571626e-06
1398.0947083781311,9.277468269841834e-06
1398.194708378131,8.934655492687437e-06
1398.294708378131,8.603976565002577e-06
1398.3947083781309,8.28502264728726e-06
1398.4947083781308,7.977397903365994e-06
1398.5947083781307,7.680719114689621e-06
1398.6947083781306,7.394615305108103e-06
1398.7947083781305,7.118727375862413e-06
1398.8947083781304,6.852707750548851e-06
1398.9947083781303,6.596220029813617e-06
1399.0947083781302,6.348938655541115e-06
1399.1947083781301,6.11054858430341e-06
1399.29470837813,5.880744969843503e-06
1399.39470837813,5.659232854369701e-06
1399.4947083781299,5.4457268684430125e-06
1399.5947083781298,5.239950939243603e-06
1399.6947083781297,5.041638007007542e-06
1399.7947083781296,4.850529749428845e-06
1399.8947083781295,4.66637631382651e-06
1399.9947083781294,4.488936056880364e-06
1400.0947083781293,4.317975291743815e-06
1400.1947083781292,4.153268042345712e-06
1400.2947083781291,3.994595804697594e-06
1400.394708378129,3.841747315026635e-06
1400.494708378129,3.6945183245585047e-06
1400.5947083781289,3.5527113807782925e-06
1400.6947083781288,3.4161356150013645e-06
1400.7947083781287,3.2846065360899463e-06
1400.8947083781286,3.157945830154669e-06
1400.9947083781285,3.0359811660841607e-06
1401.0947083781284,2.9185460067492027e-06
1401.1947083781283,2.805479425731503e-06
1401.2947083781282,2.696625929430574e-06
1401.3947083781281,2.591835284405549e-06
1401.494708378128,2.4909623498122005e-06
1401.594708378128,2.393866914798401e-06
1401.6947083781279,2.300413540724904e-06
1401.7947083781278,2.210471408080909e-06
1401.8947083781277,2.1239141679675267e-06
1401.9947083781276,2.040619798024721e-06
1402.0947083781275,1.9604704626807467e-06
1402.1947083781274,1.8833523776056787e-06
1402.2947083781273,1.809155678253599e-06
1402.3947083781272,1.7377742923808224e-06
1402.4947083781271,1.6691058164302052e-06
1402.594708378127,1.603051395674352e-06
1402.694708378127,1.5395156080130548e-06
1402.7947083781269,1.4784063513229834e-06
1402.8947083781268,1.4196347342600856e-06
1402.9947083781267,1.363114970417706e-06
1403.0947083781266,1.3087642757457748e-06
1403.1947083781265,1.2565027691387996e-06
1403.2947083781264,1.2062533761028601e-06
1403.3947083781263,1.1579417354137964e-06
1403.4947083781262,1.1114961086812901e-06
1403.5947083781261,1.066847292735563e-06
1403.694708378126,1.0239285347555468e-06
1403.794708378126,9.826754500595562e-07
1403.8947083781259,9.430259424814224e-07
1403.9947083781258,9.049201272571366e-07
