1219.2947083782938,6.98057666462578e-24
1219.3947083782937,7.471962339690958e-24
1219.4947083782936,7.997582687128955e-24
1219.5947083782935,8.559797588176865e-24
1219.6947083782934,9.161127823024927e-24
1219.7947083782933,9.804265917681751e-24
1219.8947083782932,1.049208771357722e-23
1219.9947083782931,1.1227664707481628e-23
1220.094708378293,1.2014277212413381e-23
1220.194708378293,1.2855428393495996e-23
1220.2947083782929,1.37548592362333e-23
1220.3947083782928,1.4716564508392323e-23
1220.4947083782927,1.5744809780655002e-23
1220.5947083782926,1.6844149575415062e-23
1220.6947083782925,1.8019446717587506e-23
1220.7947083782924,1.9275892966073525e-23
1220.8947083782923,2.061903100960228e-23
1220.9947083782922,2.205477791608039e-23
1221.0947083782921,2.3589450130321223e-23
1221.194708378292,2.5229790121146442e-23
1221.294708378292,2.6982994785354614e-23
1221.3947083782919,2.8856745722965106e-23
1221.4947083782918,3.085924150550738e-23
1221.5947083782917,3.299923206694151e-23
1221.6947083782916,3.5286055355119126e-23
1221.7947083782915,3.772967639053953e-23
1221.8947083782914,4.0340728888555827e-23
1221.9947083782913,4.3130559611194824e-23
1222.0947083782912,4.611127562537446e-23
1222.1947083782911,4.929579465561699e-23
1222.294708378291,5.2697898731368284e-23
1222.394708378291,5.633229134179963e-23
1222.4947083782909,6.021465832456087e-23
1222.5947083782908,6.436173272937271e-23
1222.6947083782907,6.879136391269365e-23
1222.7947083782906,7.35225911359946e-23
1222.8947083782905,7.857572195750932e-23
1222.9947083782904,8.397241572573175e-23
1223.0947083782903,8.973577250250698e-23
1223.1947083782902,9.589042776434803e-23
1223.2947083782901,1.0246265325271426e-22
1223.39470837829,1.094804643674439e-22
1223.49470837829,1.1697373452250285e-22
1223.5947083782899,1.2497431690966056e-22
1223.6947083782898,1.3351617414391504e-22
1223.7947083782897,1.426355162943369e-22
1223.8947083782896,1.523709478357921e-22
1223.9947083782895,1.6276362409074644e-22
1224.0947083782894,1.7385741776617392e-22
1224.1947083782893,1.8569909622866638e-22
1224.2947083782892,1.9833851020125985e-22
1224.3947083782891,2.1182879460841533e-22
1224.494708378289,2.2622658234119735e-22
1224.594708378289,2.415922317630793e-22
1224.6947083782889,2.579900688282115e-22
1224.7947083782888,2.754886447385977e-22
1224.8947083782887,2.941610101244876e-22
1224.9947083782886,3.1408500679395383e-22
1225.0947083782885,3.353435781627414e-22
1225.1947083782884,3.580250995450105e-22
1225.2947083782883,3.822237295590495e-22
1225.3947083782882,4.0803978398019077e-22
1225.4947083782881,4.355801334561041e-22
1225.594708378288,4.649586265876857e-22
1225.694708378288,4.962965399720046e-22
1225.7947083782879,5.297230569030886e-22
1225.8947083782878,5.65375776531429e-22
1225.9947083782877,6.034012553946421e-22
1226.0947083782876,6.43955583350323e-22
1226.1947083782875,6.87204996067663e-22
1226.2947083782874,7.333265263678162e-22
1226.3947083782873,7.825086968444232e-22
1226.4947083782872,8.349522563458449e-22
1226.5947083782871,8.908709630597866e-22
1226.694708378287,9.504924171099478e-22
1226.794708378287,1.0140589457534262e-21
1226.8947083782869,1.0818285444576704e-21
1226.9947083782868,1.154075877337337e-21
1227.0947083782867,1.2310933406450094e-21
1227.1947083782866,1.3131921932365757e-21
1227.2947083782865,1.4007037581724348e-21
1227.3947083782864,1.4939806998705746e-21
1227.4947083782863,1.5933983814977126e-21
1227.5947083782862,1.699356307571831e-21
1227.6947083782861,1.812279657052477e-21
1227.794708378286,1.932620912518371e-21
1227.894708378286,2.0608615913724177e-21
1227.9947083782858,2.197514085377269e-21
1228.0947083782858,2.343123615207451e-21
1228.1947083782857,2.4982703071120177e-21
1228.2947083782856,2.6635713992118783e-21
1228.3947083782855,2.839683585413749e-21
1228.4947083782854,3.0273055054070065e-21
1228.5947083782853,3.227180389722755e-21
1228.6947083782852,3.440098869379199e-21
1228.7947083782851,3.6669019602129945e-21
1228.894708378285,3.908484232608429e-21
1228.994708378285,4.165797177982266e-21
1229.0947083782848,4.439852784069144e-21
1229.1947083782848,4.7317273317784645e-21
1229.2947083782847,5.042565427163608e-21
1229.3947083782846,5.373584282860097e-21
1229.4947083782845,5.726078264212954e-21
1229.5947083782844,6.101423716229155e-21
1229.6947083782843,6.501084088460032e-21
1229.7947083782842,6.926615375944836e-21
1229.8947083782841,7.379671895435027e-21
1229.994708378284,7.862012417269765e-21
1230.094708378284,8.375506674492475e-21
1230.1947083782838,8.922142272090693e-21
1230.2947083782838,9.504032020607178e-21
1230.3947083782837,1.0123421719820711e-20
1230.4947083782836,1.0782698419726428e-20
1230.5947083782835,1.1484399187668366e-20
1230.6947083782834,1.2231220412197075e-20
1230.7947083782833,1.3026027676042502e-20
1230.8947083782832,1.3871866232520542e-20
1230.9947083782831,1.4771972121726043e-20
1231.094708378283,1.5729783965028446e-20
1231.194708378283,1.6748955478665313e-20
1231.2947083782828,1.7833368749647183e-20
1231.3947083782828,1.8987148319748055e-20
1231.4947083782827,2.0214676126058564e-20
1231.5947083782826,2.1520607349447853e-20
1231.6947083782825,2.2909887225308442e-20
1231.7947083782824,2.4387768874166582e-20
1231.8947083782823,2.5959832213138397e-20
1231.9947083782822,2.7632004012792657e-20
1232.0947083782821,2.941057916779402e-20
1232.194708378282,3.130224325370523e-20
1232.294708378282,3.3314096446589587e-20
1232.3947083782818,3.545367888654105e-20
1232.4947083782818,3.772899757103679e-20
1232.5947083782817,4.014855486902784e-20
1232.6947083782816,4.272137875201387e-20
1232.7947083782815,4.545705484396597e-20
1232.8947083782814,4.836576039791905e-20
1232.9947083782813,5.1458300313349024e-20
1233.0947083782812,5.474614531509496e-20
1233.1947083782811,5.824147242164276e-20
1233.294708378281,6.195720783799427e-20
1233.394708378281,6.590707241625457e-20
1233.4947083782808,7.010562983533715e-20
1233.5947083782808,7.456833766002461e-20
1233.6947083782807,7.931160144888038e-20
1233.7947083782806,8.435283209034903e-20
1233.8947083782805,8.971050655676159e-20
1233.9947083782804,9.540423227692886e-20
1234.0947083782803,1.014548153396331e-19
1234.1947083782802,1.0788433275253459e-19
1234.2947083782801,1.1471620899402784e-19
1234.39470837828,1.2197529710922508e-19
1234.49470837828,1.2968796461572249e-19
1234.5947083782798,1.378821845001031e-19
1234.6947083782798,1.4658763160227356e-19
1234.7947083782797,1.558357847017728e-19
1234.8947083782796,1.656600346382672e-19
1234.9947083782795,1.7609579881742368e-19
1235.0947083782794,1.8718064247354374e-19
1235.1947083782793,1.989544070815271e-19
1235.2947083782792,2.1145934633321823e-19
1235.3947083782791,2.2474027011688436e-19
1235.494708378279,2.388446969636042e-19
1235.594708378279,2.53823015450827e-19
1235.6947083782788,2.6972865508120807e-19
1235.7947083782788,2.8661826718444916e-19
1235.8947083782787,3.0455191642083405e-19
1235.9947083782786,3.2359328349821777e-19
1236.0947083782785,3.438098797488153e-19
1236.1947083782784,3.652732742487876e-19
1236.2947083782783,3.880593342024765e-19
1236.3947083782782,4.1224847935372836e-19
1236.4947083782781,4.379259512301483e-19
1236.594708378278,4.65182098071395e-19
1236.694708378278,4.941126763409176e-19
1236.7947083782778,5.248191697710007e-19
1236.8947083782778,5.574091269447291e-19
1236.9947083782777,5.919965184747937e-19
1237.0947083782776,6.287021148988324e-19
1237.1947083782775,6.676538864736875e-19
1237.2947083782774,7.089874261176615e-19
1237.3947083782773,7.528463968194826e-19
1237.4947083782772,7.993830049069617e-19
1237.5947083782771,8.487585006460717e-19
1237.694708378277,9.011437077235158e-19
1237.794708378277,9.567195832524942e-19
1237.8947083782768,1.0156778100331844e-18
1237.9947083782768,1.0782214228956844e-18
1238.0947083782767,1.1445654710552108e-18
1238.1947083782766,1.2149377185167427e-18
1238.2947083782765,1.2895793846794035e-18
1238.3947083782764,1.3687459274106658e-18
1238.4947083782763,1.452707870986222e-18
1238.5947083782762,1.5417516814242701e-18
1238.6947083782761,1.6361806918829176e-18
1238.794708378276,1.736316080937768e-18
1238.894708378276,1.842497906711397e-18
1238.9947083782758,1.9550861999917644e-18
1239.0947083782758,2.0744621196488963e-18
1239.1947083782757,2.2010291738421892e-18
1239.2947083782756,2.335214510702727e-18
1239.3947083782755,2.477470282377989e-18
1239.4947083782754,2.6282750865398736e-18
1239.5947083782753,2.788135489682649e-18
1239.6947083782752,2.957587636774023e-18
1239.7947083782751,3.137198952074025e-18
1239.894708378275,3.327569936198548e-18
1239.994708378275,3.5293360647837954e-18
1240.0947083782748,3.743169794399084e-18
1240.1947083782748,3.969782681665734e-18
1240.2947083782747,4.209927621862866e-18
1240.3947083782746,4.464401213645054e-18
1240.4947083782745,4.734046256856613e-18
1240.5947083782744,5.0197543908072586e-18
1240.6947083782743,5.322468880774744e-18
1240.7947083782742,5.64318756092184e-18
1240.8947083782741,5.982965942258305e-18
1240.994708378274,6.342920494746612e-18
1241.094708378274,6.724232113144319e-18
1241.1947083782738,7.128149776691951e-18
1241.2947083782738,7.555994413304647e-18
1241.3947083782737,8.009162979498716e-18
1241.4947083782736,8.489132767892291e-18
1241.5947083782735,8.997465954754579e-18
1241.6947083782734,9.535814400752602e-18
1241.7947083782733,1.0105924718749153e-17
1241.8947083782732,1.0709643623250913e-17
1241.9947083782731,1.1348923576889775e-17
1242.094708378273,1.2025828750144165e-17
1242.194708378273,1.2742541311375676e-17
1242.2947083782728,1.3501368065171517e-17
1242.3947083782728,1.4304747457942443e-17
1242.4947083782727,1.515525697073969e-17
1242.5947083782726,1.6055620920320784e-17
1242.6947083782725,1.7008718690612456e-17
1242.7947083782724,1.8017593417899016e-17
1242.8947083782723,1.9085461154308158e-17
1242.9947083782722,2.0215720535468656e-17
1243.0947083782721,2.1411962979590595e-17
1243.194708378272,2.267798344666177e-17
1243.294708378272,2.4017791787979687e-17
1243.3947083782718,2.543562471783032e-17
1243.4947083782718,2.693595844081368e-17
1243.5947083782717,2.852352197008452e-17
1243.6947083782716,3.020331117363596e-17
1243.7947083782715,3.198060358771254e-17
1243.8947083782714,3.386097403850129e-17
1243.9947083782713,3.5850311115408077e-17
1244.0947083782712,3.795483454150748e-17
1244.1947083782711,4.018111348915113e-17
1244.294708378271,4.253608589123228e-17
1244.394708378271,4.5027078801246805e-17
1244.4947083782708,4.7661829858087594e-17
1244.5947083782708,5.044850991442303e-17
1244.6947083782707,5.339574689058376e-17
1244.7947083782706,5.651265091912718e-17
1244.8947083782705,5.980884084863379e-17
1244.9947083782704,6.329447217886959e-17
1245.0947083782703,6.698026650319661e-17
1245.1947083782702,7.08775425380666e-17
1245.2947083782701,7.499824882356956e-17
1245.39470837827,7.935499818337365e-17
1245.49470837827,8.396110403696436e-17
1245.5947083782698,8.883061866191126e-17
1245.6947083782698,9.39783735089336e-17
1245.7947083782697,9.942002167785639e-17
1245.8947083782696,1.0517208266811962e-16
1245.9947083782695,1.1125198952337608e-16
1246.0947083782694,1.176781384958569e-16
1246.1947083782693,1.2446994136266271e-16
1246.2947083782692,1.316478805329224e-16
1246.3947083782691,1.3923356709191123e-16
1246.494708378269,1.4724980193569766e-16
1246.594708378269,1.5572064015776516e-16
1246.6947083782688,1.6467145885733733e-16
1246.7947083782688,1.7412902854777325e-16
1246.8947083782687,1.8412158835256772e-16
1246.9947083782686,1.9467892518600772e-16
1247.0947083782685,2.0583245712563704e-16
1247.1947083782684,2.1761532119416793e-16
1247.2947083782683,2.3006246577962303e-16
1247.3947083782682,2.4321074793405023e-16
1247.4947083782681,2.570990358034224e-16
1247.594708378268,2.7176831645406933e-16
1247.694708378268,2.872618093745188e-16
1247.7947083782678,3.0362508594565605e-16
1247.8947083782678,3.2090619518700226e-16
1247.9947083782677,3.3915579610236413e-16
1248.0947083782676,3.5842729696450527e-16
1248.1947083782675,3.787770018955734e-16
1248.2947083782674,4.0026426511794323e-16
1248.3947083782673,4.2295165326901213e-16
1248.4947083782672,4.469051161933297e-16
1248.5947083782671,4.721941666459726e-16
1248.694708378267,4.988920693631149e-16
1248.794708378267,5.270760399783647e-16
1248.8947083782668,5.568274542874109e-16
1248.9947083782668,5.882320683888013e-16
1249.0947083782667,6.213802502547551e-16
1249.1947083782666,6.563672233137917e-16
1249.2947083782665,6.932933226557665e-16
1249.3947083782664,7.32264264500374e-16
1249.4947083782663,7.733914296019917e-16
1249.5947083782662,8.1679216129723e-16
1249.6947083782661,8.625900789364916e-16
1249.794708378266,9.109154074776134e-16
1249.894708378266,9.619053240582746e-16
1249.9947083782658,1.0157043224039863e-15
1250.0947083782658,1.0724645959711174e-15
1250.1947083782657,1.1323464407684706e-15
1250.2947083782656,1.1955186788477318e-15
1250.3947083782655,1.2621591035015068e-15
1250.4947083782654,1.3324549472591425e-15
1250.5947083782653,1.4066033738236966e-15
1250.6947083782652,1.4848119951499029e-15
1250.794708378265,1.5672994149213529e-15
1250.894708378265,1.6542957997471407e-15
1250.994708378265,1.746043479462618e-15
1251.0947083782648,1.842797577986325e-15
1251.1947083782647,1.9448266762565185e-15
1251.2947083782647,2.0524135088445084e-15
1251.3947083782646,2.1658556959200876e-15
1251.4947083782645,2.2854665123256257e-15
1251.5947083782644,2.4115756956009945e-15
1251.6947083782643,2.5445302948906074e-15
1251.7947083782642,2.6846955627577134e-15
1251.894708378264,2.8324558920289627e-15
1251.994708378264,2.98821579989525e-15
1252.094708378264,3.1524009616020573e-15
1252.1947083782638,3.325459296175266e-15
1252.2947083782637,3.5078621067465434e-15
1252.3947083782637,3.700105278165646e-15
1252.4947083782636,3.902710534715981e-15
1252.5947083782635,4.116226760886129e-15
1252.6947083782634,4.341231388290309e-15
1252.7947083782633,4.578331851980324e-15
1252.8947083782632,4.828167119546178e-15
1252.994708378263,5.0914092965649255e-15
1253.094708378263,5.368765312128061e-15
1253.194708378263,5.660978688355023e-15
1253.2947083782628,5.968831397987381e-15
1253.3947083782627,6.293145814352643e-15
1253.4947083782627,6.634786758191117e-15
1253.5947083782626,6.994663646052575e-15
1253.6947083782625,7.37373274519276e-15
1253.7947083782624,7.772999540133574e-15
1253.8947083782623,8.193521216295365e-15
1253.9947083782622,8.636409266365706e-15
1254.094708378262,9.102832225335936e-15
1254.194708378262,9.594018540417437e-15
1254.294708378262,1.0111259582342773e-14
1254.3947083782618,1.065591280486102e-14
1254.4947083782617,1.1229405059559752e-14
1254.5947083782617,1.1833236073479092e-14
1254.6947083782616,1.2468982097334238e-14
1254.7947083782615,1.3138299732529082e-14
1254.8947083782614,1.3842929945527124e-14
1254.9947083782613,1.4584702278545147e-14
1255.0947083782612,1.5365539265955777e-14
1255.194708378261,1.618746106622091e-14
1255.294708378261,1.7052590319637037e-14
1255.394708378261,1.7963157242651598e-14
1255.4947083782608,1.8921504970009058e-14
1255.5947083782607,1.9930095156509955e-14
1255.6947083782607,2.0991513850710534e-14
1255.7947083782606,2.2108477653462293e-14
1255.8947083782605,2.3283840174790346e-14
1255.9947083782604,2.4520598803227402e-14
1256.0947083782603,2.5821901802378853e-14
1256.1947083782602,2.7191055750170946e-14
1256.29470837826,2.8631533336947246e-14
1256.39470837826,3.014698153932199e-14
1256.49470837826,3.174123018747704e-14
1256.5947083782598,3.3418300944397695e-14
1256.6947083782597,3.5182416716395854e-14
1256.7947083782597,3.7038011515147493e-14
1256.8947083782596,3.8989740792404294e-14
1256.9947083782595,4.1042492269498305e-14
1257.0947083782594,4.320139728477569e-14
1257.1947083782593,4.5471842683140263e-14
1257.2947083782592,4.7859483272997814e-14
1257.394708378259,5.037025487703413e-14
1257.494708378259,5.301038800446451e-14
1257.594708378259,5.5786422173644784e-14
1257.6947083782588,5.870522091523978e-14
1257.7947083782587,6.177398748751745e-14
1257.8947083782587,6.50002813367547e-14
1257.9947083782586,6.839203533723711e-14
1258.0947083782585,7.195757384688887e-14
1258.1947083782584,7.570563161618154e-14
1258.2947083782583,7.964537358968135e-14
1258.3947083782582,8.378641564134197e-14
1258.494708378258,8.81388462865105e-14
1258.594708378258,9.271324941553274e-14
1258.694708378258,9.752072809584775e-14
1258.7947083782578,1.0257292949156593e-13
1258.8947083782577,1.0788207095171251e-13
1258.9947083782577,1.1346096732058622e-13
1259.0947083782576,1.1932305952608182e-13
1259.1947083782575,1.2548244450429798e-13
1259.2947083782574,1.3195390652134436e-13
1259.3947083782573,1.3875294995596465e-13
1259.4947083782572,1.4589583360941345e-13
1259.594708378257,1.5339960661196766e-13
1259.694708378257,1.6128214599850275e-13
1259.794708378257,1.6956219602879382e-13
1259.8947083782568,1.7825940933150178e-13
1259.9947083782567,1.8739438995431137e-13
1260.0947083782567,1.9698873840629642e-13
1260.1947083782566,2.0706509878237486e-13
1260.2947083782565,2.1764720806366697e-13
1260.3947083782564,2.2875994769165885e-13
1260.4947083782563,2.4042939751839043e-13
1260.5947083782562,2.5268289223932157e-13
1260.694708378256,2.65549080420208e-13
1260.794708378256,2.7905798623416686e-13
1260.894708378256,2.9324107403015954e-13
1260.9947083782558,3.0813131585941975e-13
1261.0947083782557,3.2376326209181726e-13
1261.1947083782557,3.401731152598845e-13
1261.2947083782556,3.5739880727422543e-13
1261.3947083782555,3.7548008016019987e-13
1261.4947083782554,3.9445857047228985e-13
1261.5947083782553,4.14377897549284e-13
1261.6947083782552,4.3528375578046165e-13
1261.794708378255,4.572240110602797e-13
1261.894708378255,4.802488016166893e-13
1261.994708378255,5.044106434061535e-13
1262.0947083782548,5.297645402767665e-13
1262.1947083782547,5.56368099109403e-13
1262.2947083782547,5.842816501559193e-13
1262.3947083782546,6.135683728026717e-13
1262.4947083782545,6.442944269974791e-13
1262.5947083782544,6.765290905881563e-13
1262.6947083782543,7.103449028314512e-13
1262.7947083782542,7.45817814342081e-13
1262.894708378254,7.830273437631538e-13
1262.994708378254,8.220567414510157e-13
1263.094708378254,8.629931604801161e-13
1263.1947083782538,9.059278352863474e-13
1263.2947083782537,9.509562682806831e-13
1263.3947083782537,9.98178424779085e-13
1263.4947083782536,1.0476989366091037e-12
1263.5947083782535,1.099627314768736e-12
1263.6947083782534,1.154078171528975e-12
1263.7947083782533,1.2111714523878685e-12
1263.8947083782532,1.27103267830083e-12
1263.994708378253,1.3337931986300612e-12
1264.094708378253,1.3995904552740329e-12
1264.194708378253,1.468568258457486e-12
1264.2947083782528,1.540877074682338e-12
1264.3947083782527,1.6166743273607023e-12
1264.4947083782527,1.696124710672834e-12
1264.5947083782526,1.7794005172154957e-12
1264.6947083782525,1.866681980029394e-12
1264.7947083782524,1.958157629619026e-12
1264.8947083782523,2.0540246666034153e-12
1264.9947083782522,2.1544893506625128e-12
1265.094708378252,2.2597674064716546e-12
1265.194708378252,2.370084447344812e-12
1265.294708378252,2.4856764173370056e-12
1265.3947083782518,2.6067900525870123e-12
1265.4947083782517,2.7336833627137927e-12
1265.5947083782517,2.8666261331128486e-12
1265.6947083782516,3.0059004490338165e-12
1265.7947083782515,3.1518012423563413e-12
1265.8947083782514,3.304636862018568e-12
1265.9947083782513,3.4647296690917233e-12
1266.0947083782512,3.6324166575343755e-12
1266.194708378251,3.808050101701947e-12
1266.294708378251,3.9919982317310665e-12
1266.394708378251,4.184645937962809e-12
1266.4947083782508,4.386395505617076e-12
1266.5947083782507,4.597667380978214e-12
1266.6947083782507,4.818900970403379e-12
1266.7947083782506,5.050555473518092e-12
1266.8947083782505,5.293110752017606e-12
1266.9947083782504,5.547068235550441e-12
1267.0947083782503,5.812951866218933e-12
1267.1947083782502,6.091309083293753e-12
1267.29470837825,6.382711849802502e-12
1267.39470837825,6.687757722719436e-12
1267.49470837825,7.007070968551706e-12
1267.5947083782498,7.341303726189e-12
1267.6947083782497,7.691137218958471e-12
1267.7947083782497,8.05728301790224e-12
1267.8947083782496,8.440484358376994e-12
1267.9947083782495,8.841517512155885e-12
1268.0947083782494,9.261193217301248e-12
1268.1947083782493,9.700358168164346e-12
1268.2947083782492,1.015989656796315e-11
1268.394708378249,1.0640731746483344e-11
1268.494708378249,1.1143827845549878e-11
1268.594708378249,1.1670191575018898e-11
1268.6947083782488,1.2220874042148317e-11
1268.7947083782487,1.279697265731691e-11
1268.8947083782487,1.3399633119177158e-11
1268.9947083782486,1.4030051482449101e-11
1269.0947083782485,1.468947631168601e-11
1269.1947083782484,1.5379210924471947e-11
1269.2947083782483,1.610061572764724e-11
1269.3947083782482,1.6855110650296202e-11
1269.494708378248,1.7644177677375817e-11
1269.594708378248,1.846936348801541e-11
1269.694708378248,1.9332282202671062e-11
1269.7947083782478,2.0234618243482362e-11
1269.8947083782477,2.1178129312342317e-11
1269.9947083782477,2.2164649491371388e-11
1270.0947083782476,2.3196092470657304e-11
1270.1947083782475,2.4274454908319108e-11
1270.2947083782474,2.540181992813836e-11
1270.3947083782473,2.6580360760206262e-11
1270.4947083782472,2.7812344530241495e-11
1270.594708378247,2.910013620344944e-11
1270.694708378247,3.0446202689015446e-11
1270.794708378247,3.1853117111558775e-11
1270.8947083782468,3.3323563256110585e-11
1270.9947083782467,3.486034019343115e-11
1271.0947083782467,3.646636709273563e-11
1271.1947083782466,3.8144688229169156e-11
1271.2947083782465,3.989847819364179e-11
1271.3947083782464,4.173104731292967e-11
1271.4947083782463,4.364584728823499e-11
1271.5947083782462,4.564647706071694e-11
1271.694708378246,4.773668891281003e-11
1271.794708378246,4.992039481449203e-11
1271.894708378246,5.2201673023990837e-11
1271.9947083782458,5.458477495278783e-11
1272.0947083782457,5.707413230512579e-11
1272.1947083782457,5.967436450262712e-11
1272.2947083782456,6.239028640500437e-11
1272.3947083782455,6.522691633826897e-11
1272.4947083782454,6.818948444224613e-11
1272.5947083782453,7.128344134966214e-11
1272.6947083782452,7.451446720950351e-11
1272.794708378245,7.788848106782799e-11
1272.894708378245,8.141165061968387e-11
1272.994708378245,8.50904023462999e-11
1273.0947083782448,8.893143205222768e-11
1273.1947083782447,9.294171581764818e-11
1273.2947083782446,9.712852138161993e-11
1273.3947083782446,1.0149941997261626e-10
1273.4947083782445,1.0606229860329157e-10
1273.5947083782444,1.1082537284704104e-10
1273.6947083782443,1.1579720011454225e-10
1273.7947083782442,1.209866934491485e-10
1273.894708378244,1.2640313586065176e-10
1273.994708378244,1.3205619521767908e-10
1274.094708378244,1.3795593971968174e-10
1274.1947083782438,1.4411285397025194e-10
1274.2947083782437,1.5053785567427898e-10
1274.3947083782436,1.5724231298225315e-10
1274.4947083782436,1.6423806250587898e-10
1274.5947083782435,1.715374280300089e-10
1274.6947083782434,1.7915323994681307e-10
1274.7947083782433,1.870988554390074e-10
1274.8947083782432,1.9538817943993854e-10
1274.994708378243,2.0403568639929516e-10
1275.094708378243,2.1305644288424807e-10
1275.194708378243,2.224661310468584e-10
1275.2947083782428,2.3228107298970172e-10
1275.3947083782427,2.425182560627912e-10
1275.4947083782426,2.531953591259988e-10
1275.5947083782426,2.6433077981244705e-10
1275.6947083782425,2.7594366282954117e-10
1275.7947083782424,2.8805392933559363e-10
1275.8947083782423,3.0068230743137103e-10
1275.9947083782422,3.1385036380719923e-10
1276.094708378242,3.2758053658772756e-10
1276.194708378242,3.4189616941792787e-10
1276.294708378242,3.568215468353364e-10
1276.3947083782418,3.723819309752412e-10
1276.4947083782417,3.8860359965700407e-10
1276.5947083782416,4.055138859014473e-10
1276.6947083782416,4.2314121893095793e-10
1276.7947083782415,4.415151667057003e-10
1276.8947083782414,4.6066648005120425e-10
1276.9947083782413,4.806271384344598e-10
1277.0947083782412,5.01430397447658e-10
1277.194708378241,5.231108380606789e-10
1277.294708378241,5.457044177055496e-10
1277.394708378241,5.692485232582655e-10
1277.4947083782408,5.937820259855422e-10
1277.5947083782407,6.193453385264268e-10
1277.6947083782406,6.459804739809882e-10
1277.7947083782406,6.737311071808726e-10
1277.8947083782405,7.026426382188542e-10
1277.9947083782404,7.327622583173325e-10
1278.0947083782403,7.641390181182113e-10
1278.1947083782402,7.968238984795504e-10
1278.29470837824,8.308698838670659e-10
1278.39470837824,8.663320384316716e-10
1278.49470837824,9.032675848671851e-10
1278.5947083782398,9.417359861454924e-10
1278.6947083782397,9.817990302297747e-10
1278.7947083782396,1.0235209178696066e-09
1278.8947083782396,1.0669683535853482e-09
1278.9947083782395,1.1122106399526278e-09
1279.0947083782394,1.159319775301546e-09
1279.1947083782393,1.2083705549489221e-09
1279.2947083782392,1.259440676085782e-09
1279.394708378239,1.3126108464463812e-09
1279.494708378239,1.367964896889153e-09
1279.594708378239,1.4255898980242375e-09
1279.6947083782388,1.485576281026647e-09
1279.7947083782387,1.5480179627787321e-09
1279.8947083782386,1.613012475490157e-09
1279.9947083782386,1.6806611009485692e-09
1280.0947083782385,1.751069009558955e-09
1280.1947083782384,1.82434540433496e-09
1280.2947083782383,1.9006036700105555e-09
1280.3947083782382,1.979961527446008e-09
1280.494708378238,2.0625411935076452e-09
1280.594708378238,2.148469546606711e-09
1280.694708378238,2.2378782980883554e-09
1280.7947083782378,2.330904169668424e-09
1280.8947083782377,2.4276890771213113e-09
1280.9947083782376,2.52838032042929e-09
1281.0947083782376,2.6331307806099565e-09
1281.1947083782375,2.742099123445589e-09
1281.2947083782374,2.855450010345204e-09
1281.3947083782373,2.9733543165773716e-09
1281.4947083782372,3.0959893571194054e-09
1281.594708378237,3.2235391203762923e-09
1281.694708378237,3.356194510030789e-09
1281.794708378237,3.4941535952938923e-09
1281.8947083782368,3.637621869834126e-09
1281.9947083782367,3.786812519671762e-09
1282.0947083782366,3.941946700334054e-09
1282.1947083782366,4.103253823575972e-09
1282.2947083782365,4.270971853980771e-09
1282.3947083782364,4.445347615764541e-09
1282.4947083782363,4.62663711011856e-09
1282.5947083782362,4.815105843433963e-09
1282.694708378236,5.011029166763758e-09
1282.794708378236,5.214692626887689e-09
1282.894708378236,5.426392329357612e-09
1282.9947083782358,5.64643531391162e-09
1283.0947083782357,5.8751399426575615e-09
1283.1947083782356,6.112836301438784e-09
1283.2947083782356,6.359866614807392e-09
1283.3947083782355,6.616585675043198e-09
1283.4947083782354,6.8833612856698285e-09
1283.5947083782353,7.160574719933381e-09
1283.6947083782352,7.448621194722518e-09
1283.794708378235,7.747910360423857e-09
1283.894708378235,8.058866807221108e-09
1283.994708378235,8.381930588361567e-09
1284.0947083782348,8.717557760929297e-09
1284.1947083782347,9.066220944680797e-09
1284.2947083782346,9.42840989951469e-09
1284.3947083782346,9.804632122165025e-09
1284.4947083782345,1.0195413462724157e-08
1284.5947083782344,1.0601298761620015e-08
1284.6947083782343,1.1022852507690612e-08
1284.7947083782342,1.1460659518017499e-08
1284.894708378234,1.1915325640199402e-08
1284.994708378234,1.2387478477767743e-08
1285.094708378234,1.2877768139465007e-08
1285.1947083782338,1.3386868013130124e-08
1285.2947083782337,1.3915475564953865e-08
1285.3947083782336,1.4464313164892336e-08
1285.4947083782336,1.5034128939047217e-08
1285.5947083782335,1.562569764984622e-08
1285.6947083782334,1.6239821604880837e-08
1285.7947083782333,1.687733159528285e-08
1285.8947083782332,1.753908786454667e-08
1285.994708378233,1.82259811087312e-08
1286.094708378233,1.8938933508999744e-08
1286.194708378233,1.9678899797487103e-08
1286.2947083782328,2.0446868357506923e-08
1286.3947083782327,2.1243862359144998e-08
1286.4947083782326,2.207094093131183e-08
1286.5947083782326,2.2929200371358386e-08
1286.6947083782325,2.3819775393390167e-08
1286.7947083782324,2.4743840416447016e-08
1286.8947083782323,2.5702610893749312e-08
1286.9947083782322,2.66973446842418e-08
1287.094708378232,2.772934346770618e-08
1287.194708378232,2.8799954204743522e-08
1287.294708378232,2.9910570642966747e-08
1287.3947083782318,3.1062634870780165e-08
1287.4947083782317,3.225763892016104e-08
1287.5947083782316,3.349712641989654e-08
1287.6947083782316,3.478269430077003e-08
1287.7947083782315,3.611599455423232e-08
1287.8947083782314,3.749873604613435e-08
1287.9947083782313,3.893268638714109e-08
1288.0947083782312,4.0419673861492004e-08
1288.194708378231,4.196158941581663e-08
1288.294708378231,4.3560388709761126e-08
1288.394708378231,4.521809423022964e-08
1288.4947083782308,4.6936797471093266e-08
1288.5947083782307,4.871866118026608e-08
1288.6947083782306,5.0565921676103924e-08
1288.7947083782306,5.248089123512955e-08
1288.8947083782305,5.4465960553143365e-08
1288.9947083782304,5.65236012818335e-08
1289.0947083782303,5.865636864305494e-08
1289.1947083782302,6.086690412300436e-08
1289.29470837823,6.315793824857916e-08
1289.39470837823,6.553229344826242e-08
1289.49470837823,6.79928869999484e-08
1289.5947083782298,7.054273406817245e-08
1289.6947083782297,7.318495083328865e-08
1289.7947083782296,7.592275771518959e-08
1289.8947083782296,7.87594826942457e-08
1289.9947083782295,8.169856473219483e-08
1290.0947083782294,8.474355729580005e-08
1290.1947083782293,8.789813198615024e-08
1290.2947083782292,9.116608227656537e-08
1290.394708378229,9.455132736213572e-08
1290.494708378229,9.805791612400487e-08
1290.594708378229,1.0169003121158731e-07
1290.6947083782288,1.0545199324598891e-07
1290.7947083782287,1.0934826514798199e-07
1290.8947083782286,1.1338345659397785e-07
1290.9947083782286,1.1756232860351554e-07
1291.0947083782285,1.2188979826188363e-07
1291.1947083782284,1.263709435815761e-07
1291.2947083782283,1.3101100850638336e-07
1291.3947083782282,1.3581540806200202e-07
1291.494708378228,1.4078973365715676e-07
1291.594708378228,1.459397585393219e-07
1291.694708378228,1.51271443409221e-07
1291.7947083782278,1.5679094219840788e-07
1291.8947083782277,1.6250460801431408e-07
1291.9947083782276,1.6841899925727217e-07
1292.0947083782276,1.7454088591412683e-07
1292.1947083782275,1.8087725603315937e-07
1292.2947083782274,1.8743532238516458e-07
1292.3947083782273,1.9422252931564414e-07
1292.4947083782272,2.012465597931798e-07
1292.594708378227,2.0851534265920446e-07
1292.694708378227,2.1603706008447382e-07
1292.794708378227,2.2382015523770943e-07
1292.8947083782268,2.31873340171976e-07
1292.9947083782267,2.4020560393452244e-07
1293.0947083782266,2.488262209059187e-07
1293.1947083782266,2.577447593744861e-07
1293.2947083782265,2.6697109035214653e-07
1293.3947083782264,2.76515396637954e-07
1293.4947083782263,2.8638818213573357e-07
1293.5947083782262,2.9660028143238614e-07
1293.694708378226,3.071628696435871e-07
1293.794708378226,3.180874725337448e-07
1293.894708378226,3.2938597691724756e-07
1293.9947083782258,3.4107064134820997e-07
1294.0947083782257,3.531541071060566e-07
1294.1947083782256,3.656494094844818e-07
1294.2947083782256,3.7856998939147993e-07
1294.3947083782255,3.91929705268313e-07
1294.4947083782254,4.057428453354763e-07
1294.5947083782253,4.200241401738785e-07
1294.6947083782252,4.3478877564966135e-07
1294.794708378225,4.5005240619125345e-07
1294.894708378225,4.658311684274692e-07
1294.994708378225,4.821416951956111e-07
1295.0947083782248,4.990011299287984e-07
1295.1947083782247,5.164271414318903e-07
1295.2947083782246,5.344379390556039e-07
1295.3947083782245,5.53052288278636e-07
1295.4947083782245,5.722895267078055e-07
1295.5947083782244,5.921695805064567e-07
1295.6947083782243,6.127129812615693e-07
1295.7947083782242,6.339408833002821e-07
1295.894708378224,6.558750814667122e-07
1295.994708378224,6.785380293702381e-07
1296.094708378224,7.019528581166143e-07
1296.1947083782238,7.261433955335565e-07
1296.2947083782237,7.511341859026417e-07
1296.3947083782236,7.769505102096704e-07
1296.4947083782235,8.036184069258446e-07
1296.5947083782235,8.311646933323803e-07
1296.6947083782234,8.596169874014893e-07
1296.7947083782233,8.890037302468419e-07
1296.8947083782232,9.19354209156963e-07
1296.994708378223,9.506985812252787e-07
1297.094708378223,9.83067897590771e-07
1297.194708378223,1.0164941283035353e-06
1297.2947083782228,1.0510101878297827e-06
1297.3947083782227,1.0866499612111526e-06
1297.4947083782226,1.1234483308934983e-06
1297.5947083782225,1.1614412042405431e-06
1297.6947083782225,1.200665541748257e-06
1297.7947083782224,1.2411593859759527e-06
1297.8947083782223,1.2829618912105234e-06
1297.9947083782222,1.3261133538805415e-06
1298.094708378222,1.3706552437372632e-06
1298.194708378222,1.4166302358198534e-06
1298.294708378222,1.4640822432226417e-06
1298.3947083782218,1.5130564506823528e-06
1298.4947083782217,1.5635993490037932e-06
1298.5947083782216,1.615758770342683e-06
1298.6947083782215,1.6695839243647696e-06
1298.7947083782215,1.7251254353006618e-06
1298.8947083782214,1.7824353799162692e-06
1298.9947083782213,1.8415673264189606e-06
1299.0947083782212,1.9025763743201264e-06
1299.194708378221,1.9655191952750184e-06
1299.294708378221,2.0304540749212474e-06
1299.394708378221,2.0974409557377344e-06
1299.4947083782208,2.166541480946091e-06
1299.5947083782207,2.2378190394772227e-06
1299.6947083782206,2.3113388120258036e-06
1299.7947083782205,2.3871678182162337e-06
1299.8947083782205,2.4653749649037206e-06
1299.9947083782204,2.5460310956346865e-06
1300.0947083782203,2.629209041291207e-06
1300.1947083782202,2.7149836719444426e-06
1300.29470837822,2.8034319499426277e-06
1300.39470837822,2.894632984259534e-06
1300.49470837822,2.9886680861297793e-06
1300.5947083782198,3.0856208259978605e-06
1300.6947083782197,3.1855770918081982e-06
1300.7947083782196,3.2886251486639242e-06
1300.8947083782195,3.3948556998826666e-06
1300.9947083782195,3.504361949478054e-06
1301.0947083782194,3.6172396660961547e-06
1301.1947083782193,3.733587248436332e-06
1301.2947083782192,3.853505792186977e-06
1301.394708378219,3.977099158506465e-06
1301.494708378219,4.1044740440806855e-06
1301.594708378219,4.23574005278873e-06
1301.6947083782188,4.3710097690088095e-06
1301.7947083782187,4.510398832597262e-06
1301.8947083782186,4.654026015573591e-06
1301.9947083782185,4.802013300545498e-06
1302.0947083782185,4.954485960907881e-06
1302.1947083782184,5.11157264285081e-06
1302.2947083782183,5.273405449211561e-06
1302.3947083782182,5.440120025206691e-06
1302.494708378218,5.611855646080413e-06
1302.594708378218,5.788755306706356e-06
1302.694708378218,5.9709658131799586e-06
1302.7947083782178,6.158637876439719e-06
1302.8947083782177,6.35192620795589e-06
1302.9947083782176,6.550989617525475e-06
1303.0947083782175,6.75599111321367e-06
1303.1947083782175,6.967098003481757e-06
1303.2947083782174,7.184482001542343e-06
1303.3947083782173,7.408319331983382e-06
1303.4947083782172,7.638790839703088e-06
1303.594708378217,7.876082101198177e-06
1303.694708378217,8.120383538248753e-06
1303.794708378217,8.371890534043461e-06
1303.8947083782168,8.63080355178939e-06
1303.9947083782167,8.897328255851526e-06
1304.0947083782166,9.171675635467484e-06
1304.1947083782165,9.454062131083432e-06
1304.2947083782165,9.744709763358167e-06
1304.3947083782164,1.004384626488234e-05
1304.4947083782163,1.0351705214661232e-05
1304.5947083782162,1.0668526175409052e-05
1304.694708378216,1.099455483370447e-05
1304.794708378216,1.1330043143056513e-05
1304.894708378216,1.167524946993182e-05
1304.9947083782158,1.2030438742793486e-05
1305.0947083782157,1.239588260420378e-05
1305.1947083782156,1.2771859566042176e-05
1305.2947083782155,1.3158655167892005e-05
1305.3947083782155,1.355656213864888e-05
1305.4947083782154,1.3965880561404611e-05
1305.5947083782153,1.4386918041661743e-05
1305.6947083782152,1.4819989878933182e-05
1305.794708378215,1.526541924178323e-05
1305.894708378215,1.5723537346366172e-05
1305.994708378215,1.6194683638519215e-05
1306.0947083782148,1.6679205979467458e-05
1306.1947083782147,1.7177460835199084e-05
1306.2947083782146,1.7689813469569452e-05
1306.3947083782145,1.8216638141192988e-05
1306.4947083782145,1.8758318304183516e-05
1306.5947083782144,1.9315246812802554e-05
1306.6947083782143,1.9887826130077295e-05
1306.7947083782142,2.0476468540449598e-05
1306.894708378214,2.1081596366517693e-05
1306.994708378214,2.170364218993416e-05
1307.094708378214,2.2343049076522336e-05
1307.1947083782138,2.3000270805675773e-05
1307.2947083782137,2.3675772104104674e-05
1307.3947083782136,2.4370028883993777e-05
1307.4947083782135,2.508352848563769e-05
1307.5947083782135,2.581676992461895e-05
1307.6947083782134,2.6570264143595273e-05
1307.7947083782133,2.7344534268763102e-05
1307.8947083782132,2.814011587106389e-05
1307.994708378213,2.8957557232202157e-05
1308.094708378213,2.9797419615542355e-05
1308.194708378213,3.0660277541953336e-05
1308.2947083782128,3.154671907067088e-05
1308.3947083782127,3.2457346085245705e-05
1308.4947083782126,3.339277458464796e-05
1308.5947083782125,3.435363497959944e-05
1308.6947083782125,3.534057239420179e-05
1308.7947083782124,3.6354246972934506e-05
1308.8947083782123,3.739533419309176e-05
1308.9947083782122,3.846452518273149e-05
1309.094708378212,3.9562527044208296e-05
1309.194708378212,4.0690063183361394e-05
1309.294708378212,4.184787364443295e-05
1309.3947083782118,4.303671545078627e-05
1309.4947083782117,4.425736295150033e-05
1309.5947083782116,4.551060817391127e-05
1309.6947083782115,4.679726118217658e-05
1309.7947083782115,4.811815044193441e-05
1309.8947083782114,4.9474123191132996e-05
1309.9947083782113,5.0866045817102876e-05
1310.0947083782112,5.2294804239947944e-05
1310.194708378211,5.376130430232818e-05
1310.294708378211,5.5266472165709636e-05
1310.394708378211,5.681125471315465e-05
1310.4947083782108,5.8396619958728425e-05
1310.5947083782107,6.0023557463595824e-05
1310.6947083782106,6.169307875888183e-05
1310.7947083782105,6.340621777537186e-05
1310.8947083782105,6.51640312801249e-05
1310.9947083782104,6.696759932007473e-05
1311.0947083782103,6.881802567269153e-05
1311.1947083782102,7.071643830378024e-05
1311.29470837821,7.266398983248727e-05
1311.39470837821,7.466185800359005e-05
1311.49470837821,7.671124616714273e-05
1311.5947083782098,7.881338376554954e-05
1311.6947083782097,8.096952682814024e-05
1311.7947083782096,8.318095847331938e-05
1311.8947083782095,8.544898941835829e-05
1311.9947083782095,8.777495849690738e-05
1312.0947083782094,9.016023318429181e-05
1312.1947083782093,9.260621013066734e-05
1312.2947083782092,9.511431570210234e-05
1312.394708378209,9.768600652965651e-05
1312.494708378209,0.00010032277006652473
1312.594708378209,0.00010302612515331344
1312.6947083782088,0.0001057976225915166
1312.7947083782087,0.00010863884572525827
1312.8947083782086,0.00011155141103136648
1312.9947083782085,0.00011453696871784366
1313.0947083782085,0.0001175972033307962
1313.1947083782084,0.00012073383436988746
1313.2947083782083,0.00012394861691237522
1313.3947083782082,0.00012724334224579326
1313.494708378208,0.00013061983850933865
1313.594708378208,0.00013407997134402204
1313.694708378208,0.000137625644551637
1313.7947083782078,0.00014125880076260776
1313.8947083782077,0.00014498142211276556
1313.9947083782076,0.00014879553092911064
1314.0947083782075,0.00015270319042461007
1314.1947083782075,0.00015670650540208105
1314.2947083782074,0.00016080762296721013
1314.3947083782073,0.0001650087332507554
1314.4947083782072,0.000169312070139974
1314.594708378207,0.00017371991201932564
1314.694708378207,0.00017823458252048575
1314.794708378207,0.00018285845128171533
1314.8947083782068,0.00018759393471662317
1314.9947083782067,0.0001924434967923547
1315.0947083782066,0.00019740964981724668
1315.1947083782065,0.00020249495523797653
1315.2947083782065,0.0002077020244462355
1315.3947083782064,0.00021303351959495734
1315.4947083782063,0.00021849215442412475
1315.5947083782062,0.00022408069509617903
1315.694708378206,0.00022980196104105074
1315.794708378206,0.0002356588258108336
1315.894708378206,0.00024165421794411444
1315.9947083782058,0.0002477911218399727
1316.0947083782057,0.0002540725786416622
1316.1947083782056,0.0002605016871299778
1316.2947083782055,0.0002670816046263166
1316.3947083782055,0.0002738155479054352
1316.4947083782054,0.00028070679411789626
1316.5947083782053,0.0002877586817222058
1316.6947083782052,0.00029497461142663446
1316.794708378205,0.0003023580471407043
1316.894708378205,0.0003099125169363361
1316.994708378205,0.00031764161401863554
1317.0947083782048,0.0003255489977062938
1317.1947083782047,0.0003336383944215894
1317.2947083782046,0.00034191359868994663
1317.3947083782045,0.0003503784741490358
1317.4947083782045,0.00035903695456736804
1317.5947083782044,0.00036789304487234845
1317.6947083782043,0.00037695082218774565
1317.7947083782042,0.0003862144368805307
1317.894708378204,0.00039568811361702925
1317.994708378204,0.0004053761524283377
1318.094708378204,0.0004152829297849357
1318.1947083782038,0.0004254128996804383
1318.2947083782037,0.0004357705947244132
1318.3947083782036,0.0004463606272441921
1318.4947083782035,0.00045718769039559623
1318.5947083782034,0.00046825655928249755
1318.6947083782034,0.00047957209208512153
1318.7947083782033,0.0004911392311970043
1318.8947083782032,0.0005029630043705061
1318.994708378203,0.000515048525870772
1319.094708378203,0.0005274009976380454
1319.194708378203,0.0005400257104582073
1319.2947083782028,0.0005529280451414324
1319.3947083782027,0.0005661134737088352
1319.4947083782026,0.0005795875605869743
1319.5947083782025,0.0005933559638100924
1319.6947083782024,0.0006074244362299282
1319.7947083782024,0.0006217988267329858
1319.8947083782023,0.0006364850814650761
1319.9947083782022,0.0006514892450630036
1320.094708378202,0.0006668174618932088
1320.194708378202,0.0006824759772972193
1320.294708378202,0.0006984711388437128
1320.3947083782018,0.0007148093975870232
1320.4947083782017,0.0007314973093319022
1320.5947083782016,0.0007485415359043314
1320.6947083782015,0.0007659488464281914
1320.7947083782014,0.0007837261186075812
1320.8947083782014,0.0008018803400145634
1320.9947083782013,0.000820418609382131
1321.0947083782012,0.0008393481379021494
1321.194708378201,0.0008586762505280531
1321.294708378201,0.0008784103872820438
1321.394708378201,0.0008985581045665558
1321.4947083782008,0.0009191270764797165
1321.5947083782007,0.0009401250961345504
1321.6947083782006,0.0009615600769816526
1321.7947083782005,0.0009834400541350557
1321.8947083782004,0.0010057731857009995
1321.9947083782004,0.0010285677541093255
1322.0947083782003,0.0010518321674471754
1322.1947083782002,0.0010755749607947141
1322.2947083782,0.001099804797562526
1322.3947083782,0.0011245304708303984
1322.4947083782,0.0011497609046871493
1322.5947083781998,0.0011755051555711366
1322.6947083781997,0.0012017724136111512
1322.7947083781996,0.0012285720039672925
1322.8947083781995,0.0012559133881715084
1322.9947083781994,0.0012838061654673785
1323.0947083781994,0.0013122600741488253
1323.1947083781993,0.0013412849928973064
1323.2947083781992,0.001370890942117145
1323.394708378199,0.001401088085268559
1323.494708378199,0.0014318867301980026
1323.594708378199,0.0014632973304653828
1323.6947083781988,0.0014953304866677552
1323.7947083781987,0.0015279969477590223
1323.8947083781986,0.0015613076123652267
1323.9947083781985,0.0015952735300949694
1324.0947083781984,0.0016299059028444887
1324.1947083781984,0.0016652160860969754
1324.2947083781983,0.0017012155902155575
1324.3947083781982,0.001737916081729585
1324.494708378198,0.0017753293846136146
1324.594708378198,0.001813467481558679
1324.694708378198,0.0018523425152352517
1324.7947083781978,0.0018919667895474692
1324.8947083781977,0.0019323527708780127
1324.9947083781976,0.001973513089323161
1325.0947083781975,0.0020154605399174646
1325.1947083781974,0.002058208083847445
1325.2947083781974,0.0021017688496538295
1325.3947083781973,0.0021461561344217083
1325.4947083781972,0.0021913834049580292
1325.594708378197,0.0022374642989558794
1325.694708378197,0.002284412626144947
1325.794708378197,0.0023322423694275324
1325.8947083781968,0.0023809676859995565
1325.9947083781967,0.0024306029084558895
1326.0947083781966,0.002481162545879422
1326.1947083781965,0.002532661284913215
1326.2947083781964,0.002585113990815092
1326.3947083781964,0.002638535708494036
1326.4947083781963,0.0026929416635277383
1326.5947083781962,0.002748347263160592
1326.694708378196,0.002804768097281514
1326.794708378196,0.0028622199393808943
1326.894708378196,0.0029207187474859513
1326.9947083781958,0.002980280665073865
1327.0947083781957,0.003040922021961915
1327.1947083781956,0.0031026593351739856
1327.2947083781955,0.003165509309782644
1327.3947083781954,0.003229488839726138
1327.4947083781954,0.003294615008599559
1327.5947083781953,0.0033609050904193946
1327.6947083781952,0.003428376550360799
1327.794708378195,0.0034970470454667754
1327.894708378195,0.003566934425328551
1327.994708378195,0.0036380567327363323
1328.0947083781948,0.0037104322042997556
1328.1947083781947,0.0037840792710371607
1328.2947083781946,0.0038590165589329874
1328.3947083781945,0.003935262889462488
1328.4947083781944,0.004012837280082906
1328.5947083781944,0.0040917589446904535
1328.6947083781943,0.004172047294042146
1328.7947083781942,0.004253721936141778
1328.894708378194,0.004336802676589229
1328.994708378194,0.004421309518892209
1329.094708378194,0.004507262664739728
1329.1947083781938,0.00459468251423641
1329.2947083781937,0.004683589666096802
1329.3947083781936,0.004774004917798914
1329.4947083781935,0.004865949265696121
1329.5947083781934,0.0049594439050865665
1329.6947083781934,0.005054510230239305
1329.7947083781933,0.0051511698343762345
1329.8947083781932,0.005249444509609081
1329.994708378193,0.00534935624683053
1330.094708378193,0.0054509272355586615
1330.194708378193,0.005554179863733866
1330.2947083781928,0.005659136717467351
1330.3947083781927,0.005765820580740447
1330.4947083781926,0.005874254435053783
1330.5947083781925,0.005984461459025553
1330.6947083781924,0.006096465027937987
1330.7947083781924,0.0062102887132311525
1330.8947083781923,0.0063259562819432905
1330.9947083781922,0.006443491696096799
1331.094708378192,0.006562919112028991
1331.194708378192,0.006684262879666864
1331.294708378192,0.006807547541744926
1331.3947083781918,0.006932797832965326
1331.4947083781917,0.0070600386790993785
1331.5947083781916,0.0071892951960297255
1331.6947083781915,0.007320592688732171
1331.7947083781914,0.0074539566501965185
1331.8947083781914,0.007589412760285451
1331.9947083781913,0.007726986884530689
1332.0947083781912,0.007866705072865614
1332.194708378191,0.008008593558293508
1332.294708378191,0.008152678755490632
1332.394708378191,0.008298987259343315
1332.4947083781908,0.008447545843418324
1332.5947083781907,0.008598381458365606
1332.6947083781906,0.008751521230252713
1332.7947083781905,0.008906992458830134
1332.8947083781904,0.009064822615726715
1332.9947083781904,0.009225039342574438
1333.0947083781903,0.009387670449061818
1333.1947083781902,0.00955274391091515
1333.29470837819,0.009720287867806895
1333.39470837819,0.009890330621190484
1333.49470837819,0.010062900632060817
1333.5947083781898,0.010238026518639736
1333.6947083781897,0.010415737053985867
1333.7947083781896,0.01059606116352805
1333.8947083781895,0.010779027922521717
1333.9947083781894,0.010964666553427644
1334.0947083781894,0.011153006423212338
1334.1947083781893,0.011344077040569469
1334.2947083781892,0.01153790805306177
1334.394708378189,0.011734529244182747
1334.494708378189,0.011933970530337646
1334.594708378189,0.012136261957743122
1334.6947083781888,0.012341433699245055
1334.7947083781887,0.012549516051053923
1334.8947083781886,0.012760539429397318
1334.9947083781885,0.012974534367088971
1335.0947083781884,0.013191531510013973
1335.1947083781884,0.013411561613529507
1335.2947083781883,0.013634655538780908
1335.3947083781882,0.013860844248932329
1335.494708378188,0.014090158805311876
1335.594708378188,0.014322630363470671
1335.694708378188,0.014558290169155464
1335.7947083781878,0.014797169554194576
1335.8947083781877,0.015039299932296694
1335.9947083781876,0.015284712794762333
1336.0947083781875,0.015533439706107596
1336.1947083781874,0.015785512299600065
1336.2947083781874,0.016040962272706537
1336.3947083781873,0.01629982138245233
1336.4947083781872,0.016562121440692145
1336.594708378187,0.016827894309292126
1336.694708378187,0.017097171895223168
1336.794708378187,0.017369986145565147
1336.8947083781868,0.01764636904242227
1336.9947083781867,0.01792635259774919
1337.0947083781866,0.018209968848088027
1337.1947083781865,0.018497249849216354
1337.2947083781864,0.01878822767070592
1337.3947083781864,0.01908293439039248
1337.4947083781863,0.019381402088756515
1337.5947083781862,0.019683662843215186
1337.694708378186,0.01998974872232552
1337.794708378186,0.020299691779899137
1337.894708378186,0.020613524049028453
1337.9947083781858,0.020931277536024948
1338.0947083781857,0.021252984214269497
1338.1947083781856,0.021578676017975182
1338.2947083781855,0.021908384835862802
1338.3947083781854,0.022242142504749585
1338.4947083781854,0.022579980803051434
1338.5947083781853,0.022921931444199035
1338.6947083781852,0.023268026069968452
1338.794708378185,0.02361829624372658
1338.894708378185,0.023972773443592017
1338.994708378185,0.024331489055512006
1339.0947083781848,0.02469447436625577
1339.1947083781847,0.02506176055632527
1339.2947083781846,0.025433378692783764
1339.3947083781845,0.02580935972200286
1339.4947083781844,0.026189734462329
1339.5947083781844,0.02657453359667005
1339.6947083781843,0.026963787665002622
1339.7947083781842,0.027357527056801386
1339.894708378184,0.02775578200339085
1339.994708378184,0.028158582570220803
1340.094708378184,0.028565958649066105
1340.1947083781838,0.028977939950152243
1340.2947083781837,0.02939455599420724
1340.3947083781836,0.02981583610444126
1340.4947083781835,0.03024180939845492
1340.5947083781834,0.03067250478007754
1340.6947083781833,0.031107950931136382
1340.7947083781833,0.03154817630315825
1340.8947083781832,0.031993209109004654
1340.994708378183,0.032443077314441716
1341.094708378183,0.03289780862964652
1341.194708378183,0.03335743050065082
1341.2947083781828,0.033821970100723894
1341.3947083781827,0.0342914543216958
1341.4947083781826,0.03476590976522267
1341.5947083781825,0.035245362733995436
1341.6947083781824,0.035729839222893675
1341.7947083781823,0.036219364910086205
1341.8947083781823,0.03671396514807994
1341.9947083781822,0.037213664954718874
1342.094708378182,0.03771848900413476
1342.194708378182,0.0382284616176515
1342.294708378182,0.03874360675464475
1342.3947083781818,0.039263948003358744
1342.4947083781817,0.039789508571682355
1342.5947083781816,0.04032031127788607
1342.6947083781815,0.04085637854132195
1342.7947083781814,0.04139773237308869
1342.8947083781813,0.041944394366663564
1342.9947083781813,0.04249638568850362
1343.0947083781812,0.04305372706861803
1343.194708378181,0.04361643879111379
1343.294708378181,0.044184540684717076
1343.394708378181,0.0447580521132723
1343.4947083781808,0.045336991966221304
1343.5947083781807,0.045921378649064745
1343.6947083781806,0.04651123007380836
1343.7947083781805,0.04710656364939616
1343.8947083781804,0.047707396272133024
1343.9947083781803,0.04831374431609933
1344.0947083781803,0.04892562362355979
1344.1947083781802,0.04954304949536916
1344.29470837818,0.05016603668137746
1344.39470837818,0.05079459937083698
1344.49470837818,0.05142875118281398
1344.5947083781798,0.05206850515660751
1344.6947083781797,0.052713873742178
1344.7947083781796,0.05336486879058867
1344.8947083781795,0.05402150154446181
1344.9947083781794,0.054683782628453415
1345.0947083781793,0.05535172203974843
1345.1947083781793,0.05602532913857963
1345.2947083781792,0.05670461263877291
1345.394708378179,0.05738958059832199
1345.494708378179,0.058080240409995106
1345.594708378179,0.05877659879197693
1345.6947083781788,0.05947866177854849
1345.7947083781787,0.0601864347108081
1345.8947083781786,0.06089992222743602
1345.9947083781785,0.06161912825550657
1346.0947083781784,0.062344056001349686
1346.1947083781783,0.06307470794146594
1346.2947083781783,0.06381108581349738
1346.3947083781782,0.06455319060725771
1346.494708378178,0.06530102255582476
1346.594708378178,0.06605458112669815
1346.694708378178,0.06681386501302584
1346.7947083781778,0.06757887212490203
1346.8947083781777,0.06834959958074004
1346.9947083781776,0.06912604369872324
1347.0947083781775,0.06990819998833718
1347.1947083781774,0.07069606314198608
1347.2947083781773,0.07148962702669676
1347.3947083781773,0.07228888467591392
1347.4947083781772,0.0730938282813888
1347.594708378177,0.07390444918516562
1347.694708378177,0.07472073787166836
1347.794708378177,0.07554268395989128
1347.8947083781768,0.07637027619569642
1347.9947083781767,0.0772035024442216
1348.0947083781766,0.07804234968240147
1348.1947083781765,0.0788868039916058
1348.2947083781764,0.07973685055039745
1348.3947083781763,0.08059247362741369
1348.4947083781763,0.08145365657437402
1348.5947083781762,0.08232038181921775
1348.694708378176,0.0831926308593744
1348.794708378176,0.08407038425517038
1348.894708378176,0.08495362162337523
1348.9947083781758,0.08584232163089019
1349.0947083781757,0.08673646198858255
1349.1947083781756,0.08763601944526957
1349.2947083781755,0.08854096978185363
1349.3947083781754,0.08945128780561362
1349.4947083781753,0.09036694734465411
1349.5947083781753,0.09128792124251656
1349.6947083781752,0.09221418135295494
1349.794708378175,0.09314569853487924
1349.894708378175,0.09408244264746987
1349.994708378175,0.09502438254546586
1350.0947083781748,0.09597148607463005
1350.1947083781747,0.09692372006739407
1350.2947083781746,0.09788105033868631
1350.3947083781745,0.0988434416819457
1350.4947083781744,0.09981085786532407
1350.5947083781743,0.10078326162808031
1350.6947083781743,0.10176061467716886
1350.7947083781742,0.1027428776840255
1350.894708378174,0.10373001028155325
1350.994708378174,0.10472197106131102
1351.094708378174,0.10571871757090778
1351.1947083781738,0.10672020631160502
1351.2947083781737,0.1077263927361298
1351.3947083781736,0.10873723124670157
1351.4947083781735,0.10975267519327453
1351.5947083781734,0.11077267687199892
1351.6947083781733,0.11179718752390286
1351.7947083781733,0.11282615733379778
1351.8947083781732,0.11385953542940948
1351.994708378173,0.11489726988073727
1352.094708378173,0.1159393076996433
1352.194708378173,0.11698559483967469
1352.2947083781728,0.11803607619612011
1352.3947083781727,0.11909069560630324
1352.4947083781726,0.12014939585011516
1352.5947083781725,0.1212121186507876
1352.6947083781724,0.12227880467590892
1352.7947083781723,0.1233493935386849
1352.8947083781723,0.12442382379944601
1352.9947083781722,0.1255020329674031
1353.094708378172,0.12658395750265278
1353.194708378172,0.12766953281843477
1353.294708378172,0.12875869328364237
1353.3947083781718,0.12985137222558757
1353.4947083781717,0.1309475019330224
1353.5947083781716,0.13204701365941782
1353.6947083781715,0.13314983762650148
1353.7947083781714,0.1342559030280556
1353.8947083781713,0.13536513803397587
1353.9947083781713,0.13647746979459321
1354.0947083781712,0.13759282444525836
1354.194708378171,0.13871112711119105
1354.294708378171,0.13983230191259446
1354.394708378171,0.1409562719700354
1354.4947083781708,0.14208295941009158
1354.5947083781707,0.1432122853712657
1354.6947083781706,0.14434417001016814
1354.7947083781705,0.1454785325079674
1354.8947083781704,0.14661529107710997
1354.9947083781703,0.14775436296830854
1355.0947083781703,0.1488956644778007
1355.1947083781702,0.15003911095487607
1355.29470837817,0.15118461680967374
1355.39470837817,0.15233209552124918
1355.49470837817,0.1534814596459105
1355.5947083781698,0.15463262082582438
1355.6947083781697,0.15578548979789064
1355.7947083781696,0.15693997640288612
1355.8947083781695,0.15809598959487636
1355.9947083781694,0.15925343745089546
1356.0947083781693,0.1604122271808929
1356.1947083781693,0.16157226513794684
1356.2947083781692,0.16273345682874335
1356.394708378169,0.16389570692432032
1356.494708378169,0.1650589192710751
1356.594708378169,0.16622299690203546
1356.6947083781688,0.16738784204839155
1356.7947083781687,0.16855335615128897
1356.8947083781686,0.16971943987388047
1356.9947083781685,0.17088599311363573
1357.0947083781684,0.1720529150149072
1357.1947083781683,0.1732201039817506
1357.2947083781683,0.1743874576909984
1357.3947083781682,0.17555487310558437
1357.494708378168,0.17672224648811768
1357.594708378168,0.17788947341470415
1357.694708378168,0.1790564487890129
1357.7947083781678,0.18022306685658623
1357.8947083781677,0.18138922121939047
1357.9947083781676,0.18255480485060535
1358.0947083781675,0.18371971010964977
1358.1947083781674,0.1848838287574413
1358.2947083781673,0.18604705197188687
1358.3947083781673,0.18720927036360177
1358.4947083781672,0.18837037399185472
1358.594708378167,0.18953025238073568
1358.694708378167,0.1906887945355435
1358.794708378167,0.19184588895939086
1358.8947083781668,0.19300142367002263
1358.9947083781667,0.1941552862168453
1359.0947083781666,0.19530736369816334
1359.1947083781665,0.19645754277862
1359.2947083781664,0.19760570970683844
1359.3947083781663,0.19875175033325976
1359.4947083781663,0.19989555012817492
1359.5947083781662,0.20103699419994578
1359.694708378166,0.2021759673134125
1359.794708378166,0.20331235390848312
1359.894708378166,0.20444603811890072
1359.9947083781658,0.20557690379118557
1360.0947083781657,0.2067048345037466
1360.1947083781656,0.2078297135861592
1360.2947083781655,0.2089514241386046
1360.3947083781654,0.21006984905146647
1360.4947083781653,0.21118487102508074
1360.5947083781653,0.2122963725896335
1360.6947083781652,0.2134042361252034
1360.794708378165,0.2145083438819433
1360.894708378165,0.21560857800039607
1360.994708378165,0.21670482053194132
1361.0947083781648,0.21779695345936664
1361.1947083781647,0.21888485871755942
1361.2947083781646,0.219968418214314
1361.3947083781645,0.22104751385124946
1361.4947083781644,0.22212202754483243
1361.5947083781643,0.22319184124750074
1361.6947083781643,0.22425683696888155
1361.7947083781642,0.2253168967970999
1361.894708378164,0.22637190292017167
1361.994708378164,0.22742173764747614
1362.094708378164,0.22846628343130215
1362.1947083781638,0.2295054228884631
1362.2947083781637,0.23053903882197505
1362.3947083781636,0.23156701424279214
1362.4947083781635,0.23258923239159457
1362.5947083781634,0.23360557676062246
1362.6947083781633,0.23461593111555093
1362.7947083781633,0.23562017951740014
1362.8947083781632,0.23661820634447495
1362.994708378163,0.23760989631432808
1363.094708378163,0.23859513450574155
1363.1947083781629,0.2395738063807198
1363.2947083781628,0.24054579780648955
1363.3947083781627,0.24151099507749998
1363.4947083781626,0.24246928493741743
1363.5947083781625,0.2434205546011088
1363.6947083781624,0.2443646917766079
1363.7947083781623,0.2453015846870584
1363.8947083781622,0.2462311220926276
1363.9947083781622,0.24715319331238553
1364.094708378162,0.24806768824614248
1364.194708378162,0.2489744973962396
1364.2947083781619,0.2498735118892868
1364.3947083781618,0.2507646234978408
1364.4947083781617,0.2516477246620188
1364.5947083781616,0.2525227085110409
1364.6947083781615,0.2533894688846951
1364.7947083781614,0.2542479003547196
1364.8947083781613,0.25509789824609547
1364.9947083781612,0.25593935865824496
1365.0947083781612,0.25677217848612777
1365.194708378161,0.25759625544123127
1365.294708378161,0.2584114880724466
1365.3947083781609,0.25921777578682703
1365.4947083781608,0.26001501887021994
1365.5947083781607,0.2608031185077694
1365.6947083781606,0.2615819768042812
1365.7947083781605,0.2623514968044456
1365.8947083781604,0.2631115825129114
1365.9947083781603,0.26386213891420635
1366.0947083781602,0.26460307199249716
1366.1947083781602,0.2653342887511838
1366.29470837816,0.2660556972323225
1366.39470837816,0.26676720653587166
1366.4947083781599,0.2674687268387551
1366.5947083781598,0.2681601694137367
1366.6947083781597,0.2688414466481015
1366.7947083781596,0.26951247206213713
1366.8947083781595,0.27017316032741095
1366.9947083781594,0.2708234272848363
1367.0947083781593,0.2714631899625237
1367.1947083781592,0.272092366593411
1367.2947083781592,0.2727108766326674
1367.394708378159,0.2733186407748663
1367.494708378159,0.2739155809709215
1367.5947083781589,0.27450162044478243
1367.6947083781588,0.27507668370988253
1367.7947083781587,0.2756406965853359
1367.8947083781586,0.2761935862118789
1367.9947083781585,0.27673528106754913
1368.0947083781584,0.27726571098309993
1368.1947083781583,0.27778480715714393
1368.2947083781582,0.27829250217102147
1368.3947083781582,0.27878873000338966
1368.494708378158,0.279273426044528
1368.594708378158,0.27974652711035475
1368.6947083781579,0.28020797145615195
1368.7947083781578,0.2806576987899928
1368.8947083781577,0.281095650285869
1368.9947083781576,0.2815217685965126
1369.0947083781575,0.2819359978659102
1369.1947083781574,0.2823382837415033
1369.2947083781573,0.28272857338607393
1369.3947083781572,0.28310681548930905
1369.4947083781572,0.28347296027904245
1369.594708378157,0.2838269595321695
1369.694708378157,0.2841687665852316
1369.7947083781569,0.2844983363446673
1369.8947083781568,0.2848156252967267
1369.9947083781567,0.2851205915170463
1370.0947083781566,0.28541319467988135
1370.1947083781565,0.2856933960669923
1370.2947083781564,0.28596115857618354
1370.3947083781563,0.28621644672949104
1370.4947083781562,0.28645922668101675
1370.5947083781562,0.2866894662244071
1370.694708378156,0.2869071347999734
1370.794708378156,0.287112203501452
1370.8947083781559,0.28730464508240217
1370.9947083781558,0.2874844339622394
1371.0947083781557,0.2876515462319024
1371.1947083781556,0.2878059596591524
1371.2947083781555,0.2879476536935025
1371.3947083781554,0.2880766094707759
1371.4947083781553,0.2881928098172917
1371.5947083781552,0.2882962392536767
1371.6947083781552,0.2883868839983019
1371.794708378155,0.2884647319703432
1371.894708378155,0.28852977279246494
1371.9947083781549,0.2885819977931251
1372.0947083781548,0.28862140000850245
1372.1947083781547,0.28864797418404403
1372.2947083781546,0.288661716775633
1372.3947083781545,0.28866111586336596
1372.4947083781544,0.2886339560454165
1372.5947083781543,0.2885775738054877
1372.6947083781542,0.28849198626960765
1372.7947083781542,0.2883772194306089
1372.894708378154,0.28823330813497267
1372.994708378154,0.2880602960651953
1373.0947083781539,0.2878582357176902
1373.1947083781538,0.28762718837624096
1373.2947083781537,0.28736722408102383
1373.3947083781536,0.28707842159322217
1373.4947083781535,0.28676086835525744
1373.5947083781534,0.2864146604466654
1373.6947083781533,0.2860399025356478
1373.7947083781532,0.28563670782633455
1373.8947083781532,0.28520519800179317
1373.994708378153,0.2847455031628261
1374.094708378153,0.2842577617625982
1374.1947083781529,0.2837421205371414
1374.2947083781528,0.283198734431784
1374.3947083781527,0.2826277665235586
1374.4947083781526,0.2820293879396395
1374.5947083781525,0.2814037777718707
1374.6947083781524,0.28075112298744076
1374.7947083781523,0.28007161833576927
1374.8947083781522,0.27936546625166875
1374.9947083781522,0.2786328767548493
1375.094708378152,0.2778740673458368
1375.194708378152,0.27708926289837527
1375.2947083781519,0.2762786955483897
1375.3947083781518,0.27544260457958475
1375.4947083781517,0.27458123630575865
1375.5947083781516,0.2736948439499135
1375.6947083781515,0.2727836875202446
1375.7947083781514,0.2718480336830945
1375.8947083781513,0.2708881556329574
1375.9947083781512,0.26990433295962374
1376.0947083781512,0.2688968515125554
1376.194708378151,0.267866003262582
1376.294708378151,0.26681208616101376
1376.3947083781509,0.2657354039962652
1376.4947083781508,0.2646362662480858
1376.5947083781507,0.26351498793949574
1376.6947083781506,0.2623718894865266
1376.7947083781505,0.26120729654586555
1376.8947083781504,0.26002153986050514
1376.9947083781503,0.2588149551035019
1377.0947083781502,0.25758788271994437
1377.1947083781502,0.2563406677672375
1377.29470837815,0.25507365975380536
1377.39470837815,0.25378721247631886
1377.4947083781499,0.25248168385555453
1377.5947083781498,0.2511574357709893
1377.6947083781497,0.24981483389423925
1377.7947083781496,0.2484542475214481
1377.8947083781495,0.2470760494047333
1377.9947083781494,0.2456806155827967
1378.0947083781493,0.24426832521080663
1378.1947083781492,0.2428395603896588
1378.2947083781492,0.24139470599472315
1378.394708378149,0.23993414950418268
1378.494708378149,0.23845828082707166
1378.5947083781489,0.2369674921311178
1378.6947083781488,0.23546217767049543
1378.7947083781487,0.23394273361359333
1378.8947083781486,0.2324095578709015
1378.9947083781485,0.2308630499231217
1379.0947083781484,0.2293036106496022
1379.1947083781483,0.22773164215720065
1379.2947083781482,0.22614754760967448
1379.3947083781482,0.22455173105769896
1379.494708378148,0.22294459726961183
1379.594708378148,0.22132655156298128
1379.6947083781479,0.21969799963709433
1379.7947083781478,0.2180593474064593
1379.8947083781477,0.2164110008354169
1379.9947083781476,0.21475336577395115
1380.0947083781475,0.21308684779479095
1380.1947083781474,0.21141185203189078
1380.2947083781473,0.2097287830203782
1380.3947083781472,0.2080380445380532
1380.4947083781472,0.20634003944852328
1380.594708378147,0.20463516954605637
1380.694708378147,0.20292383540223094
1380.7947083781469,0.2012064362144626
1380.8947083781468,0.1994833696564818
1380.9947083781467,0.1977550317308383
1381.0947083781466,0.1960218166235035
1381.1947083781465,0.19428411656064057
1381.2947083781464,0.1925423216676114
1381.3947083781463,0.19079681983028426
1381.4947083781462,0.1890479965587074
1381.5947083781462,0.1872962348532085
1381.694708378146,0.18554191507298004
1381.794708378146,0.18378541480720617
1381.8947083781459,0.18202710874878655
1381.9947083781458,0.18026736857070835
1382.0947083781457,0.17850656280511673
1382.1947083781456,0.1767450567251305
1382.2947083781455,0.17498321222944846
1382.3947083781454,0.1732213877297883
1382.4947083781453,0.1714599380411991
1382.5947083781452,0.16969921427528373
1382.6947083781452,0.1679395637363678
1382.794708378145,0.16618132982064698
1382.894708378145,0.16442485191834366
1382.9947083781449,0.16267046531890028
1383.0947083781448,0.1609185011192355
1383.1947083781447,0.15916928613508585
1383.2947083781446,0.15742314281545372
1383.3947083781445,0.15568038916017962
1383.4947083781444,0.15394133864065493
1383.5947083781443,0.15220630012368858
1383.6947083781442,0.15047557779853837
1383.7947083781442,0.1487494711071161
1383.894708378144,0.14702827467737228
1383.994708378144,0.14531227825986584
1384.0947083781439,0.14360176666751856
1384.1947083781438,0.14189701971855584
1384.2947083781437,0.1401983121826298
1384.3947083781436,0.13850591373011992
1384.4947083781435,0.13682008888460492
1384.5947083781434,0.13514109697849558
1384.6947083781433,0.13346919211181776
1384.7947083781432,0.13180462311413205
1384.8947083781432,0.13014763350957448
1384.994708378143,0.12849846148500088
1385.094708378143,0.1268573398612153
1385.1947083781429,0.12522449606726113
1385.2947083781428,0.1236001521177518
1385.3947083781427,0.12198452459321557
1385.4947083781426,0.12037782462342793
1385.5947083781425,0.1187802578737025
1385.6947083781424,0.11719202453411026
1385.7947083781423,0.11561331931159516
1385.8947083781422,0.1140443314249519
1385.9947083781421,0.11248524460263157
1386.094708378142,0.11093623708333718
1386.194708378142,0.10939748161937218
1386.2947083781419,0.1078691454827011
1386.3947083781418,0.10635139047368217
1386.4947083781417,0.10484437293242913
1386.5947083781416,0.10334824375275894
1386.6947083781415,0.10186314839868024
1386.7947083781414,0.10038922692337696
1386.8947083781413,0.09892661399063987
1386.9947083781412,0.09747543889869796
1387.0947083781411,0.09603582560640055
1387.194708378141,0.09460789276170019
1387.294708378141,0.09319175373238527
1387.3947083781409,0.09178751663901068
1387.4947083781408,0.09039528438997413
1387.5947083781407,0.08901515471868433
1387.6947083781406,0.08764722022276787
1387.7947083781405,0.08629156840525962
1387.8947083781404,0.08494828171772184
1387.9947083781403,0.08361743760523616
1388.0947083781402,0.0822991085532126
1388.1947083781401,0.08099336213595905
1388.29470837814,0.07970026106695402
1388.39470837814,0.07841986325076604
1388.4947083781399,0.07715222183656195
1388.5947083781398,0.0758973852731466
1388.6947083781397,0.07465539736547606
1388.7947083781396,0.07342629733258656
1388.8947083781395,0.07221011986688138
1388.9947083781394,0.07100689519471726
1389.0947083781393,0.06981664913823311
1389.1947083781392,0.0686394031783627
1389.2947083781391,0.06747517451897361
1389.394708378139,0.06632397615207535
1389.494708378139,0.06518581692403891
1389.5947083781389,0.06406070160277104
1389.6947083781388,0.06294863094578611
1389.7947083781387,0.061849601769119536
1389.8947083781386,0.06076360701702661
1389.9947083781385,0.059690635832410945
1390.0947083781384,0.058630673627927614
1390.1947083781383,0.05758370215770642
1390.2947083781382,0.05654969958964058
1390.3947083781381,0.05552864057818802
1390.494708378138,0.05452049633763183
1390.594708378138,0.05352523471574745
1390.6947083781379,0.05254282026782538
1390.7947083781378,0.051573214330997784
1390.8947083781377,0.050616375098819284
1390.9947083781376,0.049672257696051804
1391.0947083781375,0.04874081425360529
1391.1947083781374,0.047821993983585664
1391.2947083781373,0.046915743254403626
1391.3947083781372,0.04602200566589702
1391.4947083781371,0.045140722124422154
1391.594708378137,0.04427183091786901
1391.694708378137,0.04341526779055671
1391.7947083781369,0.04257096601796654
1391.8947083781368,0.04173885648127084
1391.9947083781367,0.04091886774161636
1392.0947083781366,0.04011092611412284
1392.1947083781365,0.03931495574155736
1392.2947083781364,0.038530878667646755
1392.3947083781363,0.037758614909991
1392.4947083781362,0.03699808253254174
1392.5947083781361,0.03624919771761106
1392.694708378136,0.03551187483737639
1392.794708378136,0.03478602652484906
1392.8947083781359,0.03407156374427421
1392.9947083781358,0.03336839586093178
1393.0947083781357,0.03267643071030847
1393.1947083781356,0.03199557466661218
1393.2947083781355,0.03132573271060125
1393.3947083781354,0.030666808496701985
1393.4947083781353,0.030018704419388857
1393.5947083781352,0.029381321678802974
1393.6947083781351,0.028754560345585378
1393.794708378135,0.028138319424902834
1393.894708378135,0.02753249691964461
1393.9947083781349,0.026936989892770238
1394.0947083781348,0.02635169452878867
1394.1947083781347,0.025776506194350762
1394.2947083781346,0.025211319497937923
1394.3947083781345,0.02465602834863033
1394.4947083781344,0.024110526013940068
1394.5947083781343,0.02357470517669433
1394.6947083781342,0.023048457990955895
1394.7947083781341,0.022531676136968336
1394.894708378134,0.02202425087511471
1394.994708378134,0.02152607309887932
1395.0947083781339,0.021037033386803038
1395.1947083781338,0.02055702205342377
1395.2947083781337,0.020085929199194285
1395.3947083781336,0.019623644759370697
1395.4947083781335,0.019170058551865852
1395.5947083781334,0.01872506032406231
1395.6947083781333,0.018288539798581117
1395.7947083781332,0.017860386718002715
1395.8947083781331,0.01744049088853766
1395.994708378133,0.017028742222645256
1396.094708378133,0.01662503078059926
1396.1947083781329,0.016229246811000443
1396.2947083781328,0.015841280790236462
1396.3947083781327,0.015461023460890382
1396.4947083781326,0.01508836586909986
1396.5947083781325,0.014723199400869537
1396.6947083781324,0.014365415817340013
1396.7947083781323,0.014014907289017525
1396.8947083781322,0.01367156642896861
1396.9947083781321,0.013335286324985391
1397.094708378132,0.013005960570726968
1397.194708378132,0.012683483295843418
1397.2947083781319,0.012367749195089503
1397.3947083781318,0.012058653556435268
1397.4947083781317,0.011756092288181827
1397.5947083781316,0.011459961945090597
1397.6947083781315,0.011170159753535145
1397.7947083781314,0.010886583635684972
1397.8947083781313,0.010609132232731137
1397.9947083781312,0.01033770492716401
1398.0947083781311,0.010072201864113886
1398.194708378131,0.00981252397176556
1398.294708378131,0.00955857298085816
1398.3947083781309,0.009310251443282283
1398.4947083781308,0.009067462749786355
1398.5947083781307,0.008830111146804683
1398.6947083781306,0.008598101752420047
1398.7947083781305,0.008371340571473658
1398.8947083781304,0.008149734509835863
1398.9947083781303,0.007933191387851063
1399.0947083781302,0.00772161995297048
1399.1947083781301,0.007514929891586879
1399.29470837813,0.007313031840085137
1399.39470837813,0.007115837395123113
1399.4947083781299,0.006923259123157183
1399.5947083781298,0.006735210569227037
1399.6947083781297,0.0065516062650144615
1399.7947083781296,0.006372361736190877
1399.8947083781295,0.006197393509068642
1399.9947083781294,0.006026619116570977
1400.0947083781293,0.00585995710353572
1400.1947083781292,0.00569732703136792
1400.2947083781291,0.005538649482056457
1400.394708378129,0.005383846061569894
1400.494708378129,0.005232839402646707
1400.5947083781289,0.005085553166995135
1400.6947083781288,0.004941912046917786
1400.7947083781287,0.004801841766376205
1400.8947083781286,0.004665269081510481
1400.9947083781285,0.004532121780629028
1401.0947083781284,0.0044023286836835296
1401.1947083781283,0.004275819641243964
1401.2947083781282,0.004152525532988709
1401.3947083781281,0.00403237826572437
1401.494708378128,0.003915310770950156
1401.594708378128,0.003801257001981309
1401.6947083781279,0.003690151930646121
1401.7947083781278,0.0035819315435708463
1401.8947083781277,0.003476532838066796
1401.9947083781276,0.003373893817633645
1402.0947083781275,0.0032739534870929407
1402.1947083781274,0.0031766518473655804
1402.2947083781273,0.003081929889906914
1402.3947083781272,0.002989729590812919
1402.4947083781271,0.002899993904610785
1402.594708378127,0.002812666757746995
1402.694708378127,0.0027276930417858857
1402.7947083781269,0.0026450186063314207
1402.8947083781268,0.0025645902516847345
1402.9947083781267,0.002486355721249897
1403.0947083781266,0.002410263693699945
1403.1947083781265,0.0023362637749152993
1403.2947083781264,0.0022643064897062124
1403.3947083781263,0.0021943432733308927
1403.4947083781262,0.002126326462820593
1403.5947083781261,0.0020602092881228484
1403.694708378126,0.0019959458630737312
1403.794708378126,0.0019334911762098493
1403.8947083781259,0.001872801081430568
1403.9947083781258,0.0018138322885206985
