1219.2947083782938,1.217041280533137
1219.3947083782937,1.217112653049816
1219.4947083782936,1.217184408693521
1219.5947083782935,1.2172565488960179
1219.6947083782934,1.217329075089852
1219.7947083782933,1.2174019887083125
1219.8947083782932,1.2174752911853934
1219.9947083782931,1.217548983955757
1220.094708378293,1.2176230684546943
1220.194708378293,1.2176975461180886
1220.2947083782929,1.2177724183823744
1220.3947083782928,1.217847686684501
1220.4947083782927,1.217923352461891
1220.5947083782926,1.217999417152403
1220.6947083782925,1.21807588219429
1220.7947083782924,1.2181527490261606
1220.8947083782923,1.2182300190869384
1220.9947083782922,1.218307693815821
1221.0947083782921,1.2183857746522402
1221.194708378292,1.2184642630358198
1221.294708378292,1.218543160406335
1221.3947083782919,1.2186224682036708
1221.4947083782918,1.2187021878677795
1221.5947083782917,1.2187823208386388
1221.6947083782916,1.2188628685562102
1221.7947083782915,1.218943832460395
1221.8947083782914,1.219025213990992
1221.9947083782913,1.2191070145876546
1222.0947083782912,1.2191892356898464
1222.1947083782911,1.219271878736798
1222.294708378291,1.2193549451674637
1222.394708378291,1.2194384364204751
1222.4947083782909,1.219522353934099
1222.5947083782908,1.2196066991461907
1222.6947083782907,1.21969147349415
1222.7947083782906,1.2197766784148754
1222.8947083782905,1.2198623153447177
1222.9947083782904,1.2199483857194362
1223.0947083782903,1.2200348909741503
1223.1947083782902,1.2201218325432943
1223.2947083782901,1.22020921186057
1223.39470837829,1.220297030358901
1223.49470837829,1.2203852894703837
1223.5947083782899,1.2204739906262412
1223.6947083782898,1.2205631352567747
1223.7947083782897,1.2206527247913164
1223.8947083782896,1.2207427606581802
1223.9947083782895,1.220833244284614
1224.0947083782894,1.2209241770967498
1224.1947083782893,1.2210155605195565
1224.2947083782892,1.2211073959767886
1224.3947083782891,1.221199684890938
1224.494708378289,1.2212924286831832
1224.594708378289,1.2213856287733402
1224.6947083782889,1.221479286579811
1224.7947083782888,1.221573403519534
1224.8947083782887,1.221667981007933
1224.9947083782886,1.2217630204588652
1225.0947083782885,1.2218585232845707
1225.1947083782884,1.221954490895621
1225.2947083782883,1.2220509247008662
1225.3947083782882,1.222147826107384
1225.4947083782881,1.222245196520426
1225.594708378288,1.2223430373433666
1225.694708378288,1.222441349977649
1225.7947083782879,1.2225401358227321
1225.8947083782878,1.2226393962760382
1225.9947083782877,1.2227391327328976
1226.0947083782876,1.2228393465864964
1226.1947083782875,1.2229400392278216
1226.2947083782874,1.2230412120456067
1226.3947083782873,1.2231428664262773
1226.4947083782872,1.2232450037538962
1226.5947083782871,1.2233476254101083
1226.694708378287,1.2234507327740853
1226.794708378287,1.22355432722247
1226.8947083782869,1.2236584101293206
1226.9947083782868,1.2237629828660546
1227.0947083782867,1.2238680468013927
1227.1947083782866,1.223973603301302
1227.2947083782865,1.2240796537289393
1227.3947083782864,1.2241861994445946
1227.4947083782863,1.224293241805633
1227.5947083782862,1.2244007821664378
1227.6947083782861,1.224508821878353
1227.794708378286,1.2246173622896248
1227.894708378286,1.224726404745344
1227.9947083782858,1.2248359505873878
1228.0947083782858,1.2249460011543598
1228.1947083782857,1.2250565577815333
1228.2947083782856,1.2251676218007908
1228.3947083782855,1.225279194540565
1228.4947083782854,1.2253912773257796
1228.5947083782853,1.2255038714777897
1228.6947083782852,1.2256169783143216
1228.7947083782851,1.2257305991494123
1228.894708378285,1.2258447352933501
1228.994708378285,1.2259593880526136
1229.0947083782848,1.2260745587298107
1229.1947083782848,1.226190248623618
1229.2947083782847,1.2263064590287192
1229.3947083782846,1.2264231912357444
1229.4947083782845,1.2265404465312073
1229.5947083782844,1.2266582261974455
1229.6947083782843,1.2267765315125556
1229.7947083782842,1.226895363750334
1229.8947083782841,1.227014724180212
1229.994708378284,1.2271346140671953
1230.094708378284,1.2272550346717994
1230.1947083782838,1.2273759872499879
1230.2947083782838,1.2274974730531085
1230.3947083782837,1.2276194933278304
1230.4947083782836,1.22774204931608
1230.5947083782835,1.2278651422549778
1230.6947083782834,1.227988773376774
1230.7947083782833,1.2281129439087843
1230.8947083782832,1.2282376550733265
1230.9947083782831,1.2283629080876546
1231.094708378283,1.2284887041638957
1231.194708378283,1.2286150445089838
1231.2947083782828,1.228741930324596
1231.3947083782828,1.2288693628070864
1231.4947083782827,1.2289973431474208
1231.5947083782826,1.229125872531112
1231.6947083782825,1.2292549521381537
1231.7947083782824,1.229384583142954
1231.8947083782823,1.2295147667142703
1231.9947083782822,1.2296455040151428
1232.0947083782821,1.229776796202828
1232.194708378282,1.229908644428733
1232.294708378282,1.2300410498383474
1232.3947083782818,1.2301740135711776
1232.4947083782818,1.2303075367606802
1232.5947083782817,1.2304416205341935
1232.6947083782816,1.2305762660128718
1232.7947083782815,1.230711474311617
1232.8947083782814,1.2308472465390117
1232.9947083782813,1.230983583797251
1233.0947083782812,1.2311204871820751
1233.1947083782811,1.231257957782701
1233.294708378281,1.2313959966817554
1233.394708378281,1.231534604955205
1233.4947083782808,1.2316737836722895
1233.5947083782808,1.2318135338954528
1233.6947083782807,1.231953856680274
1233.7947083782806,1.2320947530753985
1233.8947083782805,1.2322362241224711
1233.9947083782804,1.2323782708560649
1234.0947083782803,1.2325208943036126
1234.1947083782802,1.232664095485339
1234.2947083782801,1.2328078754141898
1234.39470837828,1.2329522350957633
1234.49470837828,1.2330971755282412
1234.5947083782798,1.2332426977023179
1234.6947083782798,1.2333888026011315
1234.7947083782797,1.233535491200195
1234.8947083782796,1.233682764467325
1234.9947083782795,1.2338306233625722
1235.0947083782794,1.2339790688381522
1235.1947083782793,1.234128101838374
1235.2947083782792,1.2342777232995714
1235.3947083782791,1.234427934150032
1235.494708378279,1.2345787353099262
1235.594708378279,1.2347301276912384
1235.6947083782788,1.2348821121976952
1235.7947083782788,1.2350346897246958
1235.8947083782787,1.2351878611592406
1235.9947083782786,1.2353416273798614
1236.0947083782785,1.2354959892565505
1236.1947083782784,1.2356509476506896
1236.2947083782783,1.2358065034149794
1236.3947083782782,1.2359626573933689
1236.4947083782781,1.2361194104209838
1236.594708378278,1.2362767633240574
1236.694708378278,1.2364347169198575
1236.7947083782778,1.236593272016617
1236.8947083782778,1.2367524294134622
1236.9947083782777,1.2369121899003428
1237.0947083782776,1.2370725542579593
1237.1947083782775,1.2372335232576939
1237.2947083782774,1.2373950976615384
1237.3947083782773,1.2375572782220234
1237.4947083782772,1.2377200656821479
1237.5947083782771,1.237883460775307
1237.694708378277,1.2380474642252233
1237.794708378277,1.2382120767458735
1237.8947083782768,1.2383772990414195
1237.9947083782768,1.2385431318061364
1238.0947083782767,1.2387095757243427
1238.1947083782766,1.2388766314703283
1238.2947083782765,1.239044299708286
1238.3947083782764,1.2392125810922383
1238.4947083782763,1.239381476265969
1238.5947083782762,1.239550985862952
1238.6947083782761,1.2397211105062815
1238.794708378276,1.239891850808601
1238.894708378276,1.2400632073720337
1238.9947083782758,1.2402351807881131
1239.0947083782758,1.2404077716377127
1239.1947083782757,1.2405809804909762
1239.2947083782756,1.2407548079072486
1239.3947083782755,1.2409292544350063
1239.4947083782754,1.2411043206117893
1239.5947083782753,1.2412800069641305
1239.6947083782752,1.241456314007489
1239.7947083782751,1.2416332422461802
1239.894708378275,1.2418107921733086
1239.994708378275,1.2419889642707
1240.0947083782748,1.2421677590088336
1240.1947083782748,1.2423471768467746
1240.2947083782747,1.2425272182321088
1240.3947083782746,1.2427078836008743
1240.4947083782745,1.2428891733774965
1240.5947083782744,1.2430710879747229
1240.6947083782743,1.2432536277935573
1240.7947083782742,1.243436793223195
1240.8947083782741,1.2436205846409591
1240.994708378274,1.2438050024122378
1241.094708378274,1.24399004689042
1241.1947083782738,1.2441757184168334
1241.2947083782738,1.2443620173206842
1241.3947083782737,1.244548943918995
1241.4947083782736,1.2447364985165448
1241.5947083782735,1.2449246814058108
1241.6947083782734,1.2451134928669092
1241.7947083782733,1.2453029331675385
1241.8947083782732,1.2454930025629225
1241.9947083782731,1.2456837012957567
1242.094708378273,1.2458750295961525
1242.194708378273,1.246066987681585
1242.2947083782728,1.246259575756843
1242.3947083782728,1.246452794013977
1242.4947083782727,1.2466466426322518
1242.5947083782726,1.2468411217781001
1242.6947083782725,1.2470362316050765
1242.7947083782724,1.247231972253815
1242.8947083782723,1.2474283438519873
1242.9947083782722,1.2476253465142635
1243.0947083782721,1.247822980342276
1243.194708378272,1.248021245424584
1243.294708378272,1.2482201418366423
1243.3947083782718,1.2484196696407717
1243.4947083782718,1.2486198288861319
1243.5947083782717,1.2488206196086995
1243.6947083782716,1.2490220418312472
1243.7947083782715,1.249224095563327
1243.8947083782714,1.2494267808012574
1243.9947083782713,1.2496300975281156
1244.0947083782712,1.249834045713731
1244.1947083782711,1.250038625314686
1244.294708378271,1.2502438362743207
1244.394708378271,1.2504496785227417
1244.4947083782708,1.250656151976838
1244.5947083782708,1.2508632565403002
1244.6947083782707,1.2510709921036487
1244.7947083782706,1.2512793585442668
1244.8947083782705,1.2514883557264396
1244.9947083782704,1.2516979835014028
1245.0947083782703,1.2519082417073966
1245.1947083782702,1.2521191301697303
1245.2947083782701,1.2523306487008534
1245.39470837827,1.2525427971004377
1245.49470837827,1.2527555751554686
1245.5947083782698,1.2529689826403458
1245.6947083782698,1.2531830193169982
1245.7947083782697,1.2533976849350057
1245.8947083782696,1.2536129792317392
1245.9947083782695,1.253828901932509
1246.0947083782694,1.2540454527507299
1246.1947083782693,1.2542626313881002
1246.2947083782692,1.2544804375347969
1246.3947083782691,1.2546988708696873
1246.494708378269,1.2549179310605587
1246.594708378269,1.2551376177643652
1246.6947083782688,1.2553579306274973
1246.7947083782688,1.2555788692860694
1246.8947083782687,1.2558004333662316
1246.9947083782686,1.2560226224845032
1247.0947083782685,1.2562454362481332
1247.1947083782684,1.2564688742554844
1247.2947083782683,1.2566929360964467
1247.3947083782682,1.256917621352881
1247.4947083782681,1.25714292959909
1247.594708378268,1.2573688604023254
1247.694708378268,1.257595413323329
1247.7947083782678,1.2578225879169072
1247.8947083782678,1.258050383732548
1247.9947083782677,1.2582788003150753
1248.0947083782676,1.2585078372053475
1248.1947083782675,1.2587374939409999
1248.2947083782674,1.258967770057236
1248.3947083782673,1.2591986650876672
1248.4947083782672,1.2594301785652062
1248.5947083782671,1.2596623100230149
1248.694708378267,1.259895058995511
1248.794708378267,1.2601284250194358
1248.8947083782668,1.2603624076349875
1248.9947083782668,1.2605970063870202
1249.0947083782667,1.2608322208263163
1249.1947083782666,1.2610680505109326
1249.2947083782665,1.2613044950076264
1249.3947083782664,1.261541553893363
1249.4947083782663,1.2617792267569108
1249.5947083782662,1.2620175132005282
1249.6947083782661,1.262256412841745
1249.794708378266,1.2624959253152455
1249.894708378266,1.262736050274856
1249.9947083782658,1.2629767873956426
1250.0947083782658,1.263218136376127
1250.1947083782657,1.2634600969406204
1250.2947083782656,1.263702668841687
1250.3947083782655,1.2639458518627391
1250.4947083782654,1.2641896458207718
1250.5947083782653,1.2644340505692446
1250.6947083782652,1.2646790660011136
1250.794708378265,1.2649246920520245
1250.894708378265,1.2651709287036719
1250.994708378265,1.265417775987333
1251.0947083782648,1.2656652339875825
1251.1947083782647,1.265913302846198
1251.2947083782647,1.2661619827662645
1251.3947083782646,1.2664112740164852
1251.4947083782645,1.266661176935708
1251.5947083782644,1.266911691937677
1251.6947083782643,1.2671628195160214
1251.7947083782642,1.2674145602494848
1251.894708378264,1.2676669148074138
1251.994708378264,1.2679198839555077
1252.094708378264,1.2681734685618489
1252.1947083782638,1.268427669603217
1252.2947083782637,1.2686824881717051
1252.3947083782637,1.2689379254816446
1252.4947083782636,1.2691939828768541
1252.5947083782635,1.269450661838226
1252.6947083782634,1.2697079639916575
1252.7947083782633,1.2699658911163498
1252.8947083782632,1.2702244451534765
1252.994708378263,1.2704836282152479
1253.094708378263,1.2707434425943744
1253.194708378263,1.2710038907739538
1253.2947083782628,1.2712649754377885
1253.3947083782627,1.2715266994811547
1253.4947083782627,1.2717890660220372
1253.5947083782626,1.2720520784128446
1253.6947083782625,1.2723157402526242
1253.7947083782624,1.2725800553997906
1253.8947083782623,1.2728450279853885
1253.9947083782622,1.2731106624269037
1254.094708378262,1.2733769634426433
1254.194708378262,1.2736439360667018
1254.294708378262,1.27391158566453
1254.3947083782618,1.2741799179491315
1254.4947083782617,1.274448938997897
1254.5947083782617,1.2747186552701033
1254.6947083782616,1.2749890736250933
1254.7947083782615,1.2752602013411576
1254.8947083782614,1.2755320461351365
1254.9947083782613,1.2758046161827648
1255.0947083782612,1.276077920139778
1255.194708378261,1.2763519671638022
1255.294708378261,1.276626766937046
1255.394708378261,1.276902329689818
1255.4947083782608,1.277178666224889
1255.5947083782607,1.2774557879427195
1255.6947083782607,1.2777337068675751
1255.7947083782606,1.2780124356745506
1255.8947083782605,1.2782919877175203
1255.9947083782604,1.2785723770580397
1256.0947083782603,1.2788536184952182
1256.1947083782602,1.2791357275965787
1256.29470837826,1.2794187207299323
1256.39470837826,1.2797026150962805
1256.49470837826,1.2799874287637678
1256.5947083782598,1.2802731807027061
1256.6947083782597,1.2805598908216838
1256.7947083782597,1.2808475800047836
1256.8947083782596,1.281136270149924
1256.9947083782595,1.281425984208341
1257.0947083782594,1.2817167462252288
1257.1947083782593,1.2820085813815525
1257.2947083782592,1.2823015160370501
1257.394708378259,1.282595577774436
1257.494708378259,1.2828907954448197
1257.594708378259,1.2831871992143524
1257.6947083782588,1.2834848206121108
1257.7947083782587,1.2837836925792288
1257.8947083782587,1.2840838495192863
1257.9947083782586,1.2843853273499612
1258.0947083782585,1.284688163555948
1258.1947083782584,1.2849923972431527
1258.2947083782583,1.2852980691941613
1258.3947083782582,1.2856052219249847
1258.494708378258,1.2859138997430783
1258.594708378258,1.286224148806634
1258.694708378258,1.28653601718514
1258.7947083782578,1.2868495549211991
1258.8947083782577,1.2871648140935974
1258.9947083782577,1.287481848881613
1259.0947083782576,1.287800715630549
1259.1947083782575,1.2881214729184733
1259.2947083782574,1.288444181624148
1259.3947083782573,1.2887689049961257
1259.4947083782572,1.2890957087229866
1259.594708378257,1.28942466100469
1259.694708378257,1.2897558326250074
1259.794708378257,1.2900892970250062
1259.8947083782568,1.2904251303775434
1259.9947083782567,1.290763411662728
1260.0947083782567,1.2911042227443132
1260.1947083782566,1.2914476484469624
1260.2947083782565,1.2917937766343437
1260.3947083782564,1.2921426982879942
1260.4947083782563,1.2924945075868959
1260.5947083782562,1.2928493019876992
1260.694708378256,1.2932071823055247
1260.794708378256,1.2935682527952763
1260.894708378256,1.293932621233383
1260.9947083782558,1.2943003989998936
1261.0947083782557,1.2946717011608384
1261.1947083782557,1.2950466465507655
1261.2947083782556,1.2954253578553614
1261.3947083782555,1.2958079616940548
1261.4947083782554,1.2961945887024984
1261.5947083782553,1.2965853736148247
1261.6947083782552,1.2969804553455577
1261.794708378255,1.2973799770710641
1261.894708378255,1.2977840863104213
1261.994708378255,1.2981929350055728
1262.0947083782548,1.2986066796006386
1262.1947083782547,1.2990254811202409
1262.2947083782547,1.2994495052467028
1262.3947083782546,1.2998789223959724
1262.4947083782545,1.3003139077921155
1262.5947083782544,1.3007546415402234
1262.6947083782543,1.3012013086975671
1262.7947083782542,1.3016540993428343
1262.894708378254,1.3021132086432732
1262.994708378254,1.3025788369195643
1263.094708378254,1.3030511897082415
1263.1947083782538,1.3035304778214707
1263.2947083782537,1.3040169174039966
1263.3947083782537,1.3045107299870604
1263.4947083782536,1.3050121425390884
1263.5947083782535,1.3055213875129468
1263.6947083782534,1.3060387028895528
1263.7947083782533,1.306564332217631
1263.8947083782532,1.307098524649399
1263.994708378253,1.3076415349719603
1264.094708378253,1.3081936236341858
1264.194708378253,1.3087550567688537
1264.2947083782528,1.3093261062098231
1264.3947083782527,1.3099070495040088
1264.4947083782527,1.310498169917922
1264.5947083782526,1.311099756438548
1264.6947083782525,1.3117121037683177
1264.7947083782524,1.3123355123139382
1264.8947083782523,1.3129702881688452
1264.9947083782522,1.3136167430890346
1265.094708378252,1.3142751944620361
1265.194708378252,1.31494596526879
1265.294708378252,1.3156293840381854
1265.3947083782518,1.316325784794027
1265.4947083782517,1.3170355069941897
1265.5947083782517,1.3177588954617305
1265.6947083782516,1.3184963003077235
1265.7947083782515,1.3192480768455899
1265.8947083782514,1.3200145854966983
1265.9947083782513,1.320796191687011
1266.0947083782512,1.321593265734563
1266.194708378251,1.322406182727556
1266.294708378251,1.323235322392865
1266.394708378251,1.3240810689547555
1266.4947083782508,1.3249438109836134
1266.5947083782507,1.3258239412345039
1266.6947083782507,1.3267218564753809
1266.7947083782506,1.3276379573047685
1266.8947083782505,1.3285726479587616
1266.9947083782504,1.3295263361071836
1267.0947083782503,1.3304994326387656
1267.1947083782502,1.3314923514352088
1267.29470837825,1.3325055091340134
1267.39470837825,1.3335393248799625
1267.49470837825,1.3345942200651637
1267.5947083782498,1.3356706180575681
1267.6947083782497,1.3367689439178925
1267.7947083782497,1.3378896241048932
1267.8947083782496,1.3390330861689468
1267.9947083782495,1.340199758433916
1268.0947083782494,1.3413900696672896
1268.1947083782493,1.3426044487386033
1268.2947083782492,1.3438433242661685
1268.394708378249,1.3451071242521484
1268.494708378249,1.3463962757060437
1268.594708378249,1.3477112042566664
1268.6947083782488,1.3490523337527012
1268.7947083782487,1.3504200858519706
1268.8947083782487,1.3518148795995457
1268.9947083782486,1.3532371309948565
1269.0947083782485,1.3546872525479878
1269.1947083782484,1.3561656528253567
1269.2947083782483,1.3576727359849992
1269.3947083782482,1.3592089013017072
1269.494708378248,1.3607745426822873
1269.594708378248,1.3623700481712286
1269.694708378248,1.3639957994470953
1269.7947083782478,1.3656521713099776
1269.8947083782477,1.3673395311603627
1269.9947083782477,1.3690582384698073
1270.0947083782476,1.3708086442438177
1270.1947083782475,1.3725910904773686
1270.2947083782474,1.3744059096035115
1270.3947083782473,1.3762534239355517
1270.4947083782472,1.3781339451032903
1270.594708378247,1.3800477734838588
1270.694708378247,1.381995197627688
1270.794708378247,1.3839764936801822
1270.8947083782468,1.385991924799688
1270.9947083782467,1.3880417405723762
1271.0947083782467,1.390126176424663
1271.1947083782466,1.3922454530338368
1271.2947083782465,1.394399775737559
1271.3947083782464,1.3965893339429445
1271.4947083782463,1.3988143005359317
1271.5947083782462,1.4010748312916856
1271.694708378246,1.4033710642867812
1271.794708378246,1.4057031193139473
1271.894708378246,1.4080710973001545
1271.9947083782458,1.4104750797288537
1272.0947083782457,1.4129151280671888
1272.1947083782457,1.415391283199012
1272.2947083782456,1.4179035648645568
1272.3947083782455,1.42045197110762
1272.4947083782454,1.4230364777311315
1272.5947083782453,1.4256570377619862
1272.6947083782452,1.4283135809260292
1272.794708378245,1.4310060131340938
1272.894708378245,1.433734215979987
1272.994708378245,1.4364980462513386
1273.0947083782448,1.4392973354542185
1273.1947083782447,1.4421318893524369
1273.2947083782446,1.4450014875224395
1273.3947083782446,1.4479058829247125
1273.4947083782445,1.4508448014926
1273.5947083782444,1.4538179417394503
1273.6947083782443,1.4568249743849784
1273.7947083782442,1.4598655420017468
1273.894708378244,1.4629392586826444
1273.994708378244,1.4660457097302357
1274.094708378244,1.4691844513688441
1274.1947083782438,1.4723550104802139
1274.2947083782437,1.4755568843635842
1274.3947083782436,1.4787895405209865
1274.4947083782436,1.4820524164685673
1274.5947083782435,1.4853449195747006
1274.6947083782434,1.4886664269256529
1274.7947083782433,1.4920162852195227
1274.8947083782432,1.4953938106891567
1274.994708378243,1.4987982890547245
1275.094708378243,1.5022289755065872
1275.194708378243,1.5056850947190865
1275.2947083782428,1.5091658408958293
1275.3947083782427,1.5126703778470199
1275.4947083782426,1.5161978390993531
1275.5947083782426,1.5197473280389482
1275.6947083782425,1.5233179180877547
1275.7947083782424,1.5269086529138363
1275.8947083782423,1.5305185466758855
1275.9947083782422,1.5341465843022852
1276.094708378242,1.537791721804988
1276.194708378242,1.5414528866284374
1276.294708378242,1.545128978033715
1276.3947083782418,1.5488188675180385
1276.4947083782417,1.5525213992697011
1276.5947083782416,1.5562353906584838
1276.6947083782416,1.559959632761524
1276.7947083782415,1.5636928909245758
1276.8947083782414,1.5674339053585427
1276.9947083782413,1.5711813917711104
1277.0947083782412,1.57493404203326
1277.194708378241,1.5786905248803782
1277.294708378241,1.582449486647641
1277.394708378241,1.5862095520392803
1277.4947083782408,1.589969324931295
1277.5947083782407,1.5937273892071189
1277.6947083782406,1.5974823096256885
1277.7947083782406,1.6012326327213158
1277.8947083782405,1.6049768877347086
1277.9947083782404,1.6087135875744265
1278.0947083782403,1.6124412298080129
1278.1947083782402,1.616158297681985
1278.29470837824,1.6198632611698165
1278.39470837824,1.623554578046992
1278.49470837824,1.6272306949921633
1278.5947083782398,1.6308900487133933
1278.6947083782397,1.6345310670984108
1278.7947083782396,1.6381521703877722
1278.8947083782396,1.6417517723697568
1278.9947083782395,1.6453282815958024
1279.0947083782394,1.6488801026152184
1279.1947083782393,1.6524056372278975
1279.2947083782392,1.655903285753685
1279.394708378239,1.6593714483170392
1279.494708378239,1.6628085261455774
1279.594708378239,1.6662129228810645
1279.6947083782388,1.6695830459013676
1279.7947083782387,1.672917307651875
1279.8947083782386,1.6762141269848454
1279.9947083782386,1.679471930505122
1280.0947083782385,1.682689153920636
1280.1947083782384,1.685864243396085
1280.2947083782383,1.6889956569081668
1280.3947083782382,1.6920818656007222
1280.494708378238,1.6951213551381343
1280.594708378238,1.6981126270553113
1280.694708378238,1.7010542001025801
1280.7947083782378,1.7039446115838026
1280.8947083782377,1.7067824186860303
1280.9947083782376,1.7095661997990055
1281.0947083782376,1.7122945558228249
1281.1947083782375,1.7149661114620784
1281.2947083782374,1.717579516504794
1281.3947083782373,1.7201334470845162
1281.4947083782372,1.722626606923871
1281.594708378237,1.7250577285579758
1281.694708378237,1.727425574536078
1281.794708378237,1.7297289385998245
1281.8947083782368,1.7319666468365833
1281.9947083782367,1.7341375588062777
1282.0947083782366,1.7362405686402063
1282.1947083782366,1.7382746061103678
1282.2947083782365,1.7402386376678347
1282.3947083782364,1.7421316674487621
1282.4947083782363,1.743952738246656
1282.5947083782362,1.7457009324495643
1282.694708378236,1.7473753729409023
1282.794708378236,1.748975223962669
1282.894708378236,1.7504996919398583
1282.9947083782358,1.7519480262649187
1283.0947083782357,1.753319520041177
1283.1947083782356,1.754613510784178
1283.2947083782356,1.755829381079972
1283.3947083782355,1.75696655919942
1283.4947083782354,1.7580245196676558
1283.5947083782353,1.7590027837879125
1283.6947083782352,1.759900920118963
1283.794708378235,1.7607185449055147
1283.894708378235,1.7614553224609442
1283.994708378235,1.7621109655018325
1284.0947083782348,1.7626852354338312
1284.1947083782347,1.7631779425884493
1284.2947083782346,1.7635889464104348
1284.3947083782346,1.7639181555954773
1284.4947083782345,1.764165528178042
1284.5947083782344,1.7643310715692113
1284.6947083782343,1.764414842544479
1284.7947083782342,1.7644169471815156
1284.894708378234,1.7643375407479982
1284.994708378234,1.7641768275396577
1285.094708378234,1.7639350606687811
1285.1947083782338,1.7636125418034658
1285.2947083782337,1.7632096208579968
1285.3947083782336,1.7627266956347891
1285.4947083782336,1.7621642114183977
1285.5947083782335,1.761522660522176
1285.6947083782334,1.7608025817882191
1285.7947083782333,1.7600045600412992
1285.8947083782332,1.7591292254975643
1285.994708378233,1.758177253128831
1286.094708378233,1.7571493619833634
1286.194708378233,1.7560463144640934
1286.2947083782328,1.7548689155652881
1286.3947083782327,1.7536180120687326
1286.4947083782326,1.7522944917005474
1286.5947083782326,1.7508992822498093
1286.6947083782325,1.749433350650197
1286.7947083782324,1.7478977020259332
1286.8947083782323,1.746293378703332
1286.9947083782322,1.7446214591893097
1287.094708378232,1.742883057118259
1287.194708378232,1.7410793201687178
1287.294708378232,1.7392114289513048
1287.3947083782318,1.7372805958694297
1287.4947083782317,1.735288063954305
1287.5947083782316,1.7332351056758286
1287.6947083782316,1.731123021730923
1287.7947083782315,1.7289531398109363
1287.8947083782314,1.726726813349743
1287.9947083782313,1.7244454202541823
1288.0947083782312,1.7221103616185016
1288.194708378231,1.7197230604244722
1288.294708378231,1.7172849602288616
1288.394708378231,1.7147975238399458
1288.4947083782308,1.712262231984754
1288.5947083782307,1.7096805819687324
1288.6947083782306,1.7070540863295163
1288.7947083782306,1.7043842714864943
1288.8947083782305,1.701672676387835
1288.9947083782304,1.6989208511566438
1289.0947083782303,1.6961303557378993
1289.1947083782302,1.6933027585478042
1289.29470837823,1.69043963512717
1289.39470837823,1.6875425668004294
1289.49470837823,1.6846131393418537
1289.5947083782298,1.681652941650519
1289.6947083782297,1.6786635644355496
1289.7947083782296,1.6756465989131204
1289.8947083782296,1.6726036355166887
1289.9947083782295,1.6695362626218722
1290.0947083782294,1.6664460652873692
1290.1947083782293,1.6633346240132703
1290.2947083782292,1.6602035135180775
1290.394708378229,1.6570543015357009
1290.494708378229,1.653888547633662
1290.594708378229,1.6507078020536938
1290.6947083782288,1.6475136045758696
1290.7947083782287,1.644307483407363
1290.8947083782286,1.6410909540968759
1290.9947083782286,1.6378655184757374
1291.0947083782285,1.634632663626615
1291.1947083782284,1.6313938608807361
1291.2947083782283,1.6281505648444616
1291.3947083782282,1.6249042124560034
1291.494708378228,1.6216562220730255
1291.594708378228,1.6184079925918096
1291.694708378228,1.6151609025986196
1291.7947083782278,1.61191630955384
1291.8947083782277,1.6086755490094125
1291.9947083782276,1.605439933860037
1292.0947083782276,1.6022107536285515
1292.1947083782275,1.5989892737858544
1292.2947083782274,1.5957767351056698
1292.3947083782273,1.592574353054412
1292.4947083782272,1.5893833172163498
1292.594708378227,1.5862047907542114
1292.694708378227,1.5830399099053347
1292.794708378227,1.5798897835133954
1292.8947083782268,1.5767554925957148
1292.9947083782267,1.573638089946086
1293.0947083782266,1.570538599773014
1293.1947083782266,1.5674580173732164
1293.2947083782265,1.5643973088401855
1293.3947083782264,1.5613574108075623
1293.4947083782263,1.5583392302270391
1293.5947083782262,1.5553436441804502
1293.694708378226,1.552371499725679
1293.794708378226,1.5494236137759665
1293.894708378226,1.5465007730121636
1293.9947083782258,1.5436037338274375
1294.0947083782257,1.5407332223039
1294.1947083782256,1.5378899342205985
1294.2947083782256,1.5350745350922708
1294.3947083782255,1.5322876602382347
1294.4947083782254,1.5295299148807586
1294.5947083782253,1.5268018742722227
1294.6947083782252,1.5241040838503617
1294.794708378225,1.5214370594208488
1294.894708378225,1.518801287366465
1294.994708378225,1.5161972248820634
1295.0947083782248,1.5136253002345381
1295.1947083782247,1.5110859130469665
1295.2947083782246,1.5085794346060966
1295.3947083782245,1.5061062081923253
1295.4947083782245,1.5036665494313026
1295.5947083782244,1.5012607466662886
1295.6947083782243,1.4988890613503791
1295.7947083782242,1.496551728457701
1295.894708378224,1.4942489569126867
1295.994708378224,1.4919809300365143
1296.094708378224,1.4897478060098146
1296.1947083782238,1.4875497183507256
1296.2947083782237,1.4853867764073962
1296.3947083782236,1.4832590658640197
1296.4947083782235,1.4811666492594993
1296.5947083782235,1.4791095665178402
1296.6947083782234,1.477087835489372
1296.7947083782233,1.4751014525019128
1296.8947083782232,1.4731503929209926
1296.994708378223,1.4712346117182638
1297.094708378223,1.4693540440472352
1297.194708378223,1.4675086058254818
1297.2947083782228,1.465698194322488
1297.3947083782227,1.4639226887523047
1297.4947083782226,1.462181950870204
1297.5947083782225,1.4604758255725434
1297.6947083782225,1.4588041414990562
1297.7947083782224,1.4571667116368106
1297.8947083782223,1.45556333392509
1297.9947083782222,1.4539937918604775
1298.094708378222,1.4524578551014293
1298.194708378222,1.4509552800716623
1298.294708378222,1.4494858105616824
1298.3947083782218,1.4480491783278149
1298.4947083782217,1.4466451036881145
1298.5947083782216,1.4452732961145505
1298.6947083782215,1.4439334548208937
1298.7947083782215,1.4426252693457466
1298.8947083782214,1.4413484201301836
1298.9947083782213,1.4401025790894926
1299.0947083782212,1.4388874101785305
1299.194708378221,1.4377025699502277
1299.294708378221,1.4365477081068019
1299.394708378221,1.4354224680432648
1299.4947083782208,1.4343264873828259
1299.5947083782207,1.4332593985038242
1299.6947083782206,1.4322208290578393
1299.7947083782205,1.4312104024786565
1299.8947083782205,1.4302277384817854
1299.9947083782204,1.4292724535542525
1300.0947083782203,1.428344161434408
1300.1947083782202,1.427442473581514
1300.29470837822,1.4265669996349026
1300.39470837822,1.4257173478625051
1300.49470837822,1.4248931255985882
1300.5947083782198,1.4240939396705428
1300.6947083782197,1.4233193968145936
1300.7947083782196,1.422569104080325
1300.8947083782195,1.4218426692239212
1300.9947083782195,1.4211397010900593
1301.0947083782194,1.4204598099823897
1301.1947083782193,1.4198026080225765
1301.2947083782192,1.4191677094978687
1301.394708378219,1.4185547311972064
1301.494708378219,1.4179632927358699
1301.594708378219,1.4173930168687006
1301.6947083782188,1.4168435297919386
1301.7947083782187,1.4163144614337306
1301.8947083782186,1.4158054457333813
1301.9947083782185,1.4153161209094312
1302.0947083782185,1.4148461297166552
1302.1947083782184,1.4143951196920936
1302.2947083782183,1.4139627433902302
1302.3947083782182,1.41354865860745
1302.494708378218,1.4131525285959134
1302.594708378218,1.4127740222670002
1302.694708378218,1.4124128143844752
1302.7947083782178,1.412068585747544
1302.8947083782177,1.411741023363974
1302.9947083782176,1.4114298206134575
1303.0947083782175,1.4111346774014042
1303.1947083782175,1.4108553003033562
1303.2947083782174,1.4105914027002235
1303.3947083782173,1.4103427049045412
1303.4947083782172,1.4101089342779527
1303.594708378217,1.4098898253401353
1303.694708378217,1.4096851198693727
1303.794708378217,1.4094945669949983
1303.8947083782168,1.4093179232819195
1303.9947083782167,1.4091549528074494
1304.0947083782166,1.4090054272306607
1304.1947083782165,1.4088691258544874
1304.2947083782165,1.4087458356807918
1304.3947083782164,1.4086353514586223
1304.4947083782163,1.4085374757258806
1304.5947083782162,1.4084520188446175
1304.694708378216,1.408378799030179
1304.794708378216,1.4083176423744173
1304.894708378216,1.4082683828631808
1304.9947083782158,1.408230862388302
1305.0947083782157,1.408204930754284
1305.1947083782156,1.4081904456799026
1305.2947083782155,1.4081872727949214
1305.3947083782155,1.4081952856321234
1305.4947083782154,1.408214365614857
1305.5947083782153,1.408244402040288
1305.6947083782152,1.4082852920585485
1305.794708378215,1.4083369406479647
1305.894708378215,1.408399260586549
1305.994708378215,1.4084721724199283
1306.0947083782148,1.4085556044258796
1306.1947083782147,1.4086494925756436
1306.2947083782146,1.408753780492173
1306.3947083782145,1.408868419405472
1306.4947083782145,1.4089933681051825
1306.5947083782144,1.409128592890557
1306.6947083782143,1.4092740675179634
1306.7947083782142,1.409429773146053
1306.894708378214,1.4095956982787237
1306.994708378214,1.409771838706002
1307.094708378214,1.4099581974429634
1307.1947083782138,1.4101547846668003
1307.2947083782137,1.4103616176521518
1307.3947083782136,1.410578720704793
1307.4947083782135,1.410806125093781
1307.5947083782135,1.41104386898215
1307.6947083782134,1.4112919973562452
1307.7947083782133,1.411550561953766
1307.8947083782132,1.4118196211906078
1307.994708378213,1.412099240086561
1308.094708378213,1.4123894901899396
1308.194708378213,1.4126904495011967
1308.2947083782128,1.4130022023955833
1308.3947083782127,1.4133248395448998
1308.4947083782126,1.4136584578383873
1308.5947083782125,1.4140031603027994
1308.6947083782125,1.4143590560216897
1308.7947083782124,1.4147262600539496
1308.8947083782123,1.415104893351622
1308.9947083782122,1.415495082677016
1309.094708378212,1.4158969605191423
1309.194708378212,1.4163106650094817
1309.294708378212,1.4167363398371062
1309.3947083782118,1.4171741341631512
1309.4947083782117,1.4176242025346506
1309.5947083782116,1.4180867047977348
1309.6947083782115,1.4185618060101866
1309.7947083782115,1.419049676353353
1309.8947083782114,1.419550491043406
1309.9947083782113,1.4200644302419356
1310.0947083782112,1.4205916789658688
1310.194708378211,1.4211324269966945
1310.294708378211,1.4216868687889763
1310.394708378211,1.422255203378133
1310.4947083782108,1.4228376342874638
1310.5947083782107,1.4234343694343943
1310.6947083782106,1.4240456210359156
1310.7947083782105,1.4246716055131894
1310.8947083782105,1.4253125433952871
1310.9947083782104,1.425968659222037
1311.0947083782103,1.4266401814459397
1311.1947083782102,1.4273273423331254
1311.29470837821,1.428030377863314
1311.39470837821,1.4287495276287454
1311.49470837821,1.4294850347320416
1311.5947083782098,1.430237145682968
1311.6947083782097,1.431006110294051
1311.7947083782096,1.431792181575022
1311.8947083782095,1.432595615626043
1311.9947083782095,1.4334166715296819
1312.0947083782094,1.434255611241598
1312.1947083782093,1.4351126994798993
1312.2947083782092,1.435988203613136
1312.394708378209,1.4368823935468957
1312.494708378209,1.4377955416089594
1312.594708378209,1.4387279224329867
1312.6947083782088,1.4396798128406962
1312.7947083782087,1.4406514917225044
1312.8947083782086,1.4416432399165915
1312.9947083782085,1.4426553400863653
1313.0947083782085,1.4436880765962885
1313.1947083782084,1.4447417353860417
1313.2947083782083,1.4458166038429958
1313.3947083782082,1.4469129706729662
1313.494708378208,1.4480311257692222
1313.594708378208,1.4491713600797325
1313.694708378208,1.4503339654726202
1313.7947083782078,1.4515192345998125
1313.8947083782077,1.4527274607588636
1313.9947083782076,1.453958937752936
1314.0947083782075,1.4552139597489273
1314.1947083782075,1.4564928211337282
1314.2947083782074,1.4577958163686053
1314.3947083782073,1.4591232398416978
1314.4947083782072,1.4604753857186255
1314.594708378207,1.4618525477912037
1314.694708378207,1.463255019324265
1314.794708378207,1.4646830929005898
1314.8947083782068,1.46613706026395
1314.9947083782067,1.467617212160274
1315.0947083782066,1.4691238381769385
1315.1947083782065,1.470657226580206
1315.2947083782065,1.472217664150816
1315.3947083782064,1.4738054360177522
1315.4947083782063,1.4754208254902037
1315.5947083782062,1.4770641138877436
1315.694708378206,1.4787355803687516
1315.794708378206,1.480435501757109
1315.894708378206,1.4821641523671958
1315.9947083782058,1.4839218038272293
1316.0947083782057,1.4857087249009737
1316.1947083782056,1.487525181307869
1316.2947083782055,1.4893714355416168
1316.3947083782055,1.4912477466872713
1316.4947083782054,1.4931543702368841
1316.5947083782053,1.4950915579037538
1316.6947083782052,1.4970595574353374
1316.794708378205,1.4990586124248786
1316.894708378205,1.5010889621218158
1316.994708378205,1.5031508412410315
1317.0947083782048,1.5052444797710118
1317.1947083782047,1.5073701027809843
1317.2947083782046,1.5095279302271052
1317.3947083782045,1.5117181767577732
1317.4947083782045,1.513941051518148
1317.5947083782044,1.5161967579539515
1317.6947083782043,1.518485493614639
1317.7947083782042,1.5208074499560238
1317.894708378204,1.523162812142445
1317.994708378204,1.525551758848573
1318.094708378204,1.527974462060942
1318.1947083782038,1.5304310868793103
1318.2947083782037,1.5329217913179483
1318.3947083782036,1.5354467261069522
1318.4947083782035,1.5380060344936939
1318.5947083782034,1.5405998520445077
1318.6947083782034,1.5432283064467294
1318.7947083782033,1.5458915173111931
1318.8947083782032,1.5485895959753062
1318.994708378203,1.5513226453068123
1319.094708378203,1.5540907595083642
1319.194708378203,1.5568940239230271
1319.2947083782028,1.5597325148408303
1319.3947083782027,1.5626062993064975
1319.4947083782026,1.5655154349284746
1319.5947083782025,1.5684599696893895
1319.6947083782024,1.571439941758067
1319.7947083782024,1.5744553793032334
1319.8947083782023,1.5775063003090428
1319.9947083782022,1.5805927123925554
1320.094708378202,1.5837146126233068
1320.194708378202,1.5868719873451025
1320.294708378202,1.5900648120001741
1320.3947083782018,1.5932930509558374
1320.4947083782017,1.5965566573337882
1320.5947083782016,1.5998555728421797
1320.6947083782015,1.603189727610619
1320.7947083782014,1.606559040028225
1320.8947083782014,1.6099634165848886
1320.9947083782013,1.613402751715878
1321.0947083782012,1.616876927649931
1321.194708378201,1.620385814260975
1321.294708378201,1.6239292689236207
1321.394708378201,1.6275071363725655
1321.4947083782008,1.6311192485660564
1321.5947083782007,1.6347654245535466
1321.6947083782006,1.6384454703476907
1321.7947083782005,1.6421591788008199
1321.8947083782004,1.6459063294860317
1321.9947083782004,1.64968668858304
1322.0947083782003,1.6535000087689173
1322.1947083782002,1.6573460291138695
1322.2947083782,1.661224474982177
1322.3947083782,1.6651350579384363
1322.4947083782,1.6690774756592353
1322.5947083781998,1.6730514118503932
1322.6947083781997,1.6770565361698933
1322.7947083781996,1.6810925041566365
1322.8947083781995,1.6851589571651402
1322.9947083781994,1.6892555223063068
1323.0947083781994,1.6933818123943818
1323.1947083781993,1.697537425900217
1323.2947083781992,1.7017219469109615
1323.394708378199,1.705934945096285
1323.494708378199,1.71017597568125
1323.594708378199,1.714444579425937
1323.6947083781988,1.7187402826119271
1323.7947083781987,1.7230625970357445
1323.8947083781986,1.727411020009354
1323.9947083781985,1.7317850343678098
1324.0947083781984,1.7361841084841454
1324.1947083781984,1.7406076962915893
1324.2947083781983,1.7450552373131942
1324.3947083781982,1.7495261566989546
1324.494708378198,1.7540198652704873
1324.594708378198,1.758535759573351
1324.694708378198,1.7630732219370664
1324.7947083781978,1.7676316205428981
1324.8947083781977,1.7722103094994615
1324.9947083781976,1.776808628926204
1325.0947083781975,1.781425905044807
1325.1947083781974,1.7860614502785572
1325.2947083781974,1.790714563359723
1325.3947083781973,1.795384529444966
1325.4947083781972,1.8000706202388264
1325.594708378197,1.804772094125293
1325.694708378197,1.8094881963074863
1325.794708378197,1.814218158955462
1325.8947083781968,1.8189612013621437
1325.9947083781967,1.8237165301073865
1326.0947083781966,1.828483339230171
1326.1947083781965,1.8332608104089116
1326.2947083781964,1.8380481131498727
1326.3947083781964,1.842844404983666
1326.4947083781963,1.8476488316698068
1326.5947083781962,1.852460527409293
1326.694708378196,1.8572786150651737
1326.794708378196,1.862102206391061
1326.894708378196,1.8669304022675357
1326.9947083781958,1.8717622929463917
1327.0947083781957,1.8765969583026574
1327.1947083781956,1.8814334680943268
1327.2947083781955,1.8862708822297285
1327.3947083781954,1.8911082510424497
1327.4947083781954,1.8959446155737338
1327.5947083781953,1.900779007862258
1327.6947083781952,1.9056104512411935
1327.794708378195,1.9104379606424484
1327.894708378195,1.9152605429079785
1327.994708378195,1.9200771971080592
1328.0947083781948,1.9248869148663874
1328.1947083781947,1.9296886806918971
1328.2947083781946,1.9344814723171508
1328.3947083781945,1.939264261043167
1328.4947083781944,1.9440360120905467
1328.5947083781944,1.9487956849567416
1328.6947083781943,1.9535422337793176
1328.7947083781942,1.9582746077050441
1328.894708378194,1.9629917512646524
1328.994708378194,1.9676926047530845
1329.094708378194,1.9723761046150634
1329.1947083781938,1.977041183835794
1329.2947083781937,1.9816867723366203
1329.3947083781936,1.9863117973754367
1329.4947083781935,1.9909151839516646
1329.5947083781934,1.995495855215587
1329.6947083781934,2.0000527328818443
1329.7947083781933,2.004584737646872
1329.8947083781932,2.0090907896100725
1329.994708378193,2.013569808698502
1330.094708378193,2.0180207150948464
1330.194708378193,2.022442429668462
1330.2947083781928,2.0268338744092538
1330.3947083781927,2.0311939728641515
1330.4947083781926,2.0355216505759515
1330.5947083781925,2.03981583552428
1330.6947083781924,2.044075458568439
1330.7947083781924,2.048299453891881
1330.8947083781923,2.05248675944807
1330.9947083781922,2.056636317407471
1331.094708378192,2.0607470746054224
1331.194708378192,2.0648179829906184
1331.294708378192,2.068848000073961
1331.3947083781918,2.0728360893775086
1331.4947083781917,2.0767812208832637
1331.5947083781916,2.0806823714815312
1331.6947083781915,2.0845385254185897
1331.7947083781914,2.0883486747434
1331.8947083781914,2.0921118197530935
1331.9947083781913,2.0958269694369607
1332.0947083781912,2.099493141918685
1332.194708378191,2.1031093648965395
1332.294708378191,2.1066746760812864
1332.394708378191,2.1101881236315085
1332.4947083781908,2.1136487665861017
1332.5947083781907,2.1170556752936633
1332.6947083781906,2.1204079318385087
1332.7947083781905,2.1237046304630454
1332.8947083781904,2.126944877986249
1332.9947083781904,2.130127794217967
1333.0947083781903,2.1332525123687915
1333.1947083781902,2.1363181794552504
1333.29470837819,2.1393239567000375
1333.39470837819,2.1422690199270473
1333.49470837819,2.1451525599509487
1333.5947083781898,2.1479737829610475
1333.6947083781897,2.150731910899193
1333.7947083781896,2.1534261818314797
1333.8947083781895,2.1560558503135088
1333.9947083781894,2.1586201877489604
1334.0947083781894,2.1611184827412506
1334.1947083781893,2.163550041438038
1334.2947083781892,2.165914187868359
1334.394708378189,2.1682102642721555
1334.494708378189,2.170437631421991
1334.594708378189,2.1725956689367374
1334.6947083781888,2.1746837755870154
1334.7947083781887,2.176701369592197
1334.8947083781886,2.1786478889087606
1334.9947083781885,2.180522791509814
1335.0947083781884,2.182325555655588
1335.1947083781884,2.1840556801547275
1335.2947083781883,2.1857126846161936
1335.3947083781882,2.1872961096916157
1335.494708378188,2.1888055173079204
1335.594708378188,2.1902404908900874
1335.694708378188,2.1916006355738666
1335.7947083781878,2.192885578408327
1335.8947083781877,2.19409496854809
1335.9947083781876,2.195228477435107
1336.0947083781875,2.1962857989698765
1336.1947083781874,2.1972666496719593
1336.2947083781874,2.1981707688296943
1336.3947083781873,2.198997918639008
1336.4947083781872,2.1997478843312175
1336.594708378187,2.2004204742897397
1336.694708378187,2.2010155201556225
1336.794708378187,2.2015328769218265
1336.8947083781868,2.2019724230161835
1336.9947083781867,2.20233406037298
1337.0947083781866,2.2026177144931074
1337.1947083781865,2.2028233344927353
1337.2947083781864,2.2029508931404758
1337.3947083781864,2.2030003868830024
1337.4947083781863,2.202980653454857
1337.5947083781862,2.202911556780571
1337.694708378186,2.2027938928107327
1337.794708378186,2.2026277208623264
1337.894708378186,2.202413109901044
1337.9947083781858,2.202150138525258
1338.0947083781857,2.201838894946907
1338.1947083781856,2.2014794769693165
1338.2947083781855,2.2010719919619386
1338.3947083781854,2.200616556832049
1338.4947083781854,2.2001132979933806
1338.5947083781853,2.199562351331729
1338.6947083781852,2.1989638621675267
1338.794708378185,2.1983179852154104
1338.894708378185,2.1976248845407866
1338.994708378185,2.1968847335134214
1339.0947083781848,2.1960977147580656
1339.1947083781847,2.1952640201021345
1339.2947083781846,2.1943838505204685
1339.3947083781845,2.1934574160771874
1339.4947083781844,2.1924849358646656
1339.5947083781844,2.1914666379396537
1339.6947083781843,2.1904027592565685
1339.7947083781842,2.189293545597977
1339.894708378184,2.1881392515023057
1339.994708378184,2.186940140188799
1340.094708378184,2.185696483479764
1340.1947083781838,2.1844085617201205
1340.2947083781837,2.1830766636943024
1340.3947083781836,2.181701086540532
1340.4947083781835,2.180282135662509
1340.5947083781834,2.178820124638544
1340.6947083781833,2.17731537512818
1340.7947083781833,2.1757682167763295
1340.8947083781832,2.1741789871149746
1340.994708378183,2.172548031462466
1341.094708378183,2.1708757028204584
1341.194708378183,2.169162361768531
1341.2947083781828,2.1674083763565264
1341.3947083781827,2.1656141219946585
1341.4947083781826,2.1637799813414293
1341.5947083781825,2.1619063441894024
1341.6947083781824,2.159993607348874
1341.7947083781823,2.158042174529497
1341.8947083781823,2.156052456219895
1341.9947083781822,2.154024869565321
1342.094708378182,2.1519598382434078
1342.194708378182,2.1498577923380626
1342.294708378182,2.1477191682115517
1342.3947083781818,2.1455444083748243
1342.4947083781817,2.143333961356138
1342.5947083781816,2.1410882815680266
1342.6947083781815,2.1388078291726673
1342.7947083781814,2.1364930699457054
1342.8947083781813,2.1341444751385783
1342.9947083781813,2.1317625213394074
1343.0947083781812,2.1293476903325033
1343.194708378181,2.126900468956544
1343.294708378181,2.1244213489614774
1343.394708378181,2.121910826864211
1343.4947083781808,2.11936940380314
1343.5947083781807,2.116797585391571
1343.6947083781806,2.1141958815700996
1343.7947083781805,2.111564806458004
1343.8947083781804,2.108904878203701
1343.9947083781803,2.106216618834334
1344.0947083781803,2.103500554104543
1344.1947083781802,2.10075721334448
1344.29470837818,2.097987129307126
1344.39470837818,2.0951908380149664
1344.49470837818,2.0923688786060874
1344.5947083781798,2.08952179317975
1344.6947083781797,2.086650126641496
1344.7947083781796,2.0837544265478583
1344.8947083781795,2.080835242950711
1344.9947083781794,2.077893128241345
1345.0947083781793,2.074928636994305
1345.1947083781793,2.0719423258110607
1345.2947083781792,2.0689347531635605
1345.394708378179,2.0659064792377326
1345.494708378179,2.0628580657769926
1345.594708378179,2.059790075925804
1345.6947083781788,2.0567030740733623
1345.7947083781787,2.0535976256974537
1345.8947083781786,2.0504742972085412
1345.9947083781785,2.0473336557941453
1346.0947083781784,2.0441762692635623
1346.1947083781783,2.041002705892989
1346.2947083781783,2.0378135342710975
1346.3947083781782,2.034609323145123
1346.494708378178,2.0313906412675147
1346.594708378178,2.028158057243206
1346.694708378178,2.0249121393775567
1346.7947083781778,2.0216534555250187
1346.8947083781777,2.018382572938581
1346.9947083781776,2.015100058120041
1347.0947083781775,2.011806476671159
1347.1947083781774,2.0085023931457404
1347.2947083781773,2.0051883709026996
1347.3947083781773,2.0018649719601562
1347.4947083781772,1.998532756850606
1347.594708378177,1.9951922844772203
1347.694708378177,1.9918441119713202
1347.794708378177,1.9884887945510679
1347.8947083781768,1.9851268853814275
1347.9947083781767,1.9817589354354346
1348.0947083781766,1.9783854933568208
1348.1947083781765,1.975007105324038
1348.2947083781764,1.9716243149157227
1348.3947083781763,1.9682376629776446
1348.4947083781763,1.9648476874911753
1348.5947083781762,1.9614549234433274
1348.694708378176,1.958059902698388
1348.794708378176,1.9546631538712007
1348.894708378176,1.9512652022021224
1348.9947083781758,1.9478665694336952
1349.0947083781757,1.9444677736890714
1349.1947083781756,1.9410693293522208
1349.2947083781755,1.9376717469499585
1349.3947083781754,1.9342755330358237
1349.4947083781753,1.9308811900758418
1349.5947083781753,1.9274892163362027
1349.6947083781752,1.9241001057728782
1349.794708378175,1.920714347923218
1349.894708378175,1.9173324277995425
1349.994708378175,1.9139548257847632
1350.0947083781748,1.9105820175300585
1350.1947083781747,1.9072144738546266
1350.2947083781746,1.9038526606475379
1350.3947083781745,1.9004970387717162
1350.4947083781744,1.8971480639700633
1350.5947083781743,1.8938061867737517
1350.6947083781743,1.890471852412704
1350.7947083781742,1.8871455007282791
1350.894708378174,1.883827566088178
1350.994708378174,1.8805184773035943
1351.094708378174,1.8772186575486158
1351.1947083781738,1.8739285242818995
1351.2947083781737,1.8706484891706263
1351.3947083781736,1.8673789580167557
1351.4947083781735,1.8641203306855847
1351.5947083781734,1.860873001036626
1351.6947083781733,1.8576373568568143
1351.7947083781733,1.8544137797960474
1351.8947083781732,1.851202645305068
1351.994708378173,1.8480043225757015
1352.094708378173,1.8448191744834417
1352.194708378173,1.8416475575324003
1352.2947083781728,1.8384898218026173
1352.3947083781727,1.835346310899737
1352.4947083781726,1.8322173619070512
1352.5947083781725,1.8291033053399082
1352.6947083781724,1.8260044651024891
1352.7947083781723,1.8229211584469507
1352.8947083781723,1.819853695934928
1352.9947083781722,1.8168023814013996
1353.094708378172,1.8137675119209051
1353.194708378172,1.8107493777761154
1353.294708378172,1.8077482624287462
1353.3947083781718,1.8047644424928069
1353.4947083781717,1.801798187710181
1353.5947083781716,1.7988497609285254
1353.6947083781715,1.795919418081482
1353.7947083781714,1.7930074081711882
1353.8947083781713,1.7901139732530782
1353.9947083781713,1.7872393484229603
1354.0947083781712,1.784383761806359
1354.194708378171,1.7815474345501081
1354.294708378171,1.7787305808161789
1354.394708378171,1.7759334077777298
1354.4947083781708,1.7731561156173612
1354.5947083781707,1.7703988975275573
1354.6947083781706,1.7676619397133009
1354.7947083781705,1.7649454213968365
1354.8947083781704,1.7622495148245731
1354.9947083781703,1.7595743852760946
1355.0947083781703,1.7569201910752685
1355.1947083781702,1.7542870836034266
1355.29470837817,1.751675207314595
1355.39470837817,1.7490846997527572
1355.49470837817,1.74651569157112
1355.5947083781698,1.7439683065533667
1355.6947083781697,1.7414426616368641
1355.7947083781696,1.7389388669378114
1355.8947083781695,1.7364570257782943
1355.9947083781694,1.733997234715224
1356.0947083781693,1.7315595835711366
1356.1947083781693,1.7291441554668245
1356.2947083781692,1.7267510268557702
1356.394708378169,1.7243802675603614
1356.494708378169,1.7220319408098528
1356.594708378169,1.7197061032800516
1356.6947083781688,1.7174028051346957
1356.7947083781687,1.715122090068494
1356.8947083781686,1.712863995351804
1356.9947083781685,1.7106285518769107
1357.0947083781684,1.7084157842058845
1357.1947083781683,1.7062257106199783
1357.2947083781683,1.7040583431705425
1357.3947083781682,1.7019136877314185
1357.494708378168,1.6997917440527874
1357.594708378168,1.6976925058164354
1357.694708378168,1.6956159606924075
1357.7947083781678,1.6935620903970188
1357.8947083781677,1.6915308707521883
1357.9947083781676,1.689522271746064
1358.0947083781675,1.6875362575949069
1358.1947083781674,1.685572786806202
1358.2947083781673,1.6836318122429634
1358.3947083781673,1.6817132811891962
1358.4947083781672,1.6798171354164908
1358.594708378167,1.6779433112517075
1358.694708378167,1.6760917396457249
1358.794708378167,1.6742623462432147
1358.8947083781668,1.6724550514534111
1358.9947083781667,1.6706697705218432
1359.0947083781666,1.6689064136029916
1359.1947083781665,1.6671648858338441
1359.2947083781664,1.66544508740831
1359.3947083781663,1.6637469136524603
1359.4947083781663,1.662070255100569
1359.5947083781662,1.6604149975719094
1359.694708378166,1.6587810222482806
1359.794708378166,1.6571682057522328
1359.894708378166,1.6555764202259489
1359.9947083781658,1.6540055334107617
1360.0947083781657,1.652455408727263
1360.1947083781656,1.6509259053559804
1360.2947083781655,1.6494168783185843
1360.3947083781654,1.6479281785595934
1360.4947083781653,1.6464596530285516
1360.5947083781653,1.6450111447626348
1360.6947083781652,1.6435824929696667
1360.794708378165,1.6421735331115042
1360.894708378165,1.6407840969877625
1360.994708378165,1.6394140128198544
1361.0947083781648,1.6380631053353043
1361.1947083781647,1.636731195852312
1361.2947083781646,1.6354181023645369
1361.3947083781645,1.634123639626066
1361.4947083781644,1.6328476192365433
1361.5947083781643,1.631589849726427
1361.6947083781643,1.6303501366423456
1361.7947083781642,1.6291282826325246
1361.894708378164,1.6279240875322554
1361.994708378164,1.6267373484493781
1362.094708378164,1.6255678598497483
1362.1947083781638,1.6244154136426636
1362.2947083781637,1.6232797992662193
1362.3947083781636,1.6221608037725679
1362.4947083781635,1.6210582119130563
1362.5947083781634,1.6199718062232127
1362.6947083781633,1.6189013671075578
1362.7947083781633,1.6178466729242174
1362.8947083781632,1.6168075000693056
1362.994708378163,1.6157836230610607
1363.094708378163,1.6147748146237024
1363.1947083781629,1.6137808457709928
1363.2947083781628,1.612801485889472
1363.3947083781627,1.611836502821349
1363.4947083781626,1.6108856629470236
1363.5947083781625,1.6099487312672158
1363.6947083781624,1.609025471484682
1363.7947083781623,1.6081156460854968
1363.8947083781622,1.6072190164198783
1363.9947083781622,1.6063353427825355
1364.094708378162,1.6054643844925187
1364.194708378162,1.6046058999725519
1364.2947083781619,1.6037596468278295
1364.3947083781618,1.6029253819242562
1364.4947083781617,1.60210286146611
1364.5947083781616,1.6012918410731165
1364.6947083781615,1.6004920758569083
1364.7947083781614,1.5997033204968587
1364.8947083781613,1.5989253293152668
1364.9947083781612,1.5981578563518861
1365.0947083781612,1.5974006554377698
1365.194708378161,1.5966534802684258
1365.294708378161,1.5959160844762605
1365.3947083781609,1.5951882217023023
1365.4947083781608,1.5944696456671827
1365.5947083781607,1.5937601102413683
1365.6947083781606,1.5930593695146265
1365.7947083781605,1.5923671778647122
1365.8947083781604,1.591683290025263
1365.9947083781603,1.5910074611528913
1366.0947083781602,1.59033944689346
1366.1947083781602,1.589679003447532
1366.29470837816,1.5890258876349825
1366.39470837816,1.5883798569587597
1366.4947083781599,1.5877406696677911
1366.5947083781598,1.5871080848190182
1366.6947083781597,1.5864818623385541
1366.7947083781596,1.5858617630819554
1366.8947083781595,1.585247548893598
1366.9947083781594,1.5846389826651492
1367.0947083781593,1.5840358283931293
1367.1947083781592,1.583437851235555
1367.2947083781592,1.5828448175676562
1367.394708378159,1.5822564950366622
1367.494708378159,1.5816726526156493
1367.5947083781589,1.5810930606564428
1367.6947083781588,1.5805174909415745
1367.7947083781587,1.5799457167352782
1367.8947083781586,1.579377512833535
1367.9947083781585,1.578812655613148
1368.0947083781584,1.5782509230798538
1368.1947083781583,1.5776920949154623
1368.2947083781582,1.5771359525240214
1368.3947083781582,1.5765822790770072
1368.494708378158,1.576030859557532
1368.594708378158,1.5754814808035742
1368.6947083781579,1.5749339315502202
1368.7947083781578,1.5743880024709265
1368.8947083781577,1.573843486217792
1368.9947083781576,1.5733001774608453
1369.0947083781575,1.5727578729263447
1369.1947083781574,1.5722163714340898
1369.2947083781573,1.5716754739337453
1369.3947083781572,1.5711349835401796
1369.4947083781572,1.570594705567815
1369.594708378157,1.570054447563994
1369.694708378157,1.569514019341361
1369.7947083781569,1.568973233009262
1369.8947083781568,1.568431903004163
1369.9947083781567,1.5678898461190909
1370.0947083781566,1.5673468815320981
1370.1947083781565,1.5668028308337538
1370.2947083781564,1.5662575180536658
1370.3947083781563,1.5657107696860328
1370.4947083781562,1.565162414714238
1370.5947083781562,1.5646122846344763
1370.694708378156,1.5640602134784323
1370.794708378156,1.5635060378350014
1370.8947083781559,1.562949596871067
1370.9947083781558,1.562390732351333
1371.0947083781557,1.5618292886572207
1371.1947083781556,1.5612651128048314
1371.2947083781555,1.5606980544619824
1371.3947083781554,1.5601279659643221
1371.4947083781553,1.5595547023305283
1371.5947083781552,1.5589781212765963
1371.6947083781552,1.5583980832292241
1371.794708378155,1.5578144513383
1371.894708378155,1.5572270914884987
1371.9947083781549,1.5566358723099927
1372.0947083781548,1.556040665188288
1372.1947083781547,1.5554413442731878
1372.2947083781546,1.5548377864868939
1372.3947083781545,1.5542283614442416
1372.4947083781544,1.553600736352553
1372.5947083781543,1.5529521313846197
1372.6947083781542,1.552282448440575
1372.7947083781542,1.5515915993770075
1372.894708378154,1.5508795059980012
1372.994708378154,1.5501461000412702
1373.0947083781539,1.5493913231594094
1373.1947083781538,1.548615126896281
1373.2947083781537,1.5478174726585672
1373.3947083781536,1.5469983316825195
1373.4947083781535,1.5461576849959324
1373.5947083781534,1.5452955233753842
1373.6947083781533,1.5444118472987782
1373.7947083781532,1.5435066668932307
1373.8947083781532,1.5425800018783482
1373.994708378153,1.5416318815049441
1374.094708378153,1.5406623444892418
1374.1947083781529,1.5396714389426243
1374.2947083781528,1.538659222296979
1374.3947083781527,1.5376257612257067
1374.4947083781526,1.5365711315604458
1374.5947083781525,1.535495418203587
1374.6947083781524,1.5343987150366378
1374.7947083781523,1.533281124824513
1374.8947083781522,1.5321427591158179
1374.9947083781522,1.5309837381392026
1375.094708378152,1.5298041906958668
1375.194708378152,1.528604254048287
1375.2947083781519,1.5273840738052558
1375.3947083781518,1.5261438038033148
1375.4947083781517,1.5248836059846633
1375.5947083781516,1.5236036502716375
1375.6947083781515,1.5223041144378449
1375.7947083781514,1.5209851839760493
1375.8947083781513,1.5196470519628975
1375.9947083781512,1.5182899189205854
1376.0947083781512,1.5169139926755593
1376.194708378151,1.5155194882143521
1376.294708378151,1.5141066275366533
1376.3947083781509,1.5126756395057157
1376.4947083781508,1.5112267596962012
1376.5947083781507,1.50976023023957
1376.6947083781506,1.5082762996671177
1376.7947083781505,1.5067752227507683
1376.8947083781504,1.505257260341729
1376.9947083781503,1.5037226792071157
1377.0947083781502,1.5021717518646591
1377.1947083781502,1.5006047564155978
1377.29470837815,1.4990219763758745
1377.39470837815,1.4974237005057405
1377.4947083781499,1.4958102226378838
1377.5947083781498,1.4941818415041896
1377.6947083781497,1.4925388605612493
1377.7947083781496,1.4908815878147248
1377.8947083781495,1.489210335642685
1377.9947083781494,1.4875254206180246
1378.0947083781493,1.4858271633300784
1378.1947083781492,1.484115888205542
1378.2947083781492,1.4823919233288112
1378.394708378149,1.480655600261852
1378.494708378149,1.4789072538637136
1378.5947083781489,1.47714722210979
1378.6947083781488,1.4753758459109467
1378.7947083781487,1.4735934689326164
1378.8947083781486,1.4718004374139766
1378.9947083781485,1.469997099987311
1379.0947083781484,1.46818380749767
1379.1947083781483,1.4663609128229267
1379.2947083781482,1.4645287706943395
1379.3947083781482,1.4626877375177243
1379.494708378148,1.4608381711953342
1379.594708378148,1.4589804309485548
1379.6947083781479,1.4571148771415068
1379.7947083781478,1.455241871105662
1379.8947083781477,1.4533617749655652
1379.9947083781476,1.4514749514657552
1380.0947083781475,1.4495817637989858
1380.1947083781474,1.4476825754358313
1380.2947083781473,1.4457777499557714
1380.3947083781472,1.4438676508798405
1380.4947083781472,1.4419526415049326
1380.594708378147,1.4400330847398424
1380.694708378147,1.4381093429431255
1380.7947083781469,1.4361817777628627
1380.8947083781468,1.4342507499784016
1380.9947083781467,1.432316619344156
1381.0947083781466,1.4303797444355366
1381.1947083781465,1.4284404824970829
1381.2947083781464,1.4264991892928711
1381.3947083781463,1.4245562189592618
1381.4947083781462,1.4226119238600554
1381.5947083781462,1.4206666544441167
1381.694708378146,1.4187207591055304
1381.794708378146,1.416774584046349
1381.8947083781459,1.414828473141982
1381.9947083781458,1.4128827678092886
1382.0947083781457,1.41093780687742
1382.1947083781456,1.4089939264614608
1382.2947083781455,1.4070514598389183
1382.3947083781454,1.4051107373291
1382.4947083781453,1.4031720861754264
1382.5947083781452,1.4012358304307102
1382.6947083781452,1.399302290845446
1382.794708378145,1.3973717847591405
1382.894708378145,1.3954446259947162
1382.9947083781449,1.3935211247560146
1383.0947083781448,1.3916015875284315
1383.1947083781447,1.3896863169827016
1383.2947083781446,1.3877756118818594
1383.3947083781445,1.3858697669913922
1383.4947083781444,1.383969072992603
1383.5947083781443,1.3820738163991986
1383.6947083781442,1.380184279477112
1383.7947083781442,1.3783007401675706
1383.894708378144,1.3764234720134187
1383.994708378144,1.3745527440886929
1384.0947083781439,1.3726888209314605
1384.1947083781438,1.3708319624799161
1384.2947083781437,1.3689824240117336
1384.3947083781436,1.3671404560866731
1384.4947083781435,1.3653063044924312
1384.5947083781434,1.3634802101937293
1384.6947083781433,1.3616624092846286
1384.7947083781432,1.359853132944054
1384.8947083781432,1.3580526073945185
1384.994708378143,1.3562610538640258
1385.094708378143,1.3544786885511335
1385.1947083781429,1.3527057225931545
1385.2947083781428,1.3509423620374754
1385.3947083781427,1.349188807815965
1385.4947083781426,1.347445255722446
1385.5947083781425,1.345711896393202
1385.6947083781424,1.343988915290489
1385.7947083781423,1.342276492689019
1385.8947083781422,1.3405748036653808
1385.9947083781421,1.3388840180903672
1386.094708378142,1.337204300624163
1386.194708378142,1.3355358107143656
1386.2947083781419,1.333878702596789
1386.3947083781418,1.3322331252990183
1386.4947083781417,1.3305992226466634
1386.5947083781416,1.328977133272276
1386.6947083781415,1.3273669906268795
1386.7947083781414,1.3257689229940675
1386.8947083781413,1.3241830535066235
1386.9947083781412,1.3226095001656124
1387.0947083781411,1.3210483758618952
1387.194708378141,1.3194997884000152
1387.294708378141,1.3179638405244072
1387.3947083781409,1.3164406299478726
1387.4947083781408,1.3149302493822714
1387.5947083781407,1.3134327865713775
1387.6947083781406,1.3119483243258385
1387.7947083781405,1.3104769405601902
1387.8947083781404,1.3090187083318663
1387.9947083781403,1.3075736958821496
1388.0947083781402,1.306141966679006
1388.1947083781401,1.3047235794617456
1388.29470837814,1.303318588287453
1388.39470837814,1.301927042579129
1388.4947083781399,1.300548987175486
1388.5947083781398,1.2991844623823383
1388.6947083781397,1.2978335040255284
1388.7947083781396,1.2964961435053333
1388.8947083781395,1.2951724078522886
1388.9947083781394,1.293862319784376
1389.0947083781393,1.2925658977655097
1389.1947083781392,1.2912831560652709
1389.2947083781391,1.2900141048198253
1389.394708378139,1.2887587500939681
1389.494708378139,1.2875170939442409
1389.5947083781389,1.2862891344830567
1389.6947083781388,1.2850748659437823
1389.7947083781387,1.2838742787467163
1389.8947083781386,1.2826873595659087
1389.9947083781385,1.2815140913967626
1390.0947083781384,1.2803544536243674
1390.1947083781383,1.2792084220925022
1390.2947083781382,1.2780759691732588
1390.3947083781381,1.2769570638372285
1390.494708378138,1.275851671724198
1390.594708378138,1.2747597552143048
1390.6947083781379,1.2736812734995944
1390.7947083781378,1.2726161826559335
1390.8947083781377,1.271564435715223
1390.9947083781376,1.2705259827378637
1391.0947083781375,1.2695007708854256
1391.1947083781374,1.2684887444934683
1391.2947083781373,1.2674898451444698
1391.3947083781372,1.2665040117408126
1391.4947083781371,1.2655311805777827
1391.594708378137,1.264571285416537
1391.694708378137,1.2636242575569916
1391.7947083781369,1.2626900259105933
1391.8947083781368,1.2617685170729236
1391.9947083781367,1.2608596553961025
1392.0947083781366,1.2599633630609448
1392.1947083781365,1.259079560148832
1392.2947083781364,1.2582081647132635
1392.3947083781363,1.2573490928510418
1392.4947083781362,1.2565022587730668
1392.5947083781361,1.2556675748746922
1392.694708378136,1.254844951805616
1392.794708378136,1.2540342985392718
1392.8947083781359,1.2532355224416842
1392.9947083781358,1.2524485293397605
1393.0947083781357,1.251673223588988
1393.1947083781356,1.250909508140506
1393.2947083781355,1.250157284607526
1393.3947083781354,1.2494164533310714
1393.4947083781353,1.248686913445013
1393.5947083781352,1.2479685629403705
1393.6947083781351,1.2472612987288643
1393.794708378135,1.2465650167056828
1393.894708378135,1.245879611811457
1393.9947083781349,1.2452049780934098
1394.0947083781348,1.2445410087656659
1394.1947083781347,1.2438875962687046
1394.2947083781346,1.2432446323279338
1394.3947083781345,1.2426120080113707
1394.4947083781344,1.2419896137864133
1394.5947083781343,1.2413773395756884
1394.6947083781342,1.2407750748119606
1394.7947083781341,1.2401827084920916
1394.894708378134,1.2396001292300367
1394.994708378134,1.2390272253088677
1395.0947083781339,1.2384638847318126
1395.1947083781338,1.237909995272303
1395.2947083781337,1.2373654445230216
1395.3947083781336,1.2368301199439418
1395.4947083781335,1.236303908909352
1395.5947083781334,1.2357866987538628
1395.6947083781333,1.2352783768173892
1395.7947083781332,1.234778830489104
1395.8947083781331,1.2342879472503618
1395.994708378133,1.2338056147165901
1396.094708378133,1.233331720678145
1396.1947083781329,1.2328661531401328
1396.2947083781328,1.2324088003611977
1396.3947083781327,1.2319595508912737
1396.4947083781326,1.2315182936083056
1396.5947083781325,1.2310849177539402
1396.6947083781324,1.2306593129681895
1396.7947083781323,1.2302413693230716
1396.8947083781322,1.229830977355231
1396.9947083781321,1.229428028097546
1397.094708378132,1.2290324131097274
1397.194708378132,1.2286440245079129
1397.2947083781319,1.2282627549932665
1397.3947083781318,1.2278884978795894
1397.4947083781317,1.2275211471199479
1397.5947083781316,1.22716059733233
1397.6947083781315,1.226806743824337
1397.7947083781314,1.2264594826169184
1397.8947083781313,1.226118710467163
1397.9947083781312,1.225784324890153
1398.0947083781311,1.2254562241798943
1398.194708378131,1.2251343074293297
1398.294708378131,1.2248184745494508
1398.3947083781309,1.224508626287518
1398.4947083781308,1.2242046642443993
1398.5947083781307,1.2239064908910424
1398.6947083781306,1.2236140095840904
1398.7947083781305,1.2233271245806567
1398.8947083781304,1.2230457410522684
1398.9947083781303,1.2227697650979936
1399.0947083781302,1.2224991037567683
1399.1947083781301,1.2222336650189298
1399.29470837813,1.2219733578369794
1399.39470837813,1.2217180921355801
1399.4947083781299,1.2214677788208106
1399.5947083781298,1.221222329788684
1399.6947083781297,1.2209816579329489
1399.7947083781296,1.2207456771521894
1399.8947083781295,1.220514302356233
1399.9947083781294,1.2202874494718867
1400.0947083781293,1.2200650354480125
1400.1947083781292,1.2198469782599604
1400.2947083781291,1.2196331969133707
1400.394708378129,1.2194236114473629
1400.494708378129,1.2192181429371252
1400.5947083781289,1.2190167134959191
1400.6947083781288,1.2188192462765168
1400.7947083781287,1.2186256654720822
1400.8947083781286,1.2184358963165132
1400.9947083781285,1.2182498650842615
1401.0947083781284,1.218067499089641
1401.1947083781283,1.2178887266856422
1401.2947083781282,1.2177134772622669
1401.3947083781281,1.2175416812443973
1401.494708378128,1.2173732700892155
1401.594708378128,1.2172081762831855
1401.6947083781279,1.217046333338614
1401.7947083781278,1.216887675789803
1401.8947083781277,1.2167321391888108
1401.9947083781276,1.2165796601008299
1402.0947083781275,1.216430176099203
1402.1947083781274,1.2162836257600842
1402.2947083781273,1.2161399486567632
1402.3947083781272,1.215999085353664
1402.4947083781271,1.2158609774000302
1402.594708378127,1.2157255673233136
1402.694708378127,1.2155927986222759
1402.7947083781269,1.2154626157598156
1402.8947083781268,1.2153349641555358
1402.9947083781267,1.2152097901780619
1403.0947083781266,1.2150870411371235
1403.1947083781265,1.214966665275412
1403.2947083781264,1.214848611760223
1403.3947083781263,1.2147328306748997
1403.4947083781262,1.2146192730100835
1403.5947083781261,1.2145078906547888
1403.694708378126,1.214398636387305
1403.794708378126,1.2142914638659432
1403.8947083781259,1.2141863276196367
1403.9947083781258,1.214083183038401
