0.0,2.4934599773769502e-11
1.0,4.384906640080074e-11
2.0,7.671914782211235e-11
3.0,1.3354654559028734e-10
4.0,2.3128476003424707e-10
5.0,3.9851699295156206e-10
6.0,6.831752776650493e-10
7.0,1.165206527519506e-09
8.0,1.9772388965845867e-09
9.0,3.3381115962792484e-09
10.0,5.606967349605091e-09
11.0,9.370023333342272e-09
12.0,1.5578971657110367e-08
13.0,2.5770471919998506e-08
14.0,4.241226102582053e-08
15.0,6.944579423213705e-08
16.0,1.1313212438309395e-07
17.0,1.8336287301902842e-07
18.0,2.9568026406763856e-07
19.0,4.7437166423684363e-07
20.0,7.571825746250947e-07
21.0,1.202452561591689e-06
22.0,1.8998563402020892e-06
23.0,2.9864760945691426e-06
24.0,4.6707088104418204e-06
25.0,7.267616662944487e-06
26.0,1.1250885398038132e-05
27.0,1.7328734968888495e-05
28.0,2.6554155105564555e-05
29.0,4.048401577554744e-05
30.0,6.140732125217154e-05
31.0,9.267064582256079e-05
32.0,0.0001391392621928894
33.0,0.00020784647918746727
34.0,0.00030890228284226296
35.0,0.00045675681198138567
36.0,0.0006719460694386302
37.0,0.000983488468779193
38.0,0.0014321535908465865
39.0,0.002074891491583007
40.0,0.0029907950483442705
41.0,0.004289072483263873
42.0,0.00611963596036219
43.0,0.008687068776176445
44.0,0.012268921884490197
45.0,0.01723951376004691
46.0,0.024100668717213385
47.0,0.03352112945608086
48.0,0.046386719826608136
49.0,0.0638637112177561
50.0,0.08747825503945701
51.0,0.1192151748192911
52.0,0.16163984976181228
53.0,0.21804734643947216
54.0,0.29264333883725535
55.0,0.39076166372993226
56.0,0.5191235445225258
57.0,0.686143530029013
58.0,0.9022869750465512
59.0,1.1804833700488904
60.0,1.5365989361459216
61.0,1.9899705651701827
62.0,2.5640013322981767
63.0,3.2868153766518384
64.0,4.19196688465683
65.0,5.319194193929002
66.0,6.715205664207692
67.0,8.434478976655676
68.0,10.540050010511786
69.0,13.104261547361222
70.0,16.20943596863469
71.0,19.948430104750457
72.0,24.425024790682464
73.0,29.75409686697443
74.0,36.06151777020774
75.0,43.483720948938675
76.0,52.16688059874499
77.0,62.26564709750554
78.0,73.94139045755304
79.0,87.35991243153276
80.0,102.68860083121886
81.0,120.09301620439771
82.0,139.73292113474
83.0,161.7577857349295
84.0,186.30182880767265
85.0,213.47868182112003
86.0,243.37579121626382
87.0,276.0487023535508
88.0,311.51539416450265
89.0,349.7508557430344
90.0,390.6821130998676
91.0,434.1839245793079
92.0,480.07536562469664
93.0,528.1175165594892
94.0,578.012450064205
95.0,629.4036877583779
96.0,681.8782579369835
97.0,734.9704398153707
98.0,788.1672249281512
99.0,840.915465476646
100.0,892.6306147867599
101.0,942.7068993798422
102.0,990.5286984959497
103.0,1035.4828483780516
104.0,1076.9715383042376
105.0,1114.4254260809735
106.0,1147.3165749067016
107.0,1175.1708030289424
108.0,1197.5790435888273
109.0,1214.2073348112408
110.0,1224.8050997413193
111.0,1229.2114286839578
112.0,1227.8172398565812
113.0,1221.5958348595002
114.0,1210.6503074639584
115.0,1195.1082576097717
116.0,1175.1495397121798
117.0,1151.002798580322
118.0,1122.9411104837202
119.0,1091.276845529402
120.0,1056.35588642084
121.0,1018.5513530213385
122.0,978.2569915432764
123.0,935.8803914353722
124.0,891.8361921505198
125.0,846.5394361511959
126.0,800.3992141337801
127.0,753.8127340716557
128.0,707.159927963047
129.0,660.7986898916464
130.0,615.0608169930505
131.0,570.2487020155635
132.0,526.6328032021744
133.0,484.4498949844264
134.0,443.9020821729694
135.0,405.15654155591227
136.0,368.3459385568608
137.0,333.56945321101307
138.0,300.8943394060594
139.0,270.3579341880981
140.0,241.97002990951336
141.0,215.71552094170252
142.0,191.5572383410514
143.0,169.43888991573974
144.0,149.2880292124878
145.0,131.01898461063615
146.0,114.53568854660386
147.0,99.73435647047913
148.0,86.505975055568
149.0,74.73856907374828
150.0,64.31922589285426
151.0,55.135865478504336
152.0,47.07875188026383
153.0,40.04174929736368
154.0,33.92333185530765
155.0,28.62736113706536
156.0,24.06364930352274
157.0,20.148328349869924
158.0,16.804047752540107
159.0,13.960023564695287
160.0,11.551962033518954
161.0,9.521880165826722
162.0,7.817844489017701
163.0,6.39364766901633
164.0,5.208440775475845
165.0,4.22633693653975
166.0,3.4159999973807795
167.0,2.750229670666177
168.0,2.2055526101563903
169.0,1.7618269031147082
170.0,1.4018657012730646
171.0,1.1110841190502652
172.0,0.8771721354515778
173.0,0.6897950467981635
174.0,0.5403220274223248
175.0,0.4215825548192229
176.0,0.3276498300334657
177.0,0.25364985580686683
178.0,0.19559450501863573
179.0,0.15023670037898532
180.0,0.1149457136200228
181.0,0.08760055993683108
182.0,0.06649949397763123
183.0,0.05028369183628017
184.0,0.03787331577221073
185.0,0.028414293275416665
186.0,0.021234290066061725
187.0,0.015806509975034164
188.0,0.011720107386604764
189.0,0.008656145529999574
190.0,0.006368173172116953
191.0,0.004666621068716902
192.0,0.003406336649360685
193.0,0.0024766803251369783
194.0,0.0017936995456666026
195.0,0.001293977722025952
196.0,0.0009298250830856445
197.0,0.0006655383306025342
198.0,0.00047450658698891833
199.0,0.0003369836075431711
200.0,0.00023838156250939341
201.0,0.00016797084463746469
202.0,0.00011789421828757189
203.0,8.242300903818244e-05
204.0,5.739866357391048e-05
205.0,3.981552560566645e-05
206.0,2.7510626636755238e-05
207.0,1.893415245263865e-05
208.0,1.2980416072632624e-05
209.0,8.863978919425668e-06
210.0,6.029289991631929e-06
211.0,4.085083969846121e-06
212.0,2.7569771103097106e-06
213.0,1.853372394229015e-06
214.0,1.2410508508518647e-06
215.0,8.27777886750475e-07
216.0,5.499654682243896e-07
217.0,3.6396060605328447e-07
218.0,2.399223434467773e-07
219.0,1.5753765157034256e-07
220.0,1.0303751986946231e-07
221.0,6.712801161421407e-08
222.0,4.356217215361506e-08
223.0,2.8158701748510685e-08
224.0,1.8130637963048203e-08
225.0,1.162815737996133e-08
226.0,7.42858459450038e-09
227.0,4.72714150322663e-09
228.0,2.9963220433554774e-09
229.0,1.891802229722074e-09
230.0,1.1897626575247887e-09
231.0,7.453191702089797e-10
232.0,4.6507351376388784e-10
233.0,2.8906684279239595e-10
234.0,1.7896673226946177e-10
235.0,1.1036813271791846e-10
236.0,6.779730623474373e-11
237.0,4.148380071729338e-11
238.0,2.5283779674713712e-11
239.0,1.5349803216038337e-11
240.0,9.282415071018539e-12
241.0,5.591347877513555e-12
242.0,3.3548213644700756e-12
243.0,2.0050243146616874e-12
244.0,1.1936231804247346e-12
245.0,7.078026790566623e-13
246.0,4.1807530673939157e-13
247.0,2.459768236987793e-13
248.0,1.4415550052948366e-13
249.0,8.415222527946898e-14
250.0,4.8932493627390007e-14
251.0,2.8341736033747494e-14
252.0,1.6351323339418054e-14
253.0,9.396729419914355e-15
254.0,5.37895478285699e-15
