0.0,0.0023257030915533146
1.0,0.0032528052345907913
2.0,0.004524543610044309
3.0,0.006258992414895529
4.0,0.00861086935855565
5.0,0.011781551980441384
6.0,0.016031380993783664
7.0,0.0216946323926699
8.0,0.029197561644439096
9.0,0.03907993213285874
10.0,0.052020430988979904
11.0,0.06886634271405102
12.0,0.09066778818668167
13.0,0.11871673709088672
14.0,0.15459085891623517
15.0,0.20020208543905438
16.0,0.25784951112559673
17.0,0.33027595419777456
18.0,0.42072713981149235
19.0,0.5330120510370097
20.0,0.6715625305181064
21.0,0.8414897182780663
22.0,1.0486343972080332
23.0,1.2996078113307126
24.0,1.601819052909422
25.0,1.9634847182486908
26.0,2.3936162484505057
27.0,2.9019802431947874
28.0,3.499027106296333
29.0,4.195783692872619
30.0,5.003706215775973
31.0,5.934490561105681
32.0,6.999838374296331
33.0,8.211178808641483
34.0,9.579347657137752
35.0,11.114227674597796
36.0,12.8243561755002
37.0,14.716508376514136
38.0,16.795267332291097
39.0,19.062593562380144
40.0,21.517409446891005
41.0,24.155215034163653
42.0,26.967752913493854
43.0,29.942740130621264
44.0,33.06368465630274
45.0,36.30980258408613
46.0,39.65604999847736
47.0,43.073280333058776
48.0,46.5285340961888
49.0,49.98546319993185
50.0,53.40488695776878
51.0,56.745471336173466
52.0,59.964517508349935
53.0,63.0188404428145
54.0,65.86571345062524
55.0,68.46385058938122
56.0,70.77439582937143
57.0,72.76188613347742
58.0,74.39515523495717
59.0,75.64814599285852
60.0,76.50060176214487
61.0,76.93861115232326
62.0,76.95498570366878
63.0,76.54945615259317
64.0,75.72867979779159
65.0,74.50605868556421
66.0,72.90137555328803
67.0,70.94026135072248
68.0,68.65351436628949
69.0,66.07629622631296
70.0,63.24723407297998
71.0,60.20746089490541
72.0,56.99962719407364
73.0,53.66691691696971
74.0,50.25209892686195
75.0,46.79664239070075
76.0,43.339920499941165
77.0,39.91852218672015
78.0,36.565686210254974
79.0,33.31086645854943
80.0,30.179431816206176
81.0,27.192498746701155
82.0,24.366890047826193
83.0,21.71520923788983
84.0,19.246016842051112
85.0,16.9640925434251
86.0,14.8707657602805
87.0,12.964296678341547
88.0,11.240290033998386
89.0,9.692124905361377
90.0,8.311385295651283
91.0,7.088278246301537
92.0,6.012028450631901
93.0,5.071240713229684
94.0,4.254223987488638
95.0,3.549273013814649
96.0,2.94490568457841
97.0,2.430056112600496
98.0,1.9942249344232175
99.0,1.6275896162388879
100.0,1.3210784468894423
101.0,1.0664125128883457
102.0,0.8561202817180084
103.0,0.6835295075170281
104.0,0.5427410589295552
105.0,0.42858899578794774
106.0,0.3365908323267281
107.0,0.2628914599115591
108.0,0.20420369757878318
109.0,0.15774792439377538
110.0,0.12119274822761483
111.0,0.09259819954610317
112.0,0.07036251907583459
113.0,0.05317324254201799
114.0,0.039962977486373695
115.0,0.029870016352136815
116.0,0.0222037337366469
117.0,0.01641456920914093
118.0,0.012068294411991757
119.0,0.008824197745858773
120.0,0.0064167851108034
121.0,0.004640584527908267
122.0,0.003337650118281722
123.0,0.002387381680428781
124.0,0.0016983055706354673
125.0,0.0012014971352629887
126.0,0.0008453617111697588
127.0,0.0005915280393945838
128.0,0.0004116432764467544
129.0,0.0002848916005852878
130.0,0.00019608807923919043
131.0,0.0001342256970757876
132.0,9.137619550712998e-05
133.0,6.186477024155843e-05
134.0,4.1654954556515785e-05
135.0,2.7893489868915298e-05
136.0,1.8575990119579333e-05
137.0,1.2303084791165722e-05
138.0,8.103805168589811e-06
139.0,5.308561995719248e-06
140.0,3.4584199229396008e-06
141.0,2.2407400855046568e-06
142.0,1.4438370134629962e-06
143.0,9.252472155400764e-07
144.0,5.896717620514772e-07
145.0,3.7374535469581893e-07
146.0,2.3558856366124186e-07
147.0,1.4768811028500464e-07
148.0,9.207670959381794e-08
149.0,5.7090911525912625e-08
150.0,3.520441171219232e-08
151.0,2.1589378185076143e-08
152.0,1.316728103480715e-08
153.0,7.986656466254732e-09
154.0,4.8177785312019775e-09
155.0,2.8902911163875637e-09
156.0,1.7244447023127204e-09
157.0,1.0232220375799838e-09
158.0,6.038143446836977e-10
159.0,3.5436424511456347e-10
160.0,2.0682798146008183e-10
161.0,1.2005537803574747e-10
162.0,6.930536803244713e-11
163.0,3.978918622191499e-11
164.0,2.2718317677668222e-11
165.0,1.2900311810957268e-11
166.0,7.285127812501533e-12
167.0,4.0915425483978384e-12
168.0,2.2853351341055743e-12
169.0,1.2694793749641859e-12
170.0,7.013169423117877e-13
171.0,3.853150214898524e-13
172.0,2.105379928461243e-13
173.0,1.1440840858799581e-13
174.0,6.182987084923446e-14
175.0,3.3231631422981724e-14
176.0,1.77630653593077e-14
177.0,9.44271959937852e-15
178.0,4.992168109673988e-15
179.0,2.6247880376361023e-15
180.0,1.3724995252787385e-15
181.0,7.137450282076328e-16
182.0,3.6913643835046514e-16
183.0,1.8986445519155478e-16
184.0,9.71210447699322e-17
185.0,4.940784958721805e-17
186.0,2.4997207030087663e-17
187.0,1.2577662887041184e-17
188.0,6.293921790417951e-18
189.0,3.1322445477447782e-18
190.0,1.5502541772519837e-18
191.0,7.630677286143989e-19
192.0,3.7353920653695224e-19
193.0,1.8185373502733108e-19
194.0,8.80483429416273e-20
195.0,4.2396799869990796e-20
196.0,2.030289158279243e-20
197.0,9.669313523277146e-21
198.0,4.579797939691049e-21
199.0,2.1572969072580998e-21
200.0,1.0106166585649659e-21
201.0,4.708427774078507e-22
202.0,2.1816159563561235e-22
203.0,1.0052952215877217e-22
204.0,4.607038732394372e-23
205.0,2.0997279876178977e-23
206.0,9.517374067001887e-24
207.0,4.2902655023693815e-24
208.0,1.923375713440304e-24
209.0,8.575451891350916e-25
210.0,3.8024440301184713e-25
211.0,1.6768011913967697e-25
212.0,7.353824241751127e-26
213.0,3.20743486938115e-26
214.0,1.391282668371021e-26
215.0,6.0018596033843024e-27
216.0,2.574952473318197e-27
217.0,1.0986656118185122e-27
218.0,4.662026882697265e-28
219.0,1.9674193749221345e-28
220.0,8.257185529316667e-29
221.0,3.4465141826381867e-29
222.0,1.430675122823409e-29
223.0,5.906291935508718e-30
224.0,2.424944044136627e-30
225.0,9.90151072568789e-31
226.0,4.0208153682062e-31
227.0,1.623826888496048e-31
228.0,6.521961850740335e-32
229.0,2.6051318475001245e-32
230.0,1.0348897618041463e-32
231.0,4.088569656497316e-33
232.0,1.6064293869279408e-33
233.0,6.2771832560394494e-34
234.0,2.4393881140233103e-34
235.0,9.427790591372051e-35
236.0,3.623697029105672e-35
237.0,1.3851817491061666e-35
238.0,5.2659237937452805e-36
239.0,1.9909268673308366e-36
240.0,7.48598535651555e-37
241.0,2.7993394688206254e-37
242.0,1.0410583935400349e-37
243.0,3.8504150033026543e-38
244.0,1.416292385321182e-38
245.0,5.18097179232795e-39
246.0,1.884874607355645e-39
247.0,6.819721319708281e-40
248.0,2.4539387620447528e-40
249.0,8.781601830708629e-41
250.0,3.125335831515177e-41
251.0,1.1061972355684031e-41
252.0,3.893869343040449e-42
253.0,1.3631483094455256e-42
254.0,4.745891137833547e-43
