0.0,5.1006449597360205e-37
1.0,4.2635149828114e-36
2.0,3.4724163310977156e-35
3.0,2.7556057631094652e-34
4.0,2.1307067238730568e-33
5.0,1.6052828506487044e-32
6.0,1.1784217607089253e-31
7.0,8.428906547249686e-31
8.0,5.8743933244196425e-30
9.0,3.989110827860688e-29
10.0,2.6394320180012626e-28
11.0,1.7016340086701988e-27
12.0,1.0689148991221236e-26
13.0,6.5424649109379e-26
14.0,3.901763766212923e-25
15.0,2.2672626741124982e-24
16.0,1.283701365004886e-23
17.0,7.081862093930153e-23
18.0,3.806731322525563e-22
19.0,1.9937848123984224e-21
20.0,1.0174794324063313e-20
21.0,5.0593449665079567e-20
22.0,2.4512310170784656e-19
23.0,1.1571655404016281e-18
24.0,5.3226515851244495e-18
25.0,2.3855135232885235e-17
26.0,1.0417344460931089e-16
27.0,4.432548175742672e-16
28.0,1.8376855561442314e-15
29.0,7.42352605216607e-15
30.0,2.921935129357619e-14
31.0,1.1206040826458636e-13
32.0,4.1875029757197876e-13
33.0,1.5246822861566696e-12
34.0,5.409098355015972e-12
35.0,1.869785122460012e-11
36.0,6.29766882997448e-11
37.0,2.0667561372279998e-10
38.0,6.608759543509963e-10
39.0,2.0590740385543334e-09
40.0,6.250939174802439e-09
41.0,1.849012643184362e-08
42.0,5.3291235169163825e-08
43.0,1.4965560589449164e-07
44.0,4.094977223472957e-07
45.0,1.091770333770814e-06
46.0,2.836170827706554e-06
47.0,7.178848360473978e-06
48.0,1.7705103571863607e-05
49.0,4.254646293816778e-05
50.0,9.96207365896945e-05
51.0,0.00022727796575587757
52.0,0.0005052266097963832
53.0,0.0010942999940018185
54.0,0.0023094463356753895
55.0,0.004748983394211482
56.0,0.009515129966096818
57.0,0.018575909904859828
58.0,0.03533513583224484
59.0,0.06549146900340115
60.0,0.1182725598182257
61.0,0.2081155632768647
62.0,0.35681772407831497
63.0,0.5960868985275374
64.0,0.9702731913030063
65.0,1.5388623884983916
66.0,2.378082056632882
67.0,3.5807597626020806
68.0,5.253452755752016
69.0,7.509928030530313
70.0,10.460393372366152
71.0,14.196508813193292
72.0,18.773117294160407
73.0,24.18870002053912
74.0,30.367564408158945
75.0,37.14742304549694
76.0,44.27603477025901
77.0,51.41976005120454
78.0,58.18521846395025
79.0,64.15294392546299
80.0,68.91945105349022
81.0,72.14202462326598
82.0,73.57938285058516
83.0,73.62206164004343
84.0,73.52365702238855
85.0,73.34624974757999
86.0,73.09041238325055
87.0,72.75696899511911
88.0,72.34699072466707
89.0,71.86179005645505
90.0,71.30291381801776
91.0,70.67213496458447
92.0,69.97144320968368
93.0,69.20303457091568
94.0,68.36929990774581
95.0,67.4728125350129
96.0,66.51631500190442
97.0,65.50270513137167
98.0,64.43502141930439
99.0,63.31642789622238
100.0,62.150198556754056
101.0,60.93970146374452
102.0,59.688382634470976
103.0,58.399749816149566
104.0,57.07735625671454
105.0,55.72478457476706
106.0,54.34563082966463
107.0,52.943488888998054
108.0,51.52193518623547
109.0,50.084513956161715
110.0,48.634723029971475
111.0,47.17600026555832
112.0,45.7117106817525
113.0,44.24513435807674
114.0,42.7794551540907
115.0,41.31775029466227
116.0,39.86298085961831
117.0,38.41798320826876
118.0,36.985461361344676
119.0,35.56798035501795
120.0,34.1679605739506
121.0,32.78767306282279
122.0,31.429235808573484
123.0,30.094610978715203
124.0,28.785603094604856
125.0,27.50385811251367
126.0,26.25086337977896
127.0,25.027948428271998
128.0,23.836286562905503
129.0,22.676897198949973
130.0,21.550648898543212
131.0,20.458263053967116
132.0,19.40031816303017
133.0,18.377254640226358
134.0,17.389380106229247
135.0,16.43687509770666
136.0,15.519799139383997
137.0,14.638097120717235
138.0,13.791605920429099
139.0,12.98006122348081
140.0,12.203104476761332
141.0,11.460289931837751
142.0,10.751091725485097
143.0,10.074910951360778
144.0,9.431082679066845
145.0,8.818882879911689
146.0,8.237535221900837
147.0,7.6862176998149465
148.0,7.1640690696333165
149.0,6.670195059997349
150.0,6.2036743368452045
151.0,5.763564200754606
152.0,5.348905999875592
153.0,4.958730244591439
154.0,4.592061413190282
155.0,4.247922440840224
156.0,3.9253388870184254
157.0,3.623342779234553
158.0,3.3409761333977097
159.0,3.077294153494141
160.0,2.831368115363104
161.0,2.6022879412756788
162.0,2.3891644737340796
163.0,2.191131458416906
164.0,2.0073472475013734
165.0,1.8369962357007075
166.0,1.6792900422696388
167.0,1.5334684529605016
168.0,1.3988001364655933
169.0,1.2745831502678129
170.0,1.1601452510519301
171.0,1.054844024914414
172.0,0.9580668525623705
173.0,0.8692307245240578
174.0,0.787781921116937
175.0,0.7131955715466054
176.0,0.6449751060535028
177.0,0.5826516144958579
178.0,0.5257831241686038
179.0,0.47395380901995304
180.0,0.42677314175068803
181.0,0.38387499957576643
182.0,0.34491673370302933
183.0,0.30957821184806605
184.0,0.2775608423655602
185.0,0.2485865878427929
186.0,0.2223969752767337
187.0,0.19875210924790987
188.0,0.17742969381689727
189.0,0.15822406820688711
190.0,0.14094526070190258
191.0,0.12541806458758248
192.0,0.11148113939225283
193.0,0.09898614015187611
194.0,0.08779687692445193
195.0,0.07778850631817591
196.0,0.06884675637327746
197.0,0.060867185749718576
198.0,0.05375447782127721
199.0,0.04742176996005693
200.0,0.041790018013045015
201.0,0.03678739572261169
202.0,0.03234872862429172
203.0,0.02841496176614147
204.0,0.024932660432661957
205.0,0.021853542920876805
206.0,0.019134044304778518
207.0,0.0167349100351092
208.0,0.014620818152434828
209.0,0.012760028840844517
210.0,0.011124060015539117
211.0,0.009687387618310037
212.0,0.008427169288762183
213.0,0.007322990084497546
214.0,0.006356628938831199
215.0,0.005511844568534698
216.0,0.004774179575268103
217.0,0.004130781521542836
218.0,0.00357023980412851
219.0,0.003082437193749389
220.0,0.0026584149587820243
221.0,0.0022902505416295157
222.0,0.0019709468087670836
223.0,0.001694331948472158
224.0,0.0014549691433965656
225.0,0.0012480751979126602
226.0,0.0010694473521460236
227.0,0.0009153975654380358
228.0,0.000782693601366822
229.0,0.0006685062941562271
230.0,0.0005703624221308212
231.0,0.0004861026576881924
232.0,0.00041384410495575537
233.0,0.00035194697581178094
234.0,0.00029898499224469783
235.0,0.0002537191380932089
236.0,0.00021507441606809506
237.0,0.0001821192966401491
238.0,0.0001540475739389731
239.0,0.00013016237030952262
240.0,0.00010986205569273639
241.0,9.262787061715445e-05
242.0,7.801306239983973e-05
243.0,6.563336325102549e-05
244.0,5.515865645402844e-05
245.0,4.63056927474365e-05
246.0,3.883173356751311e-05
247.0,3.252901101107581e-05
248.0,2.721990634664927e-05
249.0,2.275275972550845e-05
250.0,1.8998233512108833e-05
251.0,1.5846160449345152e-05
252.0,1.3202815778101765e-05
253.0,1.0988559518381173e-05
254.0,9.135801462289233e-06
