0.0,0.03125120925311301
1.0,0.03784400422416109
2.0,0.04575168156166539
3.0,0.05522004578405764
4.0,0.06653745524386818
5.0,0.08004152137229836
6.0,0.0961267381278645
7.0,0.11525314881965962
8.0,0.13795616610535003
9.0,0.1648576696594739
10.0,0.19667851464010144
11.0,0.2342525924979514
12.0,0.27854259369149603
13.0,0.3306576292861031
14.0,0.39187287498689916
15.0,0.463651406615195
16.0,0.5476684000872525
17.0,0.6458378712611081
18.0,0.7603421312207408
19.0,0.893664130277189
20.0,1.0486228587664905
21.0,1.2284119641752431
22.0,1.4366417317678666
23.0,1.6773845592548797
24.0,1.9552240346520076
25.0,2.275307699862429
26.0,2.6434035502076862
27.0,3.06596028169985
28.0,3.550171252887322
29.0,4.104042076269087
30.0,4.736461695272248
31.0,5.457276736422069
32.0,6.277368852498478
33.0,7.208734691179981
34.0,8.264568035072633
35.0,9.459343563406795
36.0,10.808901583528698
37.0,12.330532972271678
38.0,14.04306345422305
39.0,15.966936226877355
40.0,18.12429182298336
41.0,20.539043979578853
42.0,23.236950163028276
43.0,26.24567528182954
44.0,29.594847006263496
45.0,33.31610100855882
46.0,37.443114341772386
47.0,42.011625092844625
48.0,47.05943637822527
49.0,52.62640270211897
50.0,58.75439667087362
51.0,65.48725405541825
52.0,72.8706952199962
53.0,80.952220992641
54.0,89.78098114362885
55.0,99.40761376495485
56.0,109.88405400881953
57.0,121.26331084784559
58.0,133.59921076542778
59.0,146.94610757182593
60.0,161.35855787024897
61.0,176.89096206642762
62.0,193.59717122342207
63.0,211.5300605082074
64.0,230.7410704545952
65.0,251.27971777404298
66.0,273.19307797674554
67.0,296.52524261404426
68.0,321.3167545127275
69.0,347.6040249345144
70.0,375.4187371514428
71.0,404.78724147092856
72.0,435.72994726327096
73.0,468.2607180293468
74.0,502.38627598688015
75.0,538.1056230396955
76.0,575.4094853155653
77.0,614.2797887047983
78.0,654.6891729942851
79.0,696.6005522617652
80.0,739.9667291650567
81.0,784.7300706244966
82.0,830.822252148915
83.0,878.164077692657
84.0,926.6653814518465
85.0,976.2250174124196
86.0,1026.7309417526765
87.0,1078.06039238348
88.0,1130.0801689861269
89.0,1182.6470158898758
90.0,1235.6081090286416
91.0,1288.801647042049
92.0,1342.057545354213
93.0,1395.1982307903872
94.0,1448.0395329944001
95.0,1500.3916676073857
96.0,1552.060304880162
97.0,1602.8477161379394
98.0,1652.553989317184
99.0,1700.9783036706006
100.0,1747.9202527070395
101.0,1793.1812035173923
102.0,1836.5656798527084
103.0,1877.8827556826056
104.0,1916.947445484422
105.0,1953.5820772078757
106.0,1987.6176337352663
107.0,2018.8950487194672
108.0,2047.266442934323
109.0,2072.596287714487
110.0,2094.762482691104
111.0,2113.6573358396754
112.0,2129.188434837454
113.0,2141.279399867442
114.0,2149.870509289161
115.0,2154.91919100515
116.0,2156.4003738664965
117.0,2154.3066950587854
118.0,2148.6485610681184
119.0,2139.454061520855
120.0,2126.7687368952325
121.0,2110.6552027926687
122.0,2091.1926351062207
123.0,2068.4761220090313
124.0,2042.6158901833649
125.0,2013.7364140994212
126.0,1981.9754184128683
127.0,1947.4827846635253
128.0,1910.4193744101417
129.0,1870.955781715787
130.0,1829.2710284960426
131.0,1785.5512166521821
132.0,1739.988151131204
133.0,1692.777948084453
134.0,1644.119642140301
135.0,1594.2138064704998
136.0,1543.261198823792
137.0,1491.4614460360306
138.0,1439.0117787176055
139.0,1386.1058268825288
140.0,1332.9324862367616
141.0,1279.674863705246
142.0,1226.5093095674026
143.0,1173.604542309827
144.0,1121.1208710129144
145.0,1069.2095187852308
146.0,1018.0120494650578
147.0,967.6598985411977
148.0,918.2740080220606
149.0,869.9645638190785
150.0,822.8308331216604
151.0,776.961098238426
152.0,732.4326824735618
153.0,689.3120628059398
154.0,647.6550634481847
155.0,607.5071237870459
156.0,568.9036337471222
157.0,531.8703292770379
158.0,496.4237404286316
159.0,462.57168438187193
160.0,430.3137957558289
161.0,399.6420866325091
162.0,370.54152889794915
163.0,342.99065176497805
164.0,316.9621476750825
165.0,292.4234801729208
166.0,269.3374877960095
167.0,247.66297851362955
168.0,227.3553097728322
169.0,208.36694975560553
170.0,190.64801601023274
171.0,174.14678818261925
172.0,158.81019213157361
173.0,144.58425325807517
174.0,131.41451740572515
175.0,119.24643819194378
176.0,108.02573010207202
177.0,97.69868711728162
178.0,88.21246704891003
179.0,79.51534211421914
180.0,71.55691661014917
181.0,64.28831282171603
182.0,57.66232654030838
183.0,51.63355376495251
184.0,46.158490317890625
185.0,41.19560622629224
186.0,36.70539680677
187.0,32.650412441080434
188.0,28.995269052728872
189.0,25.706641288091706
190.0,22.7532403751838
191.0,20.10577858142361
192.0,17.736922121785692
193.0,15.621234283599716
194.0,13.735110436887373
195.0,12.056706492295218
196.0,10.56586225498927
197.0,9.244021004725774
198.0,8.074146511889486
199.0,7.040638578552343
200.0,6.129248074275601
201.0,5.326992319945843
202.0,4.622071560657604
203.0,4.0037871615672325
204.0,3.462462059566737
205.0,2.9893639091848643
206.0,2.576631273755492
207.0,2.2172031328722936
208.0,1.9047519045962278
209.0,1.633620115789704
210.0,1.3987607961957615
211.0,1.195681621244218
212.0,1.0203927847516836
213.0,0.8693585453291308
214.0,0.7394523590109343
215.0,0.6279154849311054
216.0,0.5323189303317635
217.0,0.45052858532112044
218.0,0.3806733861273704
219.0,0.32111633765195957
220.0,0.2704282214554029
221.0,0.22736381347533952
222.0,0.1908404363675874
223.0,0.1599186739912574
224.0,0.13378507987248126
225.0,0.11173671715237528
226.0,0.09316737425918761
227.0,0.07755530807884689
228.0,0.06445237449953105
229.0,0.053474414671045696
230.0,0.044292773973274864
231.0,0.036626839380622334
232.0,0.030237489516384698
233.0,0.024921360109977253
234.0,0.02050583571867379
235.0,0.016844686390034273
236.0,0.013814275373550077
237.0,0.011310271006442501
238.0,0.009244802477373672
239.0,0.007544005301861453
240.0,0.006145908021945485
241.0,0.004998616874871578
242.0,0.0040587599718151695
243.0,0.0032901569031289464
244.0,0.002662683659955849
245.0,0.0021513063545376626
246.0,0.0017352604561402928
247.0,0.0013973551602093457
248.0,0.001123385099606893
249.0,0.000901633912960944
250.0,0.0007224562302483281
251.0,0.0005779264429518383
252.0,0.00046154421772582347
253.0,0.0003679881095626663
254.0,0.00029290985279698336
