0.0,214.49828400843467
1.0,228.46542861450348
2.0,243.0978691883306
3.0,258.4083395296082
4.0,274.4083821591324
5.0,291.1082401156972
6.0,308.5167500042982
7.0,326.6412370894781
8.0,345.48741325778735
9.0,365.05927869770204
10.0,385.3590281633115
11.0,406.38696269908996
12.0,428.1414077065445
13.0,450.6186382290107
14.0,473.812812317899
15.0,497.71591332194436
16.0,522.3177019101728
17.0,547.6056785991997
18.0,573.5650575060018
19.0,600.1787519884706
20.0,627.4273727679533
21.0,655.2892390508672
22.0,683.7404030806297
23.0,712.7546884570783
24.0,742.3037424587944
25.0,772.3571024950064
26.0,802.88227669883
27.0,833.8448385534125
28.0,865.208535318118
29.0,896.9354098943334
30.0,928.9859356409982
31.0,961.3191635198624
32.0,993.8928808210859
33.0,1026.663780592553
34.0,1059.5876407725866
35.0,1092.6195119071185
36.0,1125.7139122202384
37.0,1158.8250287028825
38.0,1191.9069227896637
39.0,1224.9137391098334
40.0,1257.7999157264471
41.0,1290.520394219155
42.0,1323.0308279218052
43.0,1355.2877865971773
44.0,1387.2489558185202
45.0,1418.8733293318453
46.0,1450.1213926945923
47.0,1480.9552965257374
48.0,1511.3390177597128
49.0,1541.2385073716403
50.0,1570.621823134047
51.0,1599.4592460749466
52.0,1627.7233794332162
53.0,1655.3892290487067
54.0,1682.4342642803203
55.0,1708.8384587141036
56.0,1734.5843101037194
57.0,1759.6568391757705
58.0,1784.043567130595
59.0,1807.7344718732475
60.0,1830.7219232174639
61.0,1853.000597515159
62.0,1874.2838301065606
63.0,1894.2891220586914
64.0,1913.0236095410469
65.0,1930.5003046067764
66.0,1946.7378250999827
67.0,1961.7600741542728
68.0,1975.5958725953778
69.0,1988.2785481039834
70.0,1999.8454854932208
71.0,2010.3376429017671
72.0,2019.799039092219
73.0,2028.276217370074
74.0,2035.8176918970335
75.0,2042.4733823600407
76.0,2048.2940430722274
77.0,2053.3306926224313
78.0,2057.634050155987
79.0,2061.2539842619167
80.0,2064.2389802622847
81.0,2066.635631451258
82.0,2068.4881595180746
83.0,2069.8379690143565
84.0,2070.7232402974905
85.0,2071.1785649042545
86.0,2071.234626789263
87.0,2070.9179323083745
88.0,2070.2505912455117
89.0,2069.2501505802593
90.0,2067.92948208109
91.0,2066.2967241930646
92.0,2064.3552780772648
93.0,2062.1038570596475
94.0,2059.536588166777
95.0,2056.643163871863
96.0,2053.4090416530944
97.0,2049.8156884831446
98.0,2045.8408669290923
99.0,2041.4589591501733
100.0,2036.6413247405192
101.0,2031.3566880781057
102.0,2025.5715506117294
103.0,2019.2506233462768
104.0,2012.3572746735965
105.0,2004.8539886421095
106.0,1996.702828762973
107.0,1987.8659025146192
108.0,1978.305821832743
109.0,1967.9861550648623
110.0,1956.8718661396465
111.0,1944.9297370763943
112.0,1932.1287704863219
113.0,1918.4405694785348
114.0,1903.8348298159879
115.0,1887.860480408607
116.0,1870.2249290165912
117.0,1850.922098181756
118.0,1829.9553184434944
119.0,1807.337520440044
120.0,1783.0914412174745
121.0,1757.2499048993295
122.0,1729.8562658013593
123.0,1700.9651378304031
124.0,1670.6435769576156
125.0,1638.9729307759496
126.0,1606.0516142021586
127.0,1571.9991020952546
128.0,1536.96143116673
129.0,1501.118452710708
130.0,1464.6929480682938
131.0,1427.9614839095714
132.0,1391.2665242985797
133.0,1355.0288264833405
134.0,1319.7585488961297
135.0,1286.0628506214034
136.0,1254.6471618182911
137.0,1226.3068958372833
138.0,1201.9063264348933
139.0,1182.341840760283
140.0,1168.4879378474016
141.0,1161.1262275232898
142.0,1160.860221737422
143.0,1168.0216647493735
144.0,1182.5771210213102
145.0,1204.0459997707958
146.0,1231.4425576894782
147.0,1263.2541574195616
148.0,1297.465824839705
149.0,1331.6369011006996
150.0,1363.02966052386
151.0,1388.7828784892713
152.0,1406.1164990048442
153.0,1412.5479215323755
154.0,1406.0970737494906
155.0,1385.4571298720336
156.0,1350.1107547718443
157.0,1300.3778046604916
158.0,1237.3886436649204
159.0,1162.9863805322948
160.0,1079.5699545276277
161.0,989.8967672608294
162.0,896.8674818470465
163.0,803.3162316353563
164.0,711.8269218567912
165.0,624.5912165506707
166.0,543.317189572463
167.0,469.19063515282363
168.0,402.88475276817314
169.0,344.609154271187
170.0,294.18633291395946
171.0,251.14294271333284
172.0,214.80419241800442
173.0,184.38187090179315
174.0,159.04940824442588
175.0,138.00038398678606
176.0,120.48957980034406
177.0,105.85775631444041
178.0,93.54269625599316
179.0,83.0797209664315
180.0,74.09497362067243
181.0,66.2944375690437
182.0,59.45109653787589
183.0,53.391996407616205
184.0,47.98634828388852
185.0,43.13528877381196
186.0,38.76351645416482
187.0,34.81275505737523
188.0,31.23683715328573
189.0,27.998131631811642
190.0,25.06502724592772
191.0,22.41020915943631
192.0,20.009507478595587
193.0,17.841143461580142
194.0,15.885242857359351
195.0,14.123522852641653
196.0,12.539088254291032
197.0,11.116294213216495
198.0,9.840648166429792
199.0,8.698734123633033
200.0,7.678149261752561
201.0,6.7674471056311445
202.0,5.95608420180391
203.0,5.234368736973067
204.0,4.593410425145044
205.0,4.025071456695715
206.0,3.5219185382319718
207.0,3.0771761567726954
208.0,2.6846812357904155
209.0,2.3388393483548526
210.0,2.034582632957232
211.0,1.7673295307400887
212.0,1.5329464341037882
213.0,1.3277113086669177
214.0,1.148279324590632
215.0,0.9916505098855917
216.0,0.8551394176849625
217.0,0.7363467815816186
218.0,0.6331331178906109
219.0,0.5435942209579185
220.0,0.46603848721705576
221.0,0.3989659954073694
222.0,0.34104926401780106
223.0,0.29111560241364404
224.0,0.24813096905074056
225.0,0.21118524849710005
226.0,0.1794788584894319
227.0,0.15231059878438205
228.0,0.12906665496484124
229.0,0.10921067248530886
230.0,0.09227481895358546
231.0,0.0778517558277366
232.0,0.06558744424800388
233.0,0.055174713525663624
234.0,0.046347524788725676
235.0,0.038875866362753184
236.0,0.03256122157923926
237.0,0.02723255379888671
238.0,0.02274275746672972
239.0,0.01896552794247924
240.0,0.01579260664238545
241.0,0.013131361664605526
242.0,0.010902667530821898
243.0,0.009039050950190454
244.0,0.00748307258968035
245.0,0.006185917713490433
246.0,0.005106171232794874
247.0,0.0042087551876620315
248.0,0.0034640089699462403
249.0,0.0028468946954345914
250.0,0.0023363120531120873
251.0,0.0019145087077207339
252.0,0.0015665739182109033
253.0,0.001280004469075716
254.0,0.0010443333040322605
