0.0,0.345774039111634
1.0,0.3764058546495493
2.0,0.40944227037149156
3.0,0.4450423126225275
4.0,0.4833728471401344
5.0,0.5246087355973214
6.0,0.5689329742580961
7.0,0.6165368125514323
8.0,0.6676198492923745
9.0,0.7223901042090596
10.0,0.7810640623733579
11.0,0.8438666890817652
12.0,0.9110314126932596
13.0,0.9828000729032756
14.0,1.0594228319189936
15.0,1.1411580460019137
16.0,1.2282720948604309
17.0,1.3210391664089367
18.0,1.4197409944619848
19.0,1.5246665470033014
20.0,1.6361116627608208
21.0,1.754378633931513
22.0,1.8797757330341367
23.0,2.012616682025049
24.0,2.153220061992296
25.0,2.3019086619468583
26.0,2.4590087654572974
27.0,2.624849374125425
28.0,2.799761367175681
29.0,2.9840765967295577
30.0,3.1781269186580694
31.0,3.382243159249326
32.0,3.596754018293679
33.0,3.821984909574713
34.0,4.058256740159027
35.0,4.305884630299683
36.0,4.565176576205764
37.0,4.836432058381218
38.0,5.1199405986980855
39.0,5.4159802698396255
40.0,5.724816161224983
41.0,6.0466988060058835
42.0,6.381862574204414
43.0,6.730524037535509
44.0,7.092880311925207
45.0,7.469107384192079
46.0,7.859358429800845
47.0,8.263762129020064
48.0,8.682420989216155
49.0,9.115409681389549
50.0,9.562773399401948
51.0,10.02452625065194
52.0,10.500649687226282
53.0,10.99109098678168
54.0,11.495761792593488
55.0,12.01453672233993
56.0,12.547252055269652
57.0,13.093704507424038
58.0,13.653650104550586
59.0,14.226803162247592
60.0,14.812835382721357
61.0,15.411375077313222
62.0,16.022006523664167
63.0,16.64426946602793
64.0,17.27765876682032
65.0,17.921624217001895
66.0,18.575570512334608
67.0,19.238857401931696
68.0,19.910800014835647
69.0,20.590669369613764
70.0,21.27769307115799
71.0,21.97105619801824
72.0,22.669902382690783
73.0,23.373335086329753
74.0,24.08041906835553
75.0,24.790182050404027
76.0,25.501616573002305
77.0,26.21368204227374
78.0,26.92530696287843
79.0,27.63539135228755
80.0,28.342809330382558
81.0,29.04641187726938
82.0,29.745029751113606
83.0,30.43747655674661
84.0,31.12255195477951
85.0,31.799045000014814
86.0,32.46573759710154
87.0,33.12140806070391
88.0,33.76483476706177
89.0,34.394799883923525
90.0,35.01009316680231
91.0,35.609515812001746
92.0,36.19188436200795
93.0,36.75603466854566
94.0,37.30082593594806
95.0,37.82514489740812
96.0,38.32791022673254
97.0,38.808077369648636
98.0,39.264644107599246
99.0,39.69665736529096
100.0,40.10322206956601
101.0,40.48351329603886
102.0,40.83679353954143
103.0,41.16243775079134
104.0,41.45996981848179
105.0,41.729115438436715
106.0,41.969877744129384
107.0,42.18264354181517
108.0,42.368329256259315
109.0,42.52857637200188
110.0,42.66600572474553
111.0,42.78453779760753
112.0,42.88978146723103
113.0,42.98948571301852
114.0,43.05099930993669
115.0,43.045273693065155
116.0,42.99082095660304
117.0,42.911018626373185
118.0,42.83423802283664
119.0,42.79365261797026
120.0,42.82661496553337
121.0,42.97349908978133
122.0,43.275931804577624
123.0,43.77438403296045
124.0,44.50516179042364
125.0,45.49692233295257
126.0,46.766936024875946
127.0,48.31740662201832
128.0,50.132236746611994
129.0,52.17466521272047
130.0,54.386194183055345
131.0,56.68715741848041
132.0,58.979154352253246
133.0,61.14939621833051
134.0,63.07679777622755
135.0,64.63942749577112
136.0,65.72273155055144
137.0,66.22780386063809
138.0,66.07891155603711
139.0,65.22951798798873
140.0,63.83160151896563
141.0,62.059590643929276
142.0,59.93271744895696
143.0,57.47975063578423
144.0,54.73788533765919
145.0,51.751282518563514
146.0,48.56934400467679
147.0,45.244822252477974
148.0,41.83186974505239
149.0,38.38413129521231
150.0,34.95297401971766
151.0,31.585935384368348
152.0,28.325450979232084
153.0,25.207902300543598
154.0,22.26300260652222
155.0,19.51351760432772
156.0,16.975298802694326
157.0,14.65759196930809
158.0,12.563571990293049
159.0,10.691048836927456
160.0,9.033287192993313
161.0,7.579884133490639
162.0,6.317654364524949
163.0,5.231480070908063
164.0,4.305091450803751
165.0,3.521753655813917
166.0,2.8648453140165446
167.0,2.3183224597779106
168.0,1.8670690747789913
169.0,1.4971412915906739
170.0,1.1959165279159638
171.0,0.9521614550587568
172.0,0.7560339177829236
173.0,0.5990339474556285
174.0,0.47391811682122403
175.0,0.37458994999505146
176.0,0.29597718433774495
177.0,0.23390460576016936
178.0,0.18496912497190066
179.0,0.14642186050085845
180.0,0.11606033015139547
181.0,0.09213247046561376
182.0,0.07325311517151363
183.0,0.05833275531295927
184.0,0.04651784599887454
185.0,0.0371415784211898
186.0,0.029683858507392996
187.0,0.023739183830277646
188.0,0.018991150691188997
189.0,0.015192421767823662
190.0,0.012149115827767896
191.0,0.009708725427532924
192.0,0.0077508125467944545
193.0,0.00617986681609757
194.0,0.004919831246184326
195.0,0.003909903868470956
196.0,0.0031013101578179574
197.0,0.0024548115296642616
198.0,0.0019387713179138955
199.0,0.0015276435077809947
200.0,0.0012007832242717752
201.0,0.0009415035356172619
202.0,0.0007363222666603814
203.0,0.0005743567063423297
204.0,0.00044683454199003907
205.0,0.00034669701751883033
206.0,0.000268275932447739
207.0,0.00020703023297792306
208.0,0.0001593310099269491
209.0,0.0001222860132044589
210.0,9.359653572049818e-05
211.0,7.144086504165935e-05
212.0,5.437955695285638e-05
213.0,4.127862703115241e-05
214.0,3.124743732833991e-05
215.0,2.3588612527246045e-05
216.0,1.7757780002377743e-05
217.0,1.3331310330947964e-05
218.0,9.980553295390006e-06
219.0,7.451330267632133e-06
220.0,5.547665720684605e-06
221.0,4.118925478189037e-06
222.0,3.0496829810286286e-06
223.0,2.2517621914097445e-06
224.0,1.6580109046428379e-06
225.0,1.2174447294573543e-06
226.0,8.914728519483794e-07
227.0,6.509745011798667e-07
228.0,4.7404199089536925e-07
229.0,3.4424419509535065e-07
230.0,2.492949098893388e-07
231.0,1.8003509336096778e-07
232.0,1.296575752967807e-07
233.0,9.311841876309039e-08
234.0,6.669146516311463e-08
235.0,4.763233737715424e-08
236.0,3.3925831181618235e-08
237.0,2.4096616636067117e-08
238.0,1.7067841781577834e-08
239.0,1.2055857793663039e-08
240.0,8.492090094770963e-09
241.0,5.965241599041914e-09
242.0,4.178673613312782e-09
243.0,2.919078887436294e-09
244.0,2.0335281149155263e-09
245.0,1.412705053610439e-09
246.0,9.787004421069215e-10
247.0,6.761530921420418e-10
248.0,4.658405186623596e-10
249.0,3.2005635214201677e-10
250.0,2.192868604018486e-10
251.0,1.498289501944373e-10
252.0,1.0208826705297322e-10
253.0,6.936699725281389e-11
254.0,4.7003146017887224e-11
