0.0,3.711611435323489
1.0,4.221733526493509
2.0,4.793673107687402
3.0,5.433695499238633
4.0,6.148532367927484
5.0,6.945394431232085
6.0,7.831981442135494
7.0,8.816488987040266
8.0,9.907611609305238
9.0,11.114541755440353
10.0,12.446964030914499
11.0,13.915044248698035
12.0,15.529412756916692
13.0,17.301141543153086
14.0,19.241714632766033
15.0,21.362991327811326
16.0,23.677161872356738
17.0,26.196695179694313
18.0,28.934278317537988
19.0,31.90274751896854
20.0,35.11501056969204
21.0,38.58396051595044
22.0,42.322380741791804
23.0,46.34284157876392
24.0,50.65758873459166
25.0,55.27842395893582
26.0,60.216578502554434
27.0,65.48258006949368
28.0,71.08611410847406
29.0,77.03588043733048
30.0,83.3394463409222
31.0,90.00309742587802
32.0,97.03168765225972
33.0,104.42849008997416
34.0,112.19505006374213
35.0,120.33104245181215
36.0,128.8341349876081
37.0,137.6998594774286
38.0,146.92149288863055
39.0,156.48995027911533
40.0,166.3936915283372
41.0,176.6186437907701
42.0,187.14814152348103
43.0,197.96288583929703
44.0,209.0409248056434
45.0,220.3576561466285
46.0,231.88585361307042
47.0,243.59571806320463
48.0,255.45495404766496
49.0,267.428872418472
50.0,279.4805191862379
51.0,291.5708305361963
52.0,303.6588135860796
53.0,315.7017521318255
54.0,327.6554362855231
55.0,339.4744145691081
56.0,351.1122666925326
57.0,362.52189492199597
58.0,373.6558316379033
59.0,384.46656039898033
60.0,394.90684757368786
61.0,404.93008137769914
62.0,414.4906149712833
63.0,423.54411012698984
64.0,432.0478778794842
65.0,439.96121251846284
66.0,447.2457152842424
67.0,453.865604175021
68.0,459.78800637523653
69.0,464.9832299653023
70.0,469.4250117727984
71.0,473.09073847158965
72.0,475.96163832511496
73.0,478.02294129925895
74.0,479.2640056340541
75.0,479.67840935659393
76.0,479.2640056340541
77.0,478.02294129925895
78.0,475.96163832511496
79.0,473.0907384715896
80.0,469.42501177279826
81.0,464.9832299653022
82.0,459.78800637523636
83.0,453.8656041750208
84.0,447.24571528424224
85.0,439.9612125184626
86.0,432.04787787948396
87.0,423.54411012698955
88.0,414.49061497128304
89.0,404.93008137769885
90.0,394.90684757368757
91.0,384.4665603989801
92.0,373.655831637903
93.0,362.5218949219957
94.0,351.1122666925323
95.0,339.4744145691077
96.0,327.6554362855228
97.0,315.70175213182523
98.0,303.6588135860792
99.0,291.57083053619596
100.0,279.4805191862376
101.0,267.4288724184717
102.0,255.45495404766464
103.0,243.59571806320426
104.0,231.88585361307008
105.0,220.3576561466282
106.0,209.04092480564307
107.0,197.96288583929672
108.0,187.14814152348075
109.0,176.61864379076982
110.0,166.39369152833697
111.0,156.48995027911505
112.0,146.92149288863024
113.0,137.69985947742833
114.0,128.83413498760788
115.0,120.33104245181191
116.0,112.1950500637419
117.0,104.42849008997395
118.0,97.03168765225954
119.0,90.00309742587785
120.0,83.339446340922
121.0,77.03588043733029
122.0,71.08611410847391
123.0,65.48258006949352
124.0,60.216578502554306
125.0,55.27842395893569
126.0,50.65758873459152
127.0,46.34284157876381
128.0,42.322380741791704
129.0,38.58396051595035
130.0,35.11501056969196
131.0,31.90274751896845
132.0,28.934278317537895
133.0,26.19669517969423
134.0,23.677161872356663
135.0,21.362991327811258
136.0,19.241714632765973
137.0,17.30114154315303
138.0,15.529412756916642
139.0,13.91504424869799
140.0,12.44696403091446
141.0,11.114541755440312
142.0,9.907611609305206
143.0,8.81648898704024
144.0,7.831981442135473
145.0,6.945394431232061
146.0,6.148532367927462
147.0,5.433695499238614
148.0,4.793673107687389
149.0,4.221733526493497
150.0,3.7116114353234795
151.0,3.257492880268422
152.0,2.853998434991807
153.0,2.4961648910417966
154.0,2.17942583484684
155.0,1.899591437538581
156.0,1.6528277520387982
157.0,1.4356357803091053
158.0,1.2448305427303175
159.0,1.0775203516236023
160.0,0.9310864622562578
161.0,0.803163247538204
162.0,0.6916190172015538
163.0,0.5945375787021496
164.0,0.5102006154778072
165.0,0.4370709385889058
166.0,0.3737766501603715
167.0,0.3190962414143653
168.0,0.2719446343765083
169.0,0.23136016447840155
170.0,0.19649249117030157
171.0,0.16659141519060697
172.0,0.1409965741937038
173.0,0.11912798288847025
174.0,0.10047737955674155
175.0,0.08460033767405471
176.0,0.07110909921548247
177.0,0.05966608497260952
178.0,0.04997803671418881
179.0,0.04179074617991826
180.0,0.034884326598701144
181.0,0.02906898357252228
182.0,0.0241812436760045
183.0,0.02008060090986481
184.0,0.01664654314257099
185.0,0.01377592281571928
186.0,0.011380638420381542
187.0,0.00938559552702121
188.0,0.0077269184309320706
189.0,0.006350385725584556
190.0,0.005210065310975067
191.0,0.00426712646179605
192.0,0.0034888086046354913
193.0,0.002847528372483641
194.0,0.002320108310358124
195.0,0.0018871122928946743
196.0,0.0015322742810728865
197.0,0.0012420084909293097
198.0,0.0010049903740941971
199.0,0.0008117990217063502
200.0,0.0006546127043000147
201.0,0.0005269502560668557
202.0,0.0004234519085283137
203.0,0.0003396939825490974
204.0,0.00027203256542464657
205.0,0.0002174719381776519
206.0,0.00017355408382135337
207.0,0.00013826610663891656
208.0,0.00010996283168916218
209.0,8.730223867604049e-05
210.0,6.919172056536513e-05
211.0,5.47434500817198e-05
212.0,4.323739127317846e-05
213.0,3.409071310799775e-05
214.0,2.6832551600851963e-05
215.0,2.1083229920725272e-05
216.0,1.653718561674101e-05
217.0,1.294897348328902e-05
218.0,1.0121814326744777e-05
219.0,7.898246353724971e-06
220.0,6.152509164923021e-06
221.0,4.784352250720518e-06
222.0,3.7140120610860903e-06
223.0,2.878145575197465e-06
224.0,2.2265450553705577e-06
225.0,1.7194894016273804e-06
226.0,1.325613148980853e-06
227.0,1.0201954625392742e-06
228.0,7.837891664227629e-07
229.0,6.011244731559572e-07
230.0,4.6023415654930015e-07
231.0,3.517568543180135e-07
232.0,2.6838335344935597e-07
233.0,2.0441740263008544e-07
234.0,1.5542806517607902e-07
235.0,1.1797508535039831e-07
236.0,8.939236844160012e-08
237.0,6.761761871964653e-08
238.0,5.105856264704034e-08
239.0,3.8488109701292834e-08
240.0,2.8962354372434436e-08
241.0,2.1756570023307087e-08
242.0,1.6315345648073956e-08
243.0,1.221381713474295e-08
244.0,9.127583872696448e-09
245.0,6.809410806400333e-09
246.0,5.071220837506957e-09
247.0,3.770203526527526e-09
248.0,2.7981201034878293e-09
249.0,2.0730853975721e-09
250.0,1.5332653377011552e-09
251.0,1.1320529149914748e-09
252.0,8.343829505507895e-10
253.0,6.139222869428834e-10
254.0,4.5093159160039815e-10
