0.0,2.075944409695772e-09
1.0,2.6385717185819094e-09
2.0,3.3493543204656225e-09
3.0,4.246120249100553e-09
4.0,5.3760400022495805e-09
5.0,6.797851926000028e-09
6.0,8.584597063499857e-09
7.0,1.0826975071325396e-08
8.0,1.363745606806324e-08
9.0,1.7155311119368813e-08
10.0,2.1552757323672607e-08
11.0,2.704245312710421e-08
12.0,3.388662671326436e-08
13.0,4.2408176419562545e-08
14.0,5.300414867888094e-08
15.0,6.616207777143415e-08
16.0,8.247976477539083e-08
17.0,1.0268918292304472e-07
18.0,1.2768532585964874e-07
19.0,1.5856096722897156e-07
20.0,1.966484781959552e-07
21.0,2.435700580988857e-07
22.0,3.012979771121602e-07
23.0,3.72226713946651e-07
24.0,4.592592022787393e-07
25.0,5.659097836273529e-07
26.0,6.964269095017224e-07
27.0,8.559391504802058e-07
28.0,1.0506286641469614e-06
29.0,1.2879369583280086e-06
30.0,1.5768085728669946e-06
31.0,1.927979205607019e-06
32.0,2.3543158410395952e-06
33.0,2.8712176194703356e-06
34.0,3.4970875283244695e-06
35.0,4.253886524801722e-06
36.0,5.1677834316169056e-06
37.0,6.269915907897786e-06
38.0,7.597280010093829e-06
39.0,9.193768349382796e-06
40.0,1.1111379650689754e-05
41.0,1.3411625653869639e-05
42.0,1.616716480122743e-05
43.0,1.9463696060140105e-05
44.0,2.3402150569071206e-05
45.0,2.810122360460576e-05
46.0,3.370029468170558e-05
47.0,4.036278945472634e-05
48.0,4.828004351796383e-05
49.0,5.7675735245669556e-05
50.0,6.88109624948648e-05
51.0,8.199004634949741e-05
52.0,9.756715413751197e-05
53.0,0.00011595384372444398
54.0,0.00013762764159341222
55.0,0.00016314177846964097
56.0,0.00019313621823672774
57.0,0.00022835012860992734
58.0,0.00026963595545446896
59.0,0.000317975276725539
60.0,0.00037449662670585744
61.0,0.00044049549645259746
62.0,0.0005174567320428576
63.0,0.0006070795682075065
64.0,0.0007113055511229642
65.0,0.0008323496203170952
66.0,0.0009727346356363081
67.0,0.001135329650781001
68.0,0.0013233922497755952
69.0,0.0015406152765914559
70.0,0.0017911783006413105
71.0,0.002079804171628906
72.0,0.0024118210258442336
73.0,0.00279323011197888
74.0,0.003230779807395661
75.0,0.003732046194979755
76.0,0.004305520565648207
77.0,0.004960704201690617
78.0,0.005708210780716128
79.0,0.006559876718427585
80.0,0.007528879740052109
81.0,0.008629865934337478
82.0,0.009879085499885224
83.0,0.011294537340551336
84.0,0.01289612260404533
85.0,0.014705807185071298
86.0,0.01674779313080615
87.0,0.01904869879168747
88.0,0.021637747453960042
89.0,0.0245469640718763
90.0,0.027811379586655218
91.0,0.03146924217620572
92.0,0.035562234624308534
93.0,0.040135696830691396
94.0,0.04523885230470627
95.0,0.05092503729580473
96.0,0.057251931014651966
97.0,0.06428178519069724
98.0,0.0720816509967951
99.0,0.08072360115078317
100.0,0.09028494477980564
101.0,0.1008484324079676
102.0,0.11250244820423287
103.0,0.12534118640829803
104.0,0.13946480864067973
105.0,0.1549795786029753
106.0,0.17199797048892632
107.0,0.1906387472605444
108.0,0.2110270048003018
109.0,0.2332941778346324
110.0,0.2575780034401175
111.0,0.2840224378963212
112.0,0.3127775226427208
113.0,0.3439991951360295
114.0,0.377849040492655
115.0,0.41449397994316833
116.0,0.4541058923251686
117.0,0.49686116510118994
118.0,0.5429401717121183
119.0,0.5925266724662811
120.0,0.645807136621477
121.0,0.7029699838426485
122.0,0.7642047438115644
123.0,0.8297011334259722
124.0,0.8996480517521445
125.0,0.9742324936837743
126.0,1.0536383841075407
127.0,1.1380453352763065
128.0,1.2276273310383414
129.0,1.3225513425577244
130.0,1.4229758811784636
131.0,1.529049495123056
132.0,1.6409092177643763
133.0,1.7586789762560264
134.0,1.882467970337901
135.0,2.0123690321371734
136.0,2.148456978746084
137.0,2.290786970262149
138.0,2.4393928868088666
139.0,2.5942857388006306
140.0,2.7554521253595454
141.0,2.9228527563196196
142.0,3.0964210536515067
143.0,3.2760618483954103
144.0,3.4616501892889926
145.0,3.653030279210374
146.0,3.8500145553144214
147.0,4.052382928316173
148.0,4.25988219576294
149.0,4.47222564333327
150.0,4.689092847205606
151.0,4.910129689353852
152.0,5.13494859625535
153.0,5.3631290099458875
154.0,5.594218098636034
155.0,5.827731712225531
156.0,6.063155586032724
157.0,6.299946793911691
158.0,6.537535449680614
159.0,6.775326653453471
160.0,7.012702677077402
161.0,7.2490253804559694
162.0,7.483638848111707
163.0,7.715872232937955
164.0,7.9450427917395405
165.0,8.170459094893678
166.0,8.39142439030625
167.0,8.607240099823073
168.0,8.817209424409132
169.0,9.020641032757423
170.0,9.216852806558135
171.0,9.405175614470725
172.0,9.584957085916274
173.0,9.755565355162343
174.0,9.916392745821248
175.0,10.06685936583548
176.0,10.206416583287625
177.0,10.334550353949052
178.0,10.450784372370595
179.0,10.55468301951391
180.0,10.645854081414633
181.0,10.723951215144462
182.0,10.788676140381318
183.0,10.839780537184021
184.0,10.877067633075852
185.0,10.900393465242647
186.0,10.909667806515525
187.0,10.904854746803405
188.0,10.885972924732082
189.0,10.85309540739884
190.0,10.806349219328245
191.0,10.745914524878613
192.0,10.672023471463419
193.0,10.584958703981343
194.0,10.485051563758036
195.0,10.37267998805909
196.0,10.24826612880595
197.0,10.112273711486486
198.0,9.96520515737411
199.0,9.807598494031637
200.0,9.640024080660027
201.0,9.463081176142861
202.0,9.277394378624283
203.0,9.08360996613424
204.0,8.88239216813757
205.0,8.67441939793433
206.0,8.46038047558271
207.0,8.240970870462666
208.0,8.01688899175998
209.0,7.788832554043808
210.0,7.557495043754248
211.0,7.323562310832446
212.0,7.087709307938167
213.0,6.85059699773474
214.0,6.612869446606535
215.0,6.375151120938241
216.0,6.138044399757634
217.0,5.902127315153723
218.0,5.6679515294596134
219.0,5.436040555762786
220.0,5.206888225902659
221.0,4.980957407762595
222.0,4.7586789713858675
223.0,4.540451001265291
224.0,4.326638250094997
225.0,4.11757182734847
226.0,3.91354911427538
227.0,3.714833895304022
228.0,3.521656694406786
229.0,3.334215303740991
230.0,3.1526754908214403
231.0,2.9771718696168743
232.0,2.8078089202899124
233.0,2.6446621418166645
234.0,2.4877793214232047
235.0,2.337181904654792
236.0,2.1928664499414445
237.0,2.054806151730012
238.0,1.9229524166065532
239.0,1.7972364773209082
240.0,1.6775710302340234
241.0,1.563851882423683
242.0,1.4559595954908116
243.0,1.3537611139916859
244.0,1.2571113673660863
245.0,1.1658548352230746
246.0,1.0798270668702428
247.0,0.9988561470153327
248.0,0.922764100618
249.0,0.851368230912064
250.0,0.7844823856436781
251.0,0.7219181475683083
252.0,0.6634859462101602
253.0,0.6089960888039202
254.0,0.5582597092035113
