0.0,1.9999999999999998
1.0,1.9999999999999998
2.0,1.9999999999999998
3.0,1.9999999999999998
4.0,1.9999999999999998
5.0,1.9999999999999998
6.0,1.9999999999999998
7.0,1.9999999999999998
8.0,1.9999999999999998
9.0,1.9999999999999998
10.0,1.9999999999999998
11.0,1.9999999999999998
12.0,1.9999999999999998
13.0,1.9999999999999998
14.0,1.9999999999999998
15.0,1.9999999999999998
16.0,1.9999999999999998
17.0,1.9999999999999998
18.0,1.9999999999999998
19.0,1.9999999999999998
20.0,2.0
21.0,2.0
22.0,2.0
23.0,2.0000000000000004
24.0,2.0000000000000013
25.0,2.000000000000003
26.0,2.0000000000000067
27.0,2.0000000000000133
28.0,2.0000000000000266
29.0,2.000000000000052
30.0,2.000000000000101
31.0,2.0000000000001945
32.0,2.0000000000003726
33.0,2.00000000000071
34.0,2.0000000000013456
35.0,2.0000000000025375
36.0,2.0000000000047606
37.0,2.0000000000088938
38.0,2.0000000000165503
39.0,2.0000000000306986
40.0,2.0000000000567986
41.0,2.0000000001049116
42.0,2.0000000001936367
43.0,2.0000000003574936
44.0,2.0000000006608625
45.0,2.0000000012244565
46.0,2.0000000022758253
47.0,2.0000000042459942
48.0,2.0000000079546654
49.0,2.0000000149648978
50.0,2.000000028260723
51.0,2.0000000535361258
52.0,2.0000001016323754
53.0,2.0000001931124696
54.0,2.0000003667716273
55.0,2.0000006953149465
56.0,2.0000013139272124
57.0,2.0000024717346143
58.0,2.0000046233668214
59.0,2.0000085897795707
60.0,2.0000158369680374
61.0,2.0000289523461894
62.0,2.0000524474529713
63.0,2.000094090879076
64.0,2.000167088724831
65.0,2.000293597212992
66.0,2.000510293302209
67.0,2.000877068504239
68.0,2.001490376042288
69.0,2.0025033802112957
70.0,2.004155853787715
71.0,2.0068177581208912
72.0,2.011051613331796
73.0,2.0177000800436393
74.0,2.0280065349848413
75.0,2.043777667145365
76.0,2.067598000097045
77.0,2.103106415212561
78.0,2.1553437713754335
79.0,2.2311780768226686
80.0,2.339808826649457
81.0,2.4933445808621575
82.0,2.7074372832251483
83.0,3.0019431615949785
84.0,3.401563698445529
85.0,3.936402093733433
86.0,4.642352530417326
87.0,5.56122378682046
88.0,6.740488348024968
89.0,8.23254658556734
90.0,10.093406249686588
91.0,12.380703370959846
92.0,15.151033441757088
93.0,18.456621341764553
94.0,22.341432368323204
95.0,26.836909655177617
96.0,31.957607197580018
97.0,37.69706237666785
98.0,44.02430574777488
99.0,50.88142754477634
100.0,58.18260037994511
101.0,65.81489022706246
102.0,73.64107250050228
103.0,81.50451274104543
104.0,89.23598446441784
105.0,96.66209821144464
106.0,103.61482775204543
107.0,109.94146497624955
108.0,115.51423557695608
109.0,120.23877941319063
110.0,124.06075087007997
111.0,126.96992453258855
112.0,129.0013891083883
113.0,130.23365800424187
114.0,130.78379212302417
115.0,130.79989017447838
116.0,130.451525861446
117.0,129.918876141367
118.0,129.38137444990548
119.0,129.00673086326475
120.0,128.9410910919938
121.0,129.30097021372137
122.0,130.16741408594822
123.0,131.58263404559423
124.0,133.5491519017606
125.0,136.03130301137296
126.0,138.95879132094785
127.0,142.23188152877407
128.0,145.72775344894836
129.0,149.30752991772147
130.0,152.82351531983045
131.0,156.12623730577826
132.0,159.0709586666092
133.0,161.52340918947309
134.0,163.36456977034874
135.0,164.49441651318855
136.0,164.83459689121563
137.0,164.4374984764266
138.0,163.79559740940257
139.0,162.95472788363577
140.0,161.89642758502703
141.0,160.60816200944777
142.0,159.08265390220078
143.0,157.3171990236278
144.0,155.3130080476484
145.0,153.0745993308257
146.0,150.6092551584792
147.0,147.92654503926818
148.0,145.03791347099386
149.0,141.9563259070138
150.0,138.69596488526676
151.0,135.27196790527555
152.0,131.70019917204738
153.0,127.99704837568571
154.0,124.17925094476976
155.0,120.26372549497916
156.0,116.2674253649792
157.0,112.20720212293863
158.0,108.09967971633003
159.0,103.96113853013942
160.0,99.8074090356183
161.0,95.65377498184422
162.0,91.51488623560542
163.0,87.4046814394317
164.0,83.33632065711699
165.0,79.32212813066573
166.0,75.37354519791785
167.0,71.50109332819812
168.0,67.71434713320328
169.0,64.02191710862415
170.0,60.431441763505596
171.0,56.94958870250737
172.0,53.58206414344202
173.0,50.333630280352956
174.0,47.20812984198554
175.0,44.20851714735884
176.0,41.3368949244606
177.0,38.59455613474843
178.0,35.98203003478788
179.0,33.499131706414126
180.0,31.145014297523282
181.0,28.918223236087826
182.0,26.816751709247125
183.0,24.838096736260663
184.0,22.97931520758785
185.0,21.237079311204642
186.0,19.60773082030849
187.0,18.087333772646062
188.0,16.671725129705425
189.0,15.356563062889343
190.0,14.137372572542212
191.0,13.009588203441032
192.0,11.968593676275175
193.0,11.00975830802793
194.0,10.128470144438054
195.0,9.320165774373931
196.0,8.58035683861383
197.0,7.904653283917557
198.0,7.288783447218867
199.0,6.728611084181183
200.0,6.22014948124277
201.0,5.7595728107104
202.0,5.3432249045892535
203.0,4.967625634866225
204.0,4.629475096146233
205.0,4.325655791168114
206.0,4.053233021117406
207.0,3.8094536811474997
208.0,3.591743657468154
209.0,3.3977040161152536
210.0,3.22510616542752
211.0,3.0718861646649995
212.0,2.936138340435705
213.0,2.816108360956845
214.0,2.7101859059490505
215.0,2.616897057404387
216.0,2.5348965238133454
217.0,2.4629597978865885
218.0,2.3999753355400277
219.0,2.3449368320754322
220.0,2.2969356602050777
221.0,2.2551535239343306
222.0,2.218855372403123
223.0,2.1873826086466766
224.0,2.160146619898316
225.0,2.1366226485359343
226.0,2.1163440160661775
227.0,2.0988967066311504
228.0,2.0839143113847394
229.0,2.071073330683829
230.0,2.060088827331142
231.0,2.050710421043304
232.0,2.042718611848602
233.0,2.0359214181903256
234.0,2.0301513140692604
235.0,2.025262448548939
236.0,2.0211281303169115
237.0,2.0176385596939648
238.0,2.014698790462784
239.0,2.0122269041030956
240.0,2.0101523794302043
241.0,2.0084146412001163
242.0,2.0069617719327644
243.0,2.005749371984668
244.0,2.0047395537466843
245.0,2.00390005672789
246.0,2.003203471192977
247.0,2.002626558930805
248.0,2.0021496606319142
249.0,2.001756180231311
250.0,2.0014321374206743
251.0,2.0011657803443184
252.0,2.0009472512606763
253.0,2.0007682986722886
254.0,2.0006220301001876
