0.0,7.539186324538771e-32
1.0,2.9903894592692167e-31
2.0,1.171328420716616e-30
3.0,4.5308247061071166e-30
4.0,1.7307067610448937e-29
5.0,6.528559578375567e-29
6.0,2.4319738704129746e-28
7.0,8.946395397156878e-28
8.0,3.2500116941356e-27
9.0,1.1659217662502421e-26
10.0,4.130489740400137e-26
11.0,1.445044883737358e-25
12.0,4.9923931293563325e-25
13.0,1.703271455191468e-24
14.0,5.738608679345954e-24
15.0,1.9093124510786563e-23
16.0,6.273285454930709e-23
17.0,2.0354514414529665e-22
18.0,6.521899372330866e-22
19.0,2.0636454891966268e-21
20.0,6.4482778505014096e-21
21.0,1.9897570119521945e-20
22.0,6.063229350377284e-20
23.0,1.8245492893181218e-19
24.0,5.421941845253148e-19
25.0,1.5911157009748452e-18
26.0,4.61101270439658e-18
27.0,1.3195885164708763e-17
28.0,3.7293091561036104e-17
29.0,1.0407966809706253e-16
30.0,2.8684749462544295e-16
31.0,7.806994522967543e-16
32.0,2.0982843408286328e-15
33.0,5.569195399260787e-15
34.0,1.4597155115897207e-14
35.0,3.7782582702566035e-14
36.0,9.657455407129371e-14
37.0,2.4377065965846527e-13
38.0,6.07642028480721e-13
39.0,1.4957597016776458e-12
40.0,3.6359968909108466e-12
41.0,8.72836359436861e-12
42.0,2.0691396666030313e-11
43.0,4.843891815518782e-11
44.0,1.119816119269326e-10
45.0,2.5565049952712726e-10
46.0,5.763605244334988e-10
47.0,1.283185552752498e-09
48.0,2.8211900662309134e-09
49.0,6.125236783268367e-09
50.0,1.3132913053720351e-08
51.0,2.7806537116126295e-08
52.0,5.8140718846174566e-08
53.0,1.2004982682227579e-07
54.0,2.4478811610710833e-07
55.0,4.929090287669269e-07
56.0,9.801462166968376e-07
57.0,1.9246980828068908e-06
58.0,3.7323469743626535e-06
59.0,7.147415983931575e-06
60.0,1.351648474390807e-05
61.0,2.5242136407168855e-05
62.0,4.655176065811113e-05
63.0,8.478006877356987e-05
64.0,0.0001524751499027391
65.0,0.00027080209802501275
66.0,0.00047495518334715386
67.0,0.0008226230793330769
68.0,0.0014070087531270143
69.0,0.0023765139059806852
70.0,0.003963981069270984
71.0,0.0065293573020473615
72.0,0.010620793116304787
73.0,0.017060474849171534
74.0,0.02706281269082178
75.0,0.042393805185837886
76.0,0.06558122415528471
77.0,0.1001853661155758
78.0,0.15113905810674086
79.0,0.2251628745191968
80.0,0.3312565761137562
81.0,0.4812601301216535
82.0,0.690466974597592
83.0,0.9782584069845721
84.0,1.3687115056804475
85.0,1.891114821854014
86.0,2.5803078887849935
87.0,3.4767447943831327
88.0,4.62617169660041
89.0,6.078806687888036
90.0,7.887921306406539
91.0,10.107749193097467
92.0,12.790690672936542
93.0,15.983842316910556
94.0,19.724955317772714
95.0,24.03801051969325
96.0,28.92868316164618
97.0,34.38004653771785
98.0,40.34891926398545
99.0,46.76328423216935
100.0,53.52118906797579
101.0,60.49147213296101
102.0,67.51654422133764
103.0,74.41729981751091
104.0,81.00004531129201
105.0,87.06513284286322
106.0,92.41679930521231
107.0,96.87355356940216
108.0,100.27835244046923
109.0,102.50777337173334
110.0,103.4794380106995
111.0,103.15706424617001
112.0,101.55271480148946
113.0,98.72604808176729
114.0,94.78063614129876
115.0,89.85766660442064
116.0,84.12756243230291
117.0,77.78021254464409
118.0,71.01459209725905
119.0,64.0285577382466
120.0,57.009534261148
121.0,50.126677314140224
122.0,43.5249212703885
123.0,37.3211245796069
124.0,31.602329749029163
125.0,26.425981720867966
126.0,21.821812074899594
127.0,17.79500620530517
128.0,14.330228895668045
129.0,11.39608716255502
130.0,8.94964993738282
131.0,6.940711387357689
132.0,5.315566726879323
133.0,4.020155149273986
134.0,3.0025047637025546
135.0,2.2144824734112216
136.0,1.6129037101417278
137.0,1.160091609370997
138.0,0.823993492114396
139.0,0.577966848999855
140.0,0.4003406844645724
141.0,0.27384459725814264
142.0,0.1849806401277454
143.0,0.12339456467481486
144.0,0.08128556589980644
145.0,0.05287842221834483
146.0,0.033969659534498674
147.0,0.02155021221605043
148.0,0.013500801737664388
149.0,0.00835247566891723
150.0,0.005102917299958493
151.0,0.0030787150315320306
152.0,0.0018342904518485867
153.0,0.0010792308965333725
154.0,0.0006270588270203901
155.0,0.00035979063322171944
156.0,0.0002038633098605518
157.0,0.00011407118168064389
158.0,6.303190910824323e-05
159.0,3.439478770406129e-05
160.0,1.8534140733636932e-05
161.0,9.862793285366302e-06
162.0,5.18292657667341e-06
163.0,2.689662781473421e-06
164.0,1.3783777738613766e-06
165.0,6.97567664696227e-07
166.0,3.4861981779499705e-07
167.0,1.7205426925786813e-07
168.0,8.385452178218706e-08
169.0,4.0358514345451325e-08
170.0,1.9181894870004096e-08
171.0,9.003170882333549e-09
172.0,4.172987956177286e-09
173.0,1.9100574085136364e-09
174.0,8.633628575404848e-10
175.0,3.8537891779441235e-10
176.0,1.6987528400822233e-10
177.0,7.394692006062313e-11
178.0,3.1787592394440035e-11
179.0,1.349406606960847e-11
180.0,5.6568632499676915e-12
181.0,2.34183438985476e-12
182.0,9.573799538449787e-13
183.0,3.865094630657726e-13
184.0,1.5409323909157525e-13
185.0,6.06673029772242e-14
186.0,2.3587040011670146e-14
187.0,9.056071659098498e-15
188.0,3.433633268480122e-15
189.0,1.2856288726707154e-15
190.0,4.753625646665989e-16
191.0,1.7357292778816822e-16
192.0,6.258736272953268e-17
193.0,2.2286350985869757e-17
194.0,7.836803026364606e-18
195.0,2.7213634504145043e-18
196.0,9.332152247231517e-19
197.0,3.1602739721649503e-19
198.0,1.0568547521291762e-19
199.0,3.4902258116528447e-20
200.0,1.138254559552745e-20
201.0,3.665835077537929e-21
202.0,1.1658806588459768e-21
203.0,3.6617013832435326e-22
204.0,1.1356889539399094e-22
205.0,3.478432102879723e-23
206.0,1.0520958576344072e-23
207.0,3.1424960611756153e-24
208.0,9.269190857044404e-25
209.0,2.699955202232994e-25
210.0,7.766385493103213e-26
211.0,2.206119227309458e-26
212.0,6.188518124736142e-27
213.0,1.7143204505724513e-27
214.0,4.68969928920487e-28
215.0,1.2669096296920124e-28
216.0,3.3798227869311513e-29
217.0,8.90409681277854e-30
218.0,2.3165062074511588e-30
219.0,5.951476382083545e-31
220.0,1.5099536347989939e-31
221.0,3.7831203769267606e-32
222.0,9.360183447300748e-33
223.0,2.2870002471776465e-33
224.0,5.518178107841434e-34
225.0,1.3148398783028707e-34
226.0,3.0938387335065543e-35
227.0,7.18902722673477e-36
228.0,1.6496440149236187e-36
229.0,3.738160931517868e-37
230.0,8.365143664816431e-38
231.0,1.848572402158329e-38
232.0,4.0341048089027336e-39
233.0,8.693717840106358e-40
234.0,1.85016966263068e-40
235.0,3.8883488499513157e-41
236.0,8.069870001649367e-42
237.0,1.6539238394977885e-42
238.0,3.347434800350818e-43
239.0,6.690466457381022e-44
240.0,1.3205301454467953e-44
241.0,2.5738776173673926e-45
242.0,4.954218056737157e-46
243.0,9.416944128507538e-47
244.0,1.767634709430715e-47
245.0,3.2765945092492254e-48
246.0,5.997918064559236e-49
247.0,1.0842414585062538e-49
248.0,1.9355265881966875e-50
249.0,3.41208565455048e-51
250.0,5.940026183780541e-52
251.0,1.0211850428251271e-52
252.0,1.7336769780324055e-53
253.0,2.906561859398038e-54
254.0,4.8121439444223894e-55
